   5.2361784e+00  -2.0845454e+01  -1.5770903e+01  -4.7996916e+00
   5.2455048e+00  -2.0841188e+01  -1.5704961e+01  -4.9047366e+00
   5.3151579e+00  -2.0860692e+01  -1.5600710e+01  -5.0684844e+00
   5.4438927e+00  -2.0903402e+01  -1.5457961e+01  -5.2913658e+00
   5.6293515e+00  -2.0968244e+01  -1.5277082e+01  -5.5728196e+00
   5.8679815e+00  -2.1053599e+01  -1.5059054e+01  -5.9111970e+00
   6.1551871e+00  -2.1157381e+01  -1.4805425e+01  -6.3038587e+00
   6.4857074e+00  -2.1277217e+01  -1.4518157e+01  -6.7474607e+00
   6.8539905e+00  -2.1410626e+01  -1.4199469e+01  -7.2382490e+00
   7.2544343e+00  -2.1555128e+01  -1.3851725e+01  -7.7722550e+00
   7.6815355e+00  -2.1708310e+01  -1.3477360e+01  -8.3454221e+00
   8.1299953e+00  -2.1867871e+01  -1.3078821e+01  -8.9537005e+00
   8.5947952e+00  -2.2031652e+01  -1.2658525e+01  -9.5931201e+00
   9.0712493e+00  -2.2197662e+01  -1.2218823e+01  -1.0259845e+01
   9.5550390e+00  -2.2364082e+01  -1.1761973e+01  -1.0950217e+01
   1.0042233e+01  -2.2529278e+01  -1.1290119e+01  -1.1660782e+01
   1.0529296e+01  -2.2691800e+01  -1.0805282e+01  -1.2388311e+01
   1.1013088e+01  -2.2850379e+01  -1.0309344e+01  -1.3129818e+01
   1.1490856e+01  -2.3003924e+01  -9.8040483e+00  -1.3882558e+01
   1.1960221e+01  -2.3151509e+01  -9.2909929e+00  -1.4644032e+01
   1.2419160e+01  -2.3292367e+01  -8.7716349e+00  -1.5411985e+01
   1.2865986e+01  -2.3425880e+01  -8.2472916e+00  -1.6184394e+01
   1.3299321e+01  -2.3551564e+01  -7.7191461e+00  -1.6959465e+01
   1.3718077e+01  -2.3669060e+01  -7.1882527e+00  -1.7735613e+01
   1.4121425e+01  -2.3778120e+01  -6.6555446e+00  -1.8511458e+01
   1.4508775e+01  -2.3878597e+01  -6.1218421e+00  -1.9285801e+01
   1.4879744e+01  -2.3970430e+01  -5.5878602e+00  -2.0057618e+01
   1.5234140e+01  -2.4053636e+01  -5.0542183e+00  -2.0826038e+01
   1.5571929e+01  -2.4128297e+01  -4.5214483e+00  -2.1590332e+01
   1.5893220e+01  -2.4194552e+01  -3.9900036e+00  -2.2349898e+01
   1.6198242e+01  -2.4252585e+01  -3.4602677e+00  -2.3104242e+01
   1.6487321e+01  -2.4302621e+01  -2.9325623e+00  -2.3852972e+01
   1.6760867e+01  -2.4344910e+01  -2.4071553e+00  -2.4595777e+01
   1.7019355e+01  -2.4379730e+01  -1.8842681e+00  -2.5332419e+01
   1.7263307e+01  -2.4407371e+01  -1.3640827e+00  -2.6062723e+01
   1.7493287e+01  -2.4428136e+01  -8.4674826e-01  -2.6786561e+01
   1.7709879e+01  -2.4442335e+01  -3.3238658e-01  -2.7503849e+01
   1.7913685e+01  -2.4450276e+01   1.7890208e-01  -2.8214532e+01
   1.8105310e+01  -2.4452267e+01   6.8703434e-01  -2.8918583e+01
   1.8285359e+01  -2.4448611e+01   1.1919393e+00  -2.9615988e+01
   1.8454427e+01  -2.4439602e+01   1.6935548e+00  -3.0306748e+01
   1.8613093e+01  -2.4425525e+01   2.1918239e+00  -3.0990868e+01
   1.8761920e+01  -2.4406652e+01   2.6866922e+00  -3.1668354e+01
   1.8901447e+01  -2.4383243e+01   3.1781051e+00  -3.2339213e+01
   1.9032188e+01  -2.4355545e+01   3.6660060e+00  -3.3003442e+01
   1.9154630e+01  -2.4323788e+01   4.1503347e+00  -3.3661033e+01
   1.9269233e+01  -2.4288191e+01   4.6310257e+00  -3.4311968e+01
   1.9376425e+01  -2.4248955e+01   5.1080072e+00  -3.4956214e+01
   1.9476608e+01  -2.4206267e+01   5.5812008e+00  -3.5593730e+01
   1.9570152e+01  -2.4160301e+01   6.0505203e+00  -3.6224457e+01
   1.9657400e+01  -2.4111217e+01   6.5158722e+00  -3.6848325e+01
   1.9738667e+01  -2.4059161e+01   6.9771549e+00  -3.7465249e+01
   1.9814239e+01  -2.4004264e+01   7.4342590e+00  -3.8075130e+01
   1.9884379e+01  -2.3946650e+01   7.8870678e+00  -3.8677856e+01
   1.9949324e+01  -2.3886427e+01   8.3354573e+00  -3.9273301e+01
   2.0009290e+01  -2.3823694e+01   8.7792966e+00  -3.9861328e+01
   2.0064470e+01  -2.3758542e+01   9.2184489e+00  -4.0441789e+01
   2.0115037e+01  -2.3691050e+01   9.6527713e+00  -4.1014522e+01
   2.0161147e+01  -2.3621291e+01   1.0082116e+01  -4.1579360e+01
   2.0202939e+01  -2.3549329e+01   1.0506332e+01  -4.2136125e+01
   2.0240536e+01  -2.3475222e+01   1.0925262e+01  -4.2684631e+01
   2.0274048e+01  -2.3399022e+01   1.1338748e+01  -4.3224686e+01
   2.0303572e+01  -2.3320774e+01   1.1746629e+01  -4.3756094e+01
   2.0329195e+01  -2.3240521e+01   1.2148743e+01  -4.4278652e+01
   2.0350993e+01  -2.3158300e+01   1.2544926e+01  -4.4792155e+01
   2.0369035e+01  -2.3074144e+01   1.2935015e+01  -4.5296395e+01
   2.0383382e+01  -2.2988083e+01   1.3318846e+01  -4.5791163e+01
   2.0394087e+01  -2.2900145e+01   1.3696258e+01  -4.6276250e+01
   2.0401200e+01  -2.2810355e+01   1.4067091e+01  -4.6751444e+01
   2.0404763e+01  -2.2718736e+01   1.4431185e+01  -4.7216538e+01
   2.0404817e+01  -2.2625310e+01   1.4788387e+01  -4.7671322e+01
   2.0401399e+01  -2.2530096e+01   1.5138543e+01  -4.8115594e+01
   2.0394542e+01  -2.2433114e+01   1.5481506e+01  -4.8549149e+01
   2.0384278e+01  -2.2334382e+01   1.5817131e+01  -4.8971790e+01
   2.0370637e+01  -2.2233917e+01   1.6145279e+01  -4.9383322e+01
   2.0353648e+01  -2.2131736e+01   1.6465814e+01  -4.9783553e+01
   2.0333338e+01  -2.2027855e+01   1.6778608e+01  -5.0172300e+01
   2.0309735e+01  -2.1922292e+01   1.7083536e+01  -5.0549382e+01
   2.0282864e+01  -2.1815062e+01   1.7380480e+01  -5.0914623e+01
   2.0252753e+01  -2.1706180e+01   1.7669328e+01  -5.1267856e+01
   2.0219428e+01  -2.1595664e+01   1.7949973e+01  -5.1608917e+01
   2.0182915e+01  -2.1483529e+01   1.8222316e+01  -5.1937650e+01
   2.0143241e+01  -2.1369792e+01   1.8486263e+01  -5.2253905e+01
   2.0100433e+01  -2.1254467e+01   1.8741727e+01  -5.2557539e+01
   2.0054517e+01  -2.1137573e+01   1.8988628e+01  -5.2848416e+01
   2.0005522e+01  -2.1019126e+01   1.9226893e+01  -5.3126404e+01
   1.9953475e+01  -2.0899141e+01   1.9456455e+01  -5.3391382e+01
   1.9898404e+01  -2.0777636e+01   1.9677253e+01  -5.3643233e+01
   1.9840339e+01  -2.0654627e+01   1.9889236e+01  -5.3881847e+01
   1.9779307e+01  -2.0530132e+01   2.0092355e+01  -5.4107124e+01
   1.9715338e+01  -2.0404168e+01   2.0286572e+01  -5.4318966e+01
   1.9648462e+01  -2.0276751e+01   2.0471853e+01  -5.4517287e+01
   1.9578708e+01  -2.0147899e+01   2.0648172e+01  -5.4702002e+01
   1.9506106e+01  -2.0017628e+01   2.0815509e+01  -5.4873039e+01
   1.9430686e+01  -1.9885957e+01   2.0973851e+01  -5.5030328e+01
   1.9352479e+01  -1.9752902e+01   2.1123189e+01  -5.5173806e+01
   1.9271515e+01  -1.9618480e+01   2.1263523e+01  -5.5303420e+01
   1.9187824e+01  -1.9482708e+01   2.1394858e+01  -5.5419119e+01
   1.9101436e+01  -1.9345604e+01   2.1517204e+01  -5.5520861e+01
   1.9012383e+01  -1.9207185e+01   2.1630579e+01  -5.5608610e+01
   1.8920693e+01  -1.9067467e+01   2.1735006e+01  -5.5682334e+01
   1.8826399e+01  -1.8926467e+01   2.1830510e+01  -5.5742009e+01
   1.8729529e+01  -1.8784202e+01   2.1917127e+01  -5.5787616e+01
   1.8630114e+01  -1.8640689e+01   2.1994895e+01  -5.5819142e+01
   1.8528185e+01  -1.8495943e+01   2.2063856e+01  -5.5836580e+01
   1.8423770e+01  -1.8349983e+01   2.2124060e+01  -5.5839927e+01
   1.8316900e+01  -1.8202823e+01   2.2175558e+01  -5.5829186e+01
   1.8207604e+01  -1.8054480e+01   2.2218410e+01  -5.5804366e+01
   1.8095912e+01  -1.7904971e+01   2.2252675e+01  -5.5765481e+01
   1.7981853e+01  -1.7754311e+01   2.2278421e+01  -5.5712549e+01
   1.7865456e+01  -1.7602515e+01   2.2295717e+01  -5.5645593e+01
   1.7746750e+01  -1.7449600e+01   2.2304637e+01  -5.5564642e+01
   1.7625763e+01  -1.7295582e+01   2.2305257e+01  -5.5469729e+01
   1.7502526e+01  -1.7140476e+01   2.2297660e+01  -5.5360890e+01
   1.7377064e+01  -1.6984296e+01   2.2281928e+01  -5.5238167e+01
   1.7249409e+01  -1.6827060e+01   2.2258149e+01  -5.5101608e+01
   1.7119586e+01  -1.6668782e+01   2.2226412e+01  -5.4951261e+01
   1.6987625e+01  -1.6509476e+01   2.2186810e+01  -5.4787183e+01
   1.6853554e+01  -1.6349159e+01   2.2139439e+01  -5.4609430e+01
   1.6717399e+01  -1.6187846e+01   2.2084395e+01  -5.4418065e+01
   1.6579190e+01  -1.6025551e+01   2.2021779e+01  -5.4213155e+01
   1.6438954e+01  -1.5862289e+01   2.1951693e+01  -5.3994770e+01
   1.6296717e+01  -1.5698076e+01   2.1874240e+01  -5.3762982e+01
   1.6152508e+01  -1.5532926e+01   2.1789525e+01  -5.3517870e+01
   1.6006355e+01  -1.5366854e+01   2.1697656e+01  -5.3259514e+01
   1.5858283e+01  -1.5199875e+01   2.1598740e+01  -5.2987997e+01
   1.5708322e+01  -1.5032003e+01   2.1492888e+01  -5.2703406e+01
   1.5556497e+01  -1.4863253e+01   2.1380210e+01  -5.2405831e+01
   1.5402835e+01  -1.4693640e+01   2.1260817e+01  -5.2095365e+01
   1.5247365e+01  -1.4523179e+01   2.1134822e+01  -5.1772104e+01
   1.5090112e+01  -1.4351882e+01   2.1002338e+01  -5.1436146e+01
   1.4931103e+01  -1.4179766e+01   2.0863477e+01  -5.1087591e+01
   1.4770364e+01  -1.4006843e+01   2.0718354e+01  -5.0726543e+01
   1.4607923e+01  -1.3833129e+01   2.0567081e+01  -5.0353107e+01
   1.4443805e+01  -1.3658636e+01   2.0409773e+01  -4.9967389e+01
   1.4278035e+01  -1.3483379e+01   2.0246543e+01  -4.9569498e+01
   1.4110641e+01  -1.3307369e+01   2.0077503e+01  -4.9159544e+01
   1.3941645e+01  -1.3130622e+01   1.9902766e+01  -4.8737638e+01
   1.3771074e+01  -1.2953148e+01   1.9722443e+01  -4.8303893e+01
   1.3598952e+01  -1.2774960e+01   1.9536645e+01  -4.7858420e+01
   1.3425302e+01  -1.2596069e+01   1.9345480e+01  -4.7401333e+01
   1.3250148e+01  -1.2416487e+01   1.9149057e+01  -4.6932744e+01
   1.3073511e+01  -1.2236224e+01   1.8947482e+01  -4.6452766e+01
   1.2895414e+01  -1.2055289e+01   1.8740859e+01  -4.5961510e+01
   1.2715876e+01  -1.1873691e+01   1.8529292e+01  -4.5459086e+01
   1.2534919e+01  -1.1691439e+01   1.8312879e+01  -4.4945604e+01
   1.2352560e+01  -1.1508538e+01   1.8091720e+01  -4.4421170e+01
   1.2168817e+01  -1.1324996e+01   1.7865910e+01  -4.3885888e+01
   1.1983705e+01  -1.1140815e+01   1.7635541e+01  -4.3339859e+01
   1.1797241e+01  -1.0956001e+01   1.7400702e+01  -4.2783183e+01
   1.1609436e+01  -1.0770554e+01   1.7161481e+01  -4.2215953e+01
   1.1420304e+01  -1.0584475e+01   1.6917959e+01  -4.1638260e+01
   1.1229853e+01  -1.0397764e+01   1.6670218e+01  -4.1050190e+01
   1.1038092e+01  -1.0210417e+01   1.6418332e+01  -4.0451825e+01
   1.0845028e+01  -1.0022431e+01   1.6162373e+01  -3.9843241e+01
   1.0650665e+01  -9.8337991e+00   1.5902410e+01  -3.9224511e+01
   1.0455005e+01  -9.6445141e+00   1.5638508e+01  -3.8595702e+01
   1.0258052e+01  -9.4545668e+00   1.5370726e+01  -3.7956874e+01
   1.0059802e+01  -9.2639460e+00   1.5099121e+01  -3.7308086e+01
   9.8602539e+00  -9.0726394e+00   1.4823748e+01  -3.6649390e+01
   9.6594037e+00  -8.8806331e+00   1.4544655e+01  -3.5980835e+01
   9.4572457e+00  -8.6879116e+00   1.4261888e+01  -3.5302466e+01
   9.2537734e+00  -8.4944589e+00   1.3975493e+01  -3.4614328e+01
   9.0489794e+00  -8.3002577e+00   1.3685509e+01  -3.3916462e+01
   8.8428558e+00  -8.1052906e+00   1.3391978e+01  -3.3208912e+01
   8.6353948e+00  -7.9095401e+00   1.3094938e+01  -3.2491723e+01
   8.4265890e+00  -7.7129890e+00   1.2794427e+01  -3.1764946e+01
   8.2164325e+00  -7.5156214e+00   1.2490486e+01  -3.1028637e+01
   8.0049212e+00  -7.3174230e+00   1.2183156e+01  -3.0282864e+01
   7.7920539e+00  -7.1183822e+00   1.1872483e+01  -2.9527708e+01
   7.5778332e+00  -6.9184906e+00   1.1558519e+01  -2.8763268e+01
   7.3622668e+00  -6.7177445e+00   1.1241319e+01  -2.7989663e+01
   7.1453686e+00  -6.5161456e+00   1.0920951e+01  -2.7207040e+01
   6.9271598e+00  -6.3137024e+00   1.0597491e+01  -2.6415578e+01
   6.7076711e+00  -6.1104317e+00   1.0271030e+01  -2.5615493e+01
   6.4869438e+00  -5.9063600e+00   9.9416759e+00  -2.4807047e+01
   6.2650316e+00  -5.7015248e+00   9.6095524e+00  -2.3990551e+01
   6.0420031e+00  -5.4959771e+00   9.2748070e+00  -2.3166378e+01
   5.8179429e+00  -5.2897826e+00   8.9376117e+00  -2.2334964e+01
   5.5929547e+00  -5.0830236e+00   8.5981667e+00  -2.1496824e+01
   5.3671630e+00  -4.8758017e+00   8.2567041e+00  -2.0652553e+01
   5.1407155e+00  -4.6682393e+00   7.9134913e+00  -1.9802840e+01
   4.9137856e+00  -4.4604818e+00   7.5688351e+00  -1.8948479e+01
   4.6865748e+00  -4.2527002e+00   7.2230848e+00  -1.8090370e+01
   4.4593148e+00  -4.0450929e+00   6.8766365e+00  -1.7229538e+01
   4.2322702e+00  -3.8378877e+00   6.5299363e+00  -1.6367134e+01
   4.0057407e+00  -3.6313443e+00   6.1834840e+00  -1.5504447e+01
   3.7800625e+00  -3.4257555e+00   5.8378358e+00  -1.4642913e+01
   3.5556108e+00  -3.2214494e+00   5.4936076e+00  -1.3784119e+01
   3.3328011e+00  -3.0187903e+00   5.1514766e+00  -1.2929807e+01
   3.1120897e+00  -2.8181799e+00   4.8121834e+00  -1.2081884e+01
   2.8939750e+00  -2.6200576e+00   4.4765325e+00  -1.1242416e+01
   2.6789968e+00  -2.4249007e+00   4.1453922e+00  -1.0413633e+01
   2.4677357e+00  -2.2332235e+00   3.8196933e+00  -9.5979224e+00
   2.2608116e+00  -2.0455758e+00   3.5004263e+00  -8.7978240e+00
   2.0588804e+00  -1.8625404e+00   3.1886371e+00  -8.0160165e+00
   1.8626308e+00  -1.6847298e+00   2.8854212e+00  -7.2553037e+00
   1.6727788e+00  -1.5127815e+00   2.5919152e+00  -6.5185930e+00
   1.4900608e+00  -1.3473519e+00   2.3092869e+00  -5.8088694e+00
   1.3152258e+00  -1.1891091e+00   2.0387216e+00  -5.1291622e+00
   1.1490250e+00  -1.0387235e+00   1.7814072e+00  -4.4825047e+00
   9.9219945e-01  -8.9685694e-01   1.5385146e+00  -3.8718865e+00
   8.4546604e-01  -7.6414973e-01   1.3111753e+00  -3.3001968e+00
   7.0950062e-01  -6.4120575e-01   1.1004561e+00  -2.7701585e+00
   5.8491875e-01  -5.2857493e-01   9.0732843e-01  -2.2842529e+00
