   5.1230339e-01  -3.3083105e-01   2.1341920e-01  -5.6419537e-01
   1.3056670e+00  -7.6076740e-01   2.2054668e-01  -6.4481254e-01
   2.1143691e+00  -1.1990523e+00   2.2780472e-01  -7.2701415e-01
   2.9363890e+00  -1.6445995e+00   2.3517357e-01  -8.1060143e-01
   3.7698038e+00  -2.0963761e+00   2.4263421e-01  -8.9538610e-01
   4.6127978e+00  -2.5534083e+00   2.5016844e-01  -9.8119122e-01
   5.4636683e+00  -3.0147837e+00   2.5775896e-01  -1.0678518e+00
   6.3208286e+00  -3.4796537e+00   2.6538939e-01  -1.1552150e+00
   7.1828102e+00  -3.9472339e+00   2.7304429e-01  -1.2431404e+00
   8.0482610e+00  -4.4168038e+00   2.8070918e-01  -1.3314999e+00
   8.9159438e+00  -4.8877051e+00   2.8837054e-01  -1.4201771e+00
   9.7847325e+00  -5.3593403e+00   2.9601572e-01  -1.5090672e+00
   1.0653607e+01  -5.8311697e+00   3.0363299e-01  -1.5980767e+00
   1.1521650e+01  -6.3027087e+00   3.1121146e-01  -1.6871223e+00
   1.2388037e+01  -6.7735246e+00   3.1874103e-01  -1.7761306e+00
   1.3252034e+01  -7.2432327e+00   3.2621233e-01  -1.8650375e+00
   1.4112989e+01  -7.7114931e+00   3.3361673e-01  -1.9537871e+00
   1.4970325e+01  -8.1780070e+00   3.4094620e-01  -2.0423315e+00
   1.5823534e+01  -8.6425127e+00   3.4819331e-01  -2.1306297e+00
   1.6672171e+01  -9.1047824e+00   3.5535116e-01  -2.2186471e+00
   1.7515846e+01  -9.5646183e+00   3.6241334e-01  -2.3063550e+00
   1.8354219e+01  -1.0021850e+01   3.6937384e-01  -2.3937293e+00
   1.9186995e+01  -1.0476330e+01   3.7622705e-01  -2.4807507e+00
   2.0013915e+01  -1.0927931e+01   3.8296769e-01  -2.5674036e+00
   2.0834754e+01  -1.1376546e+01   3.8959075e-01  -2.6536758e+00
   2.1649316e+01  -1.1822080e+01   3.9609148e-01  -2.7395579e+00
   2.2457430e+01  -1.2264453e+01   4.0246534e-01  -2.8250428e+00
   2.3258941e+01  -1.2703594e+01   4.0870793e-01  -2.9101253e+00
   2.4053716e+01  -1.3139443e+01   4.1481504e-01  -2.9948019e+00
   2.4841629e+01  -1.3571943e+01   4.2078253e-01  -3.0790703e+00
   2.5622568e+01  -1.4001045e+01   4.2660638e-01  -3.1629290e+00
   2.6396427e+01  -1.4426704e+01   4.3228260e-01  -3.2463772e+00
   2.7163106e+01  -1.4848876e+01   4.3780726e-01  -3.3294147e+00
   2.7922509e+01  -1.5267520e+01   4.4317646e-01  -3.4120413e+00
   2.8674540e+01  -1.5682594e+01   4.4838630e-01  -3.4942569e+00
   2.9419105e+01  -1.6094058e+01   4.5343289e-01  -3.5760614e+00
   3.0156108e+01  -1.6501869e+01   4.5831231e-01  -3.6574545e+00
   3.0885452e+01  -1.6905985e+01   4.6302064e-01  -3.7384353e+00
   3.1607037e+01  -1.7306360e+01   4.6755390e-01  -3.8190029e+00
   3.2320762e+01  -1.7702949e+01   4.7190810e-01  -3.8991557e+00
   3.3026519e+01  -1.8095701e+01   4.7607921e-01  -3.9788918e+00
   3.3724201e+01  -1.8484567e+01   4.8006313e-01  -4.0582086e+00
   3.4413694e+01  -1.8869492e+01   4.8385575e-01  -4.1371030e+00
   3.5094882e+01  -1.9250420e+01   4.8745290e-01  -4.2155716e+00
   3.5767643e+01  -1.9627294e+01   4.9085035e-01  -4.2936102e+00
   3.6431855e+01  -2.0000053e+01   4.9404383e-01  -4.3712141e+00
   3.7087389e+01  -2.0368634e+01   4.9702905e-01  -4.4483781e+00
   3.7734117e+01  -2.0732973e+01   4.9980163e-01  -4.5250967e+00
   3.8371904e+01  -2.1093002e+01   5.0235718e-01  -4.6013637e+00
   3.9000615e+01  -2.1448654e+01   5.0469126e-01  -4.6771726e+00
   3.9620113e+01  -2.1799858e+01   5.0679938e-01  -4.7525164e+00
   4.0230259e+01  -2.2146542e+01   5.0867702e-01  -4.8273878e+00
   4.0830910e+01  -2.2488636e+01   5.1031963e-01  -4.9017791e+00
   4.1421926e+01  -2.2826064e+01   5.1172262e-01  -4.9756822e+00
   4.2003163e+01  -2.3158752e+01   5.1288137e-01  -5.0490889e+00
   4.2574478e+01  -2.3486626e+01   5.1379122e-01  -5.1219906e+00
   4.3135729e+01  -2.3809609e+01   5.1444749e-01  -5.1943785e+00
   4.3686771e+01  -2.4127626e+01   5.1484549e-01  -5.2662437e+00
   4.4227463e+01  -2.4440601e+01   5.1498048e-01  -5.3375769e+00
   4.4757662e+01  -2.4748458e+01   5.1484771e-01  -5.4083688e+00
   4.5277229e+01  -2.5051121e+01   5.1444240e-01  -5.4786100e+00
   4.5786024e+01  -2.5348515e+01   5.1375976e-01  -5.5482908e+00
   4.6283909e+01  -2.5640565e+01   5.1279499e-01  -5.6174015e+00
   4.6770749e+01  -2.5927196e+01   5.1154323e-01  -5.6859325e+00
   4.7246410e+01  -2.6208335e+01   5.0999966e-01  -5.7538738e+00
   4.7710761e+01  -2.6483908e+01   5.0815939e-01  -5.8212156e+00
   4.8163672e+01  -2.6753844e+01   5.0601755e-01  -5.8879478e+00
   4.8605018e+01  -2.7018072e+01   5.0356924e-01  -5.9540606e+00
   4.9034673e+01  -2.7276521e+01   5.0080954e-01  -6.0195439e+00
   4.9452518e+01  -2.7529123e+01   4.9773350e-01  -6.0843877e+00
   4.9858435e+01  -2.7775811e+01   4.9433619e-01  -6.1485820e+00
   5.0252308e+01  -2.8016518e+01   4.9061264e-01  -6.2121166e+00
   5.0634026e+01  -2.8251179e+01   4.8655784e-01  -6.2749815e+00
   5.1003480e+01  -2.8479730e+01   4.8216681e-01  -6.3371667e+00
   5.1360566e+01  -2.8702111e+01   4.7743450e-01  -6.3986620e+00
   5.1705181e+01  -2.8918260e+01   4.7235587e-01  -6.4594573e+00
   5.2037228e+01  -2.9128119e+01   4.6692586e-01  -6.5195425e+00
   5.2356612e+01  -2.9331630e+01   4.6113936e-01  -6.5789075e+00
   5.2663242e+01  -2.9528738e+01   4.5499125e-01  -6.6375422e+00
   5.2957030e+01  -2.9719389e+01   4.4847640e-01  -6.6954363e+00
   5.3237894e+01  -2.9903531e+01   4.4158963e-01  -6.7525797e+00
   5.3505752e+01  -3.0081113e+01   4.3432574e-01  -6.8089623e+00
   5.3760529e+01  -3.0252088e+01   4.2667950e-01  -6.8645737e+00
   5.4002153e+01  -3.0416408e+01   4.1864564e-01  -6.9194037e+00
   5.4230554e+01  -3.0574029e+01   4.1021887e-01  -6.9734420e+00
   5.4445669e+01  -3.0724909e+01   4.0139385e-01  -7.0266783e+00
   5.4647436e+01  -3.0869005e+01   3.9216522e-01  -7.0791022e+00
   5.4835799e+01  -3.1006281e+01   3.8252757e-01  -7.1307033e+00
   5.5010704e+01  -3.1136698e+01   3.7247545e-01  -7.1814710e+00
   5.5172103e+01  -3.1260222e+01   3.6200338e-01  -7.2313949e+00
   5.5319951e+01  -3.1376820e+01   3.5110583e-01  -7.2804643e+00
   5.5454206e+01  -3.1486463e+01   3.3977724e-01  -7.3286686e+00
   5.5574832e+01  -3.1589121e+01   3.2801198e-01  -7.3759971e+00
   5.5681795e+01  -3.1684768e+01   3.1580440e-01  -7.4224389e+00
   5.5775067e+01  -3.1773381e+01   3.0314881e-01  -7.4679832e+00
   5.5854622e+01  -3.1854938e+01   2.9003946e-01  -7.5126190e+00
   5.5920440e+01  -3.1929418e+01   2.7647056e-01  -7.5563354e+00
   5.5972505e+01  -3.1996806e+01   2.6243629e-01  -7.5991212e+00
   5.6010803e+01  -3.2057085e+01   2.4793077e-01  -7.6409652e+00
   5.6035325e+01  -3.2110244e+01   2.3294811e-01  -7.6818564e+00
   5.6046068e+01  -3.2156272e+01   2.1748235e-01  -7.7217833e+00
   5.6043032e+01  -3.2195162e+01   2.0152752e-01  -7.7607346e+00
   5.6026220e+01  -3.2226907e+01   1.8507761e-01  -7.7986989e+00
   5.5995640e+01  -3.2251505e+01   1.6812660e-01  -7.8356647e+00
   5.5951304e+01  -3.2268956e+01   1.5066842e-01  -7.8716205e+00
   5.5893229e+01  -3.2279261e+01   1.3269700e-01  -7.9065548e+00
   5.5821435e+01  -3.2282425e+01   1.1420627e-01  -7.9404559e+00
   5.5735948e+01  -3.2278453e+01   9.5190148e-02  -7.9733123e+00
   5.5636796e+01  -3.2267357e+01   7.5642546e-02  -8.0051124e+00
   5.5524012e+01  -3.2249147e+01   5.5557400e-02  -8.0358445e+00
   5.5397633e+01  -3.2223838e+01   3.4928664e-02  -8.0654971e+00
   5.5257701e+01  -3.2191447e+01   1.3750319e-02  -8.0940586e+00
   5.5104262e+01  -3.2151993e+01  -7.9836153e-03  -8.1215177e+00
   5.4937366e+01  -3.2105498e+01  -3.0279072e-02  -8.1478628e+00
   5.4757065e+01  -3.2051987e+01  -5.3141928e-02  -8.1730827e+00
   5.4563419e+01  -3.1991485e+01  -7.6577994e-02  -8.1971662e+00
   5.4356490e+01  -3.1924024e+01  -1.0059301e-01  -8.2201021e+00
   5.4136343e+01  -3.1849634e+01  -1.2519262e-01  -8.2418795e+00
   5.3903048e+01  -3.1768350e+01  -1.5038240e-01  -8.2624876e+00
   5.3656680e+01  -3.1680208e+01  -1.7616782e-01  -8.2819158e+00
   5.3397316e+01  -3.1585248e+01  -2.0255424e-01  -8.3001536e+00
   5.3125038e+01  -3.1483512e+01  -2.2954695e-01  -8.3171907e+00
   5.2839932e+01  -3.1375042e+01  -2.5715110e-01  -8.3330171e+00
   5.2542085e+01  -3.1259885e+01  -2.8537177e-01  -8.3476228e+00
   5.2231591e+01  -3.1138089e+01  -3.1421396e-01  -8.3609981e+00
   5.1908545e+01  -3.1009704e+01  -3.4368258e-01  -8.3731334e+00
   5.1573045e+01  -3.0874783e+01  -3.7378249e-01  -8.3840192e+00
   5.1225193e+01  -3.0733380e+01  -4.0451853e-01  -8.3936461e+00
   5.0865094e+01  -3.0585550e+01  -4.3589552e-01  -8.4020048e+00
   5.0492854e+01  -3.0431352e+01  -4.6791834e-01  -8.4090859e+00
   5.0108583e+01  -3.0270845e+01  -5.0059197e-01  -8.4148798e+00
   4.9712392e+01  -3.0104089e+01  -5.3392152e-01  -8.4193770e+00
   4.9304394e+01  -2.9931148e+01  -5.6791232e-01  -8.4225673e+00
   4.8884704e+01  -2.9752084e+01  -6.0257004e-01  -8.4244402e+00
   4.8453437e+01  -2.9566961e+01  -6.3790070e-01  -8.4249847e+00
   4.8010709e+01  -2.9375845e+01  -6.7391086e-01  -8.4241888e+00
   4.7556637e+01  -2.9178802e+01  -7.1060770e-01  -8.4220395e+00
   4.7091338e+01  -2.8975897e+01  -7.4799919e-01  -8.4185226e+00
   4.6614927e+01  -2.8767198e+01  -7.8609422e-01  -8.4136222e+00
   4.6127521e+01  -2.8552771e+01  -8.2490278e-01  -8.4073207e+00
   4.5629232e+01  -2.8332682e+01  -8.6443618e-01  -8.3995982e+00
   4.5120172e+01  -2.8106996e+01  -9.0470723e-01  -8.3904322e+00
   4.4600452e+01  -2.7875780e+01  -9.4573050e-01  -8.3797972e+00
   4.4070179e+01  -2.7639098e+01  -9.8752253e-01  -8.3676643e+00
   4.3529455e+01  -2.7397012e+01  -1.0301021e+00  -8.3540006e+00
   4.2978381e+01  -2.7149586e+01  -1.0734907e+00  -8.3387687e+00
   4.2417052e+01  -2.6896878e+01  -1.1177124e+00  -8.3219263e+00
   4.1845561e+01  -2.6638949e+01  -1.1627946e+00  -8.3034253e+00
   4.1263994e+01  -2.6375855e+01  -1.2087681e+00  -8.2832116e+00
   4.0672433e+01  -2.6107651e+01  -1.2556677e+00  -8.2612241e+00
   4.0070954e+01  -2.5834391e+01  -1.3035321e+00  -8.2373941e+00
   3.9459629e+01  -2.5556125e+01  -1.3524047e+00  -8.2116449e+00
   3.8838524e+01  -2.5272903e+01  -1.4023336e+00  -8.1838908e+00
   3.8207701e+01  -2.4984771e+01  -1.4533720e+00  -8.1540369e+00
   3.7567217e+01  -2.4691775e+01  -1.5055788e+00  -8.1219779e+00
   3.6917124e+01  -2.4393958e+01  -1.5590183e+00  -8.0875979e+00
   3.6257473e+01  -2.4091364e+01  -1.6137611e+00  -8.0507698e+00
   3.5588312e+01  -2.3784035e+01  -1.6698835e+00  -8.0113549e+00
   3.4909689e+01  -2.3472013e+01  -1.7274684e+00  -7.9692021e+00
   3.4221651e+01  -2.3155341e+01  -1.7866049e+00  -7.9241485e+00
   3.3524250e+01  -2.2834062e+01  -1.8473885e+00  -7.8760184e+00
   3.2817544e+01  -2.2508225e+01  -1.9099205e+00  -7.8246240e+00
   3.2101596e+01  -2.2177880e+01  -1.9743085e+00  -7.7697652e+00
   3.1376483e+01  -2.1843084e+01  -2.0406651e+00  -7.7112307e+00
   3.0642296e+01  -2.1503901e+01  -2.1091082e+00  -7.6487980e+00
   2.9899146e+01  -2.1160401e+01  -2.1797597e+00  -7.5822352e+00
   2.9147168e+01  -2.0812670e+01  -2.2527445e+00  -7.5113021e+00
   2.8386523e+01  -2.0460803e+01  -2.3281899e+00  -7.4357519e+00
   2.7617410e+01  -2.0104914e+01  -2.4062237e+00  -7.3553336e+00
   2.6840068e+01  -1.9745132e+01  -2.4869726e+00  -7.2697947e+00
   2.6054784e+01  -1.9381611e+01  -2.5705604e+00  -7.1788845e+00
   2.5261898e+01  -1.9014528e+01  -2.6571057e+00  -7.0823577e+00
   2.4461815e+01  -1.8644091e+01  -2.7467190e+00  -6.9799786e+00
   2.3655011e+01  -1.8270536e+01  -2.8395006e+00  -6.8715264e+00
   2.2842039e+01  -1.7894137e+01  -2.9355363e+00  -6.7568007e+00
   2.2023542e+01  -1.7515209e+01  -3.0348946e+00  -6.6356274e+00
   2.1200262e+01  -1.7134110e+01  -3.1376223e+00  -6.5078662e+00
   2.0373046e+01  -1.6751245e+01  -3.2437404e+00  -6.3734177e+00
   1.9542858e+01  -1.6367072e+01  -3.3532390e+00  -6.2322322e+00
   1.8710787e+01  -1.5982104e+01  -3.4660731e+00  -6.0843181e+00
   1.7878054e+01  -1.5596916e+01  -3.5821563e+00  -5.9297518e+00
   1.7046023e+01  -1.5212144e+01  -3.7013560e+00  -5.7686876e+00
   1.6216209e+01  -1.4828491e+01  -3.8234874e+00  -5.6013685e+00
   1.5390277e+01  -1.4446729e+01  -3.9483076e+00  -5.4281368e+00
   1.4570054e+01  -1.4067699e+01  -4.0755096e+00  -5.2494452e+00
   1.3757528e+01  -1.3692317e+01  -4.2047166e+00  -5.0658682e+00
   1.2954848e+01  -1.3321566e+01  -4.3354762e+00  -4.8781127e+00
   1.2164321e+01  -1.2956501e+01  -4.4672553e+00  -4.6870285e+00
   1.1388409e+01  -1.2598244e+01  -4.5994351e+00  -4.4936178e+00
   1.0629714e+01  -1.2247978e+01  -4.7313075e+00  -4.2990438e+00
   9.8909699e+00  -1.1906942e+01  -4.8620717e+00  -4.1046375e+00
   9.1750176e+00  -1.1576421e+01  -4.9908330e+00  -3.9119019e+00
   8.4847831e+00  -1.1257735e+01  -5.1166027e+00  -3.7225140e+00
   7.8232449e+00  -1.0952223e+01  -5.2383002e+00  -3.5383226e+00
   7.1933953e+00  -1.0661228e+01  -5.3547582e+00  -3.3613422e+00
   6.5981929e+00  -1.0386072e+01  -5.4647303e+00  -3.1937403e+00
   6.0405073e+00  -1.0128032e+01  -5.5669035e+00  -3.0378183e+00
   5.5230520e+00  -9.8883090e+00  -5.6599151e+00  -2.8959831e+00
   5.0483064e+00  -9.6679942e+00  -5.7423763e+00  -2.7707059e+00
   4.6184231e+00  -9.4680231e+00  -5.8129050e+00  -2.6644655e+00
