   3.2249226e+00   1.6585714e+01   1.9603865e+01  -2.6709902e+00
   3.1165810e+00   1.6657105e+01   1.9623954e+01  -2.7216622e+00
   3.0515629e+00   1.6700479e+01   1.9663721e+01  -2.8164930e+00
   3.0312592e+00   1.6715096e+01   1.9722782e+01  -2.9550954e+00
   3.0565119e+00   1.6700496e+01   1.9800510e+01  -3.1365973e+00
   3.1275729e+00   1.6656521e+01   1.9896026e+01  -3.3596142e+00
   3.2441439e+00   1.6583289e+01   2.0008222e+01  -3.6222914e+00
   3.4054685e+00   1.6481154e+01   2.0135804e+01  -3.9223909e+00
   3.6104281e+00   1.6350652e+01   2.0277343e+01  -4.2573794e+00
   3.8576269e+00   1.6192463e+01   2.0431313e+01  -4.6245082e+00
   4.1454676e+00   1.6007368e+01   2.0596123e+01  -5.0208817e+00
   4.4722159e+00   1.5796221e+01   2.0770155e+01  -5.4435179e+00
   4.8360569e+00   1.5559917e+01   2.0951783e+01  -5.8893997e+00
   5.2351430e+00   1.5299368e+01   2.1139400e+01  -6.3555191e+00
   5.6676337e+00   1.5015484e+01   2.1331434e+01  -6.8389132e+00
   6.1317282e+00   1.4709158e+01   2.1526362e+01  -7.3366946e+00
   6.6256920e+00   1.4381248e+01   2.1722723e+01  -7.8460751e+00
   7.1478774e+00   1.4032570e+01   2.1919126e+01  -8.3643848e+00
   7.6967388e+00   1.3663891e+01   2.2114256e+01  -8.8890857e+00
   8.2708435e+00   1.3275919e+01   2.2306881e+01  -9.4177817e+00
   8.8688789e+00   1.2869306e+01   2.2495850e+01  -9.9482248e+00
   9.4896550e+00   1.2444641e+01   2.2680100e+01  -1.0478318e+01
   1.0132105e+01   1.2002455e+01   2.2858646e+01  -1.1006117e+01
   1.0795285e+01   1.1543218e+01   2.3030592e+01  -1.1529827e+01
   1.1478366e+01   1.1067343e+01   2.3195116e+01  -1.2047797e+01
   1.2180630e+01   1.0575193e+01   2.3351477e+01  -1.2558521e+01
   1.2901463e+01   1.0067079e+01   2.3499005e+01  -1.3060627e+01
   1.3640346e+01   9.5432708e+00   2.3637098e+01  -1.3552867e+01
   1.4396846e+01   9.0039983e+00   2.3765220e+01  -1.4034119e+01
   1.5170604e+01   8.4494594e+00   2.3882896e+01  -1.4503368e+01
   1.5961329e+01   7.8798251e+00   2.3989703e+01  -1.4959705e+01
   1.6768782e+01   7.2952457e+00   2.4085271e+01  -1.5402314e+01
   1.7592771e+01   6.6958570e+00   2.4169275e+01  -1.5830467e+01
   1.8433139e+01   6.0817860e+00   2.4241433e+01  -1.6243513e+01
   1.9289750e+01   5.4531575e+00   2.4301500e+01  -1.6640871e+01
   2.0162488e+01   4.8100993e+00   2.4349263e+01  -1.7022025e+01
   2.1051237e+01   4.1527482e+00   2.4384540e+01  -1.7386511e+01
   2.1955883e+01   3.4812552e+00   2.4407176e+01  -1.7733915e+01
   2.2876296e+01   2.7957905e+00   2.4417036e+01  -1.8063866e+01
   2.3812329e+01   2.0965486e+00   2.4414009e+01  -1.8376028e+01
   2.4763810e+01   1.3837524e+00   2.4397997e+01  -1.8670097e+01
   2.5730531e+01   6.5765762e-01   2.4368918e+01  -1.8945795e+01
   2.6712249e+01  -8.1443830e-02   2.4326704e+01  -1.9202866e+01
   2.7708675e+01  -8.3322029e-01   2.4271295e+01  -1.9441071e+01
   2.8719471e+01  -1.5972975e+00   2.4202643e+01  -1.9660188e+01
   2.9744250e+01  -2.3732560e+00   2.4120703e+01  -1.9860005e+01
   3.0782565e+01  -3.1606294e+00   2.4025440e+01  -2.0040320e+01
   3.1833915e+01  -3.9589020e+00   2.3916821e+01  -2.0200937e+01
   3.2897735e+01  -4.7675085e+00   2.3794821e+01  -2.0341669e+01
   3.3973400e+01  -5.5858326e+00   2.3659414e+01  -2.0462329e+01
   3.5060222e+01  -6.4132067e+00   2.3510581e+01  -2.0562738e+01
   3.6157448e+01  -7.2489123e+00   2.3348303e+01  -2.0642717e+01
   3.7264263e+01  -8.0921807e+00   2.3172565e+01  -2.0702091e+01
   3.8379791e+01  -8.9421933e+00   2.2983357e+01  -2.0740689e+01
   3.9503091e+01  -9.7980841e+00   2.2780667e+01  -2.0758342e+01
   4.0633164e+01  -1.0658941e+01   2.2564492e+01  -2.0754887e+01
   4.1768953e+01  -1.1523807e+01   2.2334828e+01  -2.0730168e+01
   4.2909347e+01  -1.2391687e+01   2.2091680e+01  -2.0684034e+01
   4.4053179e+01  -1.3261546e+01   2.1835056e+01  -2.0616345e+01
   4.5199236e+01  -1.4132314e+01   2.1564971e+01  -2.0526973e+01
   4.6346257e+01  -1.5002895e+01   2.1281449e+01  -2.0415804e+01
   4.7492940e+01  -1.5872162e+01   2.0984524e+01  -2.0282744e+01
   4.8637943e+01  -1.6738970e+01   2.0674238e+01  -2.0127717e+01
   4.9779893e+01  -1.7602158e+01   2.0350650e+01  -1.9950675e+01
   5.0917386e+01  -1.8460553e+01   2.0013831e+01  -1.9751599e+01
   5.2048994e+01  -1.9312977e+01   1.9663870e+01  -1.9530506e+01
   5.3173269e+01  -2.0158253e+01   1.9300879e+01  -1.9287453e+01
   5.4288746e+01  -2.0995209e+01   1.8924988e+01  -1.9022543e+01
   5.5393953e+01  -2.1822687e+01   1.8536358e+01  -1.8735933e+01
   5.6487411e+01  -2.2639547e+01   1.8135176e+01  -1.8427839e+01
   5.7567640e+01  -2.3444675e+01   1.7721663e+01  -1.8098547e+01
   5.8633164e+01  -2.4236986e+01   1.7296078e+01  -1.7748415e+01
   5.9682519e+01  -2.5015437e+01   1.6858720e+01  -1.7377890e+01
   6.0714250e+01  -2.5779025e+01   1.6409934e+01  -1.6987509e+01
   6.1726924e+01  -2.6526799e+01   1.5950116e+01  -1.6577914e+01
   6.2719128e+01  -2.7257866e+01   1.5479714e+01  -1.6149858e+01
   6.3689477e+01  -2.7971392e+01   1.4999241e+01  -1.5704218e+01
   6.4636614e+01  -2.8666613e+01   1.4509270e+01  -1.5242005e+01
   6.5559218e+01  -2.9342839e+01   1.4010446e+01  -1.4764370e+01
   6.6456004e+01  -2.9999456e+01   1.3503490e+01  -1.4272620e+01
   6.7325728e+01  -3.0635934e+01   1.2989201e+01  -1.3768223e+01
   6.8167190e+01  -3.1251829e+01   1.2468463e+01  -1.3252821e+01
   6.8979236e+01  -3.1846788e+01   1.1942249e+01  -1.2728234e+01
   6.9760758e+01  -3.2420551e+01   1.1411624e+01  -1.2196471e+01
   7.0510702e+01  -3.2972954e+01   1.0877747e+01  -1.1659733e+01
   7.1228066e+01  -3.3503928e+01   1.0341875e+01  -1.1120418e+01
   7.1911900e+01  -3.4013503e+01   9.8053639e+00  -1.0581123e+01
   7.2561313e+01  -3.4501805e+01   9.2696650e+00  -1.0044643e+01
   7.3175469e+01  -3.4969056e+01   8.7363270e+00  -9.5139656e+00
   7.3753590e+01  -3.5415570e+01   8.2069895e+00  -8.9922623e+00
   7.4294958e+01  -3.5841751e+01   7.6833782e+00  -8.4828785e+00
   7.4798916e+01  -3.6248087e+01   7.1672958e+00  -7.9893143e+00
   7.5264865e+01  -3.6635144e+01   6.6606109e+00  -7.5152019e+00
   7.5692269e+01  -3.7003555e+01   6.1652436e+00  -7.0642758e+00
   7.6080651e+01  -3.7354013e+01   5.6831470e+00  -6.6403365e+00
   7.6429598e+01  -3.7687261e+01   5.2162857e+00  -6.2472058e+00
   7.6738756e+01  -3.8004072e+01   4.7666092e+00  -5.8886737e+00
   7.7007833e+01  -3.8305240e+01   4.3360207e+00  -5.5684360e+00
   7.7236600e+01  -3.8591558e+01   3.9263414e+00  -5.2900213e+00
   7.7424886e+01  -3.8863801e+01   3.5392684e+00  -5.0567077e+00
   7.7572582e+01  -3.9122702e+01   3.1763277e+00  -4.8714274e+00
   7.7679640e+01  -3.9368924e+01   2.8388203e+00  -4.7366595e+00
   7.7746069e+01  -3.9603040e+01   2.5277620e+00  -4.6543095e+00
   7.7771937e+01  -3.9825497e+01   2.2438175e+00  -4.6255764e+00
   7.7757369e+01  -4.0036591e+01   1.9872365e+00  -4.6508267e+00
   7.7702546e+01  -4.0236454e+01   1.7578266e+00  -4.7295390e+00
   7.7607703e+01  -4.0425062e+01   1.5549807e+00  -4.8603601e+00
   7.7473129e+01  -4.0602261e+01   1.3777403e+00  -5.0412323e+00
   7.7299163e+01  -4.0767796e+01   1.2248621e+00  -5.2695266e+00
   7.7086197e+01  -4.0921332e+01   1.0948783e+00  -5.5421646e+00
   7.6834671e+01  -4.1062478e+01   9.8614963e-01  -5.8557261e+00
   7.6545072e+01  -4.1190807e+01   8.9691367e-01  -6.2065453e+00
   7.6217938e+01  -4.1305874e+01   8.2532599e-01  -6.5907952e+00
   7.5853849e+01  -4.1407229e+01   7.6949659e-01  -7.0045610e+00
   7.5453431e+01  -4.1494437e+01   7.2752101e-01  -7.4439030e+00
   7.5017355e+01  -4.1567080e+01   6.9750674e-01  -7.9049111e+00
   7.4546331e+01  -4.1624774e+01   6.7759536e-01  -8.3837491e+00
   7.4041112e+01  -4.1667177e+01   6.6598070e-01  -8.8766923e+00
   7.3502488e+01  -4.1693990e+01   6.6092351e-01  -9.3801574e+00
   7.2931287e+01  -4.1704967e+01   6.6076290e-01  -9.8907258e+00
   7.2328372e+01  -4.1699917e+01   6.6392504e-01  -1.0405162e+01
   7.1694641e+01  -4.1678708e+01   6.6892931e-01  -1.0920425e+01
   7.1031021e+01  -4.1641264e+01   6.7439232e-01  -1.1433679e+01
   7.0338471e+01  -4.1587572e+01   6.7903012e-01  -1.1942296e+01
   6.9617975e+01  -4.1517677e+01   6.8165874e-01  -1.2443857e+01
   6.8870544e+01  -4.1431682e+01   6.8119349e-01  -1.2936152e+01
   6.8097212e+01  -4.1329746e+01   6.7664708e-01  -1.3417173e+01
   6.7299032e+01  -4.1212084e+01   6.6712691e-01  -1.3885114e+01
   6.6477077e+01  -4.1078961e+01   6.5183161e-01  -1.4338357e+01
   6.5632435e+01  -4.0930694e+01   6.3004710e-01  -1.4775468e+01
   6.4766207e+01  -4.0767640e+01   6.0114217e-01  -1.5195187e+01
   6.3879504e+01  -4.0590203e+01   5.6456389e-01  -1.5596415e+01
   6.2973447e+01  -4.0398822e+01   5.1983276e-01  -1.5978210e+01
   6.2049162e+01  -4.0193971e+01   4.6653787e-01  -1.6339770e+01
   6.1107777e+01  -3.9976155e+01   4.0433206e-01  -1.6680425e+01
   6.0150421e+01  -3.9745904e+01   3.3292708e-01  -1.6999628e+01
   5.9178221e+01  -3.9503772e+01   2.5208898e-01  -1.7296942e+01
   5.8192299e+01  -3.9250331e+01   1.6163361e-01  -1.7572033e+01
   5.7193770e+01  -3.8986167e+01   6.1422280e-02  -1.7824657e+01
   5.6183738e+01  -3.8711879e+01  -4.8642270e-02  -1.8054655e+01
   5.5163297e+01  -3.8428072e+01  -1.6861975e-01  -1.8261939e+01
   5.4133524e+01  -3.8135356e+01  -2.9853590e-01  -1.8446489e+01
   5.3095479e+01  -3.7834342e+01  -4.3838590e-01  -1.8608344e+01
   5.2050203e+01  -3.7525637e+01  -5.8813740e-01  -1.8747591e+01
   5.0998716e+01  -3.7209845e+01  -7.4773346e-01  -1.8864364e+01
   4.9942011e+01  -3.6887561e+01  -9.1709517e-01  -1.8958835e+01
   4.8881059e+01  -3.6559369e+01  -1.0961240e+00  -1.9031206e+01
   4.7816800e+01  -3.6225841e+01  -1.2847041e+00  -1.9081710e+01
   4.6750145e+01  -3.5887534e+01  -1.4827039e+00  -1.9110601e+01
   4.5681974e+01  -3.5544987e+01  -1.6899786e+00  -1.9118152e+01
   4.4613134e+01  -3.5198720e+01  -1.9063708e+00  -1.9104651e+01
   4.3544437e+01  -3.4849233e+01  -2.1317124e+00  -1.9070400e+01
   4.2476661e+01  -3.4497006e+01  -2.3658259e+00  -1.9015707e+01
   4.1410548e+01  -3.4142493e+01  -2.6085247e+00  -1.8940888e+01
   4.0346801e+01  -3.3786125e+01  -2.8596147e+00  -1.8846264e+01
   3.9286089e+01  -3.3428311e+01  -3.1188940e+00  -1.8732160e+01
   3.8229044e+01  -3.3069434e+01  -3.3861539e+00  -1.8598904e+01
   3.7176260e+01  -3.2709849e+01  -3.6611791e+00  -1.8446823e+01
   3.6128296e+01  -3.2349892e+01  -3.9437470e+00  -1.8276249e+01
   3.5085680e+01  -3.1989869e+01  -4.2336281e+00  -1.8087517e+01
   3.4048904e+01  -3.1630068e+01  -4.5305850e+00  -1.7880962e+01
   3.3018432e+01  -3.1270748e+01  -4.8343720e+00  -1.7656927e+01
   3.1994701e+01  -3.0912153e+01  -5.1447337e+00  -1.7415762e+01
   3.0978124e+01  -3.0554503e+01  -5.4614039e+00  -1.7157825e+01
   2.9969095e+01  -3.0198002e+01  -5.7841038e+00  -1.6883489e+01
   2.8967991e+01  -2.9842839e+01  -6.1125400e+00  -1.6593142e+01
   2.7975182e+01  -2.9489188e+01  -6.4464026e+00  -1.6287195e+01
   2.6991034e+01  -2.9137216e+01  -6.7853618e+00  -1.5966087e+01
   2.6015915e+01  -2.8787083e+01  -7.1290656e+00  -1.5630287e+01
   2.5050204e+01  -2.8438944e+01  -7.4771362e+00  -1.5280306e+01
   2.4094300e+01  -2.8092958e+01  -7.8291661e+00  -1.4916700e+01
   2.3148628e+01  -2.7749289e+01  -8.1847142e+00  -1.4540081e+01
   2.2213650e+01  -2.7408112e+01  -8.5433014e+00  -1.4151125e+01
   2.1289874e+01  -2.7069615e+01  -8.9044057e+00  -1.3750580e+01
   2.0377868e+01  -2.6734009e+01  -9.2674572e+00  -1.3339276e+01
   1.9478265e+01  -2.6401531e+01  -9.6318329e+00  -1.2918139e+01
   1.8591780e+01  -2.6072450e+01  -9.9968511e+00  -1.2488196e+01
   1.7719215e+01  -2.5747072e+01  -1.0361766e+01  -1.2050590e+01
   1.6861479e+01  -2.5425745e+01  -1.0725761e+01  -1.1606591e+01
   1.6019590e+01  -2.5108869e+01  -1.1087946e+01  -1.1157604e+01
   1.5194691e+01  -2.4796896e+01  -1.1447348e+01  -1.0705184e+01
   1.4388059e+01  -2.4490339e+01  -1.1802908e+01  -1.0251042e+01
   1.3601113e+01  -2.4189774e+01  -1.2153479e+01  -9.7970578e+00
   1.2835423e+01  -2.3895847e+01  -1.2497815e+01  -9.3452850e+00
   1.2092713e+01  -2.3609273e+01  -1.2834576e+01  -8.8979601e+00
   1.1374866e+01  -2.3330842e+01  -1.3162322e+01  -8.4575053e+00
   1.0683924e+01  -2.3061419e+01  -1.3479513e+01  -8.0265312e+00
   1.0022086e+01  -2.2801942e+01  -1.3784508e+01  -7.6078355e+00
   9.3916981e+00  -2.2553419e+01  -1.4075574e+01  -7.2043984e+00
   8.7952461e+00  -2.2316927e+01  -1.4350886e+01  -6.8193736e+00
   8.2353357e+00  -2.2093599e+01  -1.4608537e+01  -6.4560743e+00
   7.7146703e+00  -2.1884621e+01  -1.4846550e+01  -6.1179537e+00
   7.2360215e+00  -2.1691212e+01  -1.5062895e+01  -5.8085791e+00
   6.8021913e+00  -2.1514611e+01  -1.5255501e+01  -5.5315988e+00
   6.4159661e+00  -2.1356057e+01  -1.5422289e+01  -5.2907004e+00
   6.0800612e+00  -2.1216761e+01  -1.5561190e+01  -5.0895607e+00
   5.7970555e+00  -2.1097877e+01  -1.5670189e+01  -4.9317861e+00
   5.5693144e+00  -2.1000469e+01  -1.5747356e+01  -4.8208410e+00
   5.3989010e+00  -2.0925467e+01  -1.5790895e+01  -4.7599663e+00
   5.2874752e+00  -2.0873623e+01  -1.5799198e+01  -4.7520844e+00
