   9.0619970e-01   2.2046110e+00   3.3209404e+00  -1.3319747e+00
   9.1323855e-01   2.2023352e+00   3.2915691e+00  -1.2615305e+00
   9.3374438e-01   2.1925375e+00   3.2686556e+00  -1.2068947e+00
   9.6849146e-01   2.1748280e+00   3.2519811e+00  -1.1675274e+00
   1.0181571e+00   2.1488656e+00   3.2412631e+00  -1.1427590e+00
   1.0833221e+00   2.1143581e+00   3.2361616e+00  -1.1318039e+00
   1.1644797e+00   2.0710573e+00   3.2362918e+00  -1.1337868e+00
   1.2620462e+00   2.0187540e+00   3.2412359e+00  -1.1477692e+00
   1.3763678e+00   1.9572741e+00   3.2505551e+00  -1.1727722e+00
   1.5077282e+00   1.8864755e+00   3.2637983e+00  -1.2077963e+00
   1.6563535e+00   1.8062449e+00   3.2805107e+00  -1.2518386e+00
   1.8224170e+00   1.7164958e+00   3.3002405e+00  -1.3039068e+00
   2.0060430e+00   1.6171662e+00   3.3225448e+00  -1.3630312e+00
   2.2073110e+00   1.5082171e+00   3.3469941e+00  -1.4282740e+00
   2.4262585e+00   1.3896305e+00   3.3731761e+00  -1.4987367e+00
   2.6628842e+00   1.2614078e+00   3.4006987e+00  -1.5735665e+00
   2.9171508e+00   1.1235691e+00   3.4291918e+00  -1.6519596e+00
   3.1889873e+00   9.7615093e-01   3.4583091e+00  -1.7331648e+00
   3.4782918e+00   8.1920588e-01   3.4877287e+00  -1.8164844e+00
   3.7849334e+00   6.5280108e-01   3.5171538e+00  -1.9012751e+00
   4.1087543e+00   4.7701734e-01   3.5463124e+00  -1.9869478e+00
   4.4495717e+00   2.9194817e-01   3.5749568e+00  -2.0729661e+00
   4.8071795e+00   9.7699010e-02   3.6028635e+00  -2.1588452e+00
   5.1813500e+00  -1.0561356e-01   3.6298316e+00  -2.2441494e+00
   5.5718349e+00  -3.1786246e-01   3.6556824e+00  -2.3284900e+00
   5.9783670e+00  -5.3891070e-01   3.6802576e+00  -2.4115222e+00
   6.4006610e+00  -7.6861192e-01   3.7034183e+00  -2.4929425e+00
   6.8384144e+00  -1.0068108e+00   3.7250434e+00  -2.5724856e+00
   7.2913089e+00  -1.2533434e+00   3.7450286e+00  -2.6499211e+00
   7.7590102e+00  -1.5080375e+00   3.7632847e+00  -2.7250507e+00
   8.2411694e+00  -1.7707130e+00   3.7797360e+00  -2.7977052e+00
   8.7374231e+00  -2.0411818e+00   3.7943196e+00  -2.8677414e+00
   9.2473939e+00  -2.3192482e+00   3.8069832e+00  -2.9350393e+00
   9.7706907e+00  -2.6047089e+00   3.8176847e+00  -2.9994994e+00
   1.0306909e+01  -2.8973532e+00   3.8263905e+00  -3.0610403e+00
   1.0855630e+01  -3.1969628e+00   3.8330745e+00  -3.1195962e+00
   1.1416424e+01  -3.5033122e+00   3.8377171e+00  -3.1751146e+00
   1.1988846e+01  -3.8161682e+00   3.8403042e+00  -3.2275546e+00
   1.2572439e+01  -4.1352904e+00   3.8408265e+00  -3.2768846e+00
   1.3166732e+01  -4.4604307e+00   3.8392783e+00  -3.3230810e+00
   1.3771243e+01  -4.7913336e+00   3.8356573e+00  -3.3661265e+00
   1.4385473e+01  -5.1277361e+00   3.8299637e+00  -3.4060090e+00
   1.5008915e+01  -5.4693676e+00   3.8221995e+00  -3.4427199e+00
   1.5641046e+01  -5.8159499e+00   3.8123683e+00  -3.4762536e+00
   1.6281328e+01  -6.1671973e+00   3.8004746e+00  -3.5066066e+00
   1.6929215e+01  -6.5228164e+00   3.7865238e+00  -3.5337762e+00
   1.7584143e+01  -6.8825064e+00   3.7705215e+00  -3.5577607e+00
   1.8245538e+01  -7.2459589e+00   3.7524735e+00  -3.5785580e+00
   1.8912813e+01  -7.6128581e+00   3.7323856e+00  -3.5961660e+00
   1.9585367e+01  -7.9828811e+00   3.7102633e+00  -3.6105819e+00
   2.0262587e+01  -8.3556975e+00   3.6861120e+00  -3.6218021e+00
   2.0943849e+01  -8.7309702e+00   3.6599365e+00  -3.6298219e+00
   2.1628515e+01  -9.1083552e+00   3.6317414e+00  -3.6346360e+00
   2.2315937e+01  -9.4875018e+00   3.6015310e+00  -3.6362379e+00
   2.3005455e+01  -9.8680532e+00   3.5693093e+00  -3.6346206e+00
   2.3696399e+01  -1.0249646e+01   3.5350799e+00  -3.6297763e+00
   2.4388089e+01  -1.0631913e+01   3.4988468e+00  -3.6216971e+00
   2.5079834e+01  -1.1014479e+01   3.4606137e+00  -3.6103751e+00
   2.5770934e+01  -1.1396966e+01   3.4203848e+00  -3.5958028e+00
   2.6460682e+01  -1.1778990e+01   3.3781649e+00  -3.5779738e+00
   2.7148362e+01  -1.2160166e+01   3.3339594e+00  -3.5568830e+00
   2.7833252e+01  -1.2540101e+01   3.2877750e+00  -3.5325275e+00
   2.8514625e+01  -1.2918403e+01   3.2396196e+00  -3.5049069e+00
   2.9191745e+01  -1.3294676e+01   3.1895031e+00  -3.4740246e+00
   2.9863875e+01  -1.3668523e+01   3.1374374e+00  -3.4398881e+00
   3.0530275e+01  -1.4039545e+01   3.0834373e+00  -3.4025101e+00
   3.1190201e+01  -1.4407343e+01   3.0275203e+00  -3.3619095e+00
   3.1842909e+01  -1.4771521e+01   2.9697079e+00  -3.3181123e+00
   3.2487653e+01  -1.5131679e+01   2.9100257e+00  -3.2711531e+00
   3.3123692e+01  -1.5487423e+01   2.8485037e+00  -3.2210755e+00
   3.3750283e+01  -1.5838359e+01   2.7851778e+00  -3.1679342e+00
   3.4366688e+01  -1.6184100e+01   2.7200897e+00  -3.1117960e+00
   3.4972176e+01  -1.6524258e+01   2.6532877e+00  -3.0527411e+00
   3.5566019e+01  -1.6858454e+01   2.5848280e+00  -2.9908647e+00
   3.6147496e+01  -1.7186314e+01   2.5147747e+00  -2.9262784e+00
   3.6715898e+01  -1.7507469e+01   2.4432009e+00  -2.8591119e+00
   3.7270522e+01  -1.7821560e+01   2.3701897e+00  -2.7895145e+00
   3.7810679e+01  -1.8128235e+01   2.2958346e+00  -2.7176564e+00
   3.8335690e+01  -1.8427150e+01   2.2202404e+00  -2.6437308e+00
   3.8844893e+01  -1.8717972e+01   2.1435242e+00  -2.5679549e+00
   3.9337637e+01  -1.9000379e+01   2.0658155e+00  -2.4905714e+00
   3.9813291e+01  -1.9274060e+01   1.9872576e+00  -2.4118500e+00
   4.0271241e+01  -1.9538717e+01   1.9080075e+00  -2.3320881e+00
   4.0710890e+01  -1.9794063e+01   1.8282367e+00  -2.2516123e+00
   4.1131663e+01  -2.0039825e+01   1.7481314e+00  -2.1707784e+00
   4.1533006e+01  -2.0275745e+01   1.6678927e+00  -2.0899720e+00
   4.1914389e+01  -2.0501580e+01   1.5877366e+00  -2.0096085e+00
   4.2275303e+01  -2.0717100e+01   1.5078935e+00  -1.9301322e+00
   4.2615267e+01  -2.0922092e+01   1.4286077e+00  -1.8520154e+00
   4.2933823e+01  -2.1116359e+01   1.3501367e+00  -1.7757564e+00
   4.3230542e+01  -2.1299718e+01   1.2727498e+00  -1.7018772e+00
   4.3505023e+01  -2.1472006e+01   1.1967261e+00  -1.6309200e+00
   4.3756893e+01  -2.1633073e+01   1.1223528e+00  -1.5634426e+00
   4.3985810e+01  -2.1782786e+01   1.0499226e+00  -1.5000136e+00
   4.4191460e+01  -2.1921028e+01   9.7972959e-01  -1.4412051e+00
   4.4373563e+01  -2.2047699e+01   9.1206627e-01  -1.3875856e+00
   4.4531869e+01  -2.2162714e+01   8.4721836e-01  -1.3397100e+00
   4.4666163e+01  -2.2266001e+01   7.8545958e-01  -1.2981093e+00
   4.4776259e+01  -2.2357505e+01   7.2704543e-01  -1.2632782e+00
   4.4862007e+01  -2.2437181e+01   6.7220612e-01  -1.2356604e+00
   4.4923291e+01  -2.2504999e+01   6.2113854e-01  -1.2156335e+00
   4.4960028e+01  -2.2560939e+01   5.7399738e-01  -1.2034901e+00
   4.4972169e+01  -2.2604992e+01   5.3088515e-01  -1.1994189e+00
   4.4959700e+01  -2.2637155e+01   4.9184281e-01  -1.2034853e+00
   4.4922639e+01  -2.2657435e+01   4.5684562e-01  -1.2156232e+00
   4.4861041e+01  -2.2665848e+01   4.2580729e-01  -1.2356435e+00
   4.4774994e+01  -2.2662418e+01   3.9858938e-01  -1.2632529e+00
   4.4664618e+01  -2.2647181e+01   3.7501123e-01  -1.2980733e+00
   4.4530069e+01  -2.2620182e+01   3.5485889e-01  -1.3396603e+00
   4.4371533e+01  -2.2581484e+01   3.3789313e-01  -1.3875189e+00
   4.4189232e+01  -2.2531157e+01   3.2385654e-01  -1.4411176e+00
   4.3983416e+01  -2.2469290e+01   3.1247967e-01  -1.4999009e+00
   4.3754370e+01  -2.2395984e+01   3.0348651e-01  -1.5633002e+00
   4.3502408e+01  -2.2311355e+01   2.9659906e-01  -1.6307428e+00
   4.3227875e+01  -2.2215534e+01   2.9154132e-01  -1.7016601e+00
   4.2931142e+01  -2.2108667e+01   2.8804252e-01  -1.7754939e+00
   4.2612614e+01  -2.1990916e+01   2.8583987e-01  -1.8517020e+00
   4.2272718e+01  -2.1862457e+01   2.8468070e-01  -1.9297624e+00
   4.1911912e+01  -2.1723481e+01   2.8432417e-01  -2.0091769e+00
   4.1530676e+01  -2.1574193e+01   2.8454253e-01  -2.0894731e+00
   4.1129517e+01  -2.1414812e+01   2.8512206e-01  -2.1702071e+00
   4.0708963e+01  -2.1245573e+01   2.8586359e-01  -2.2509639e+00
   4.0269567e+01  -2.1066721e+01   2.8658285e-01  -2.3313582e+00
   3.9811901e+01  -2.0878516e+01   2.8711048e-01  -2.4110347e+00
   3.9336558e+01  -2.0681229e+01   2.8729193e-01  -2.4896675e+00
   3.8844150e+01  -2.0475142e+01   2.8698711e-01  -2.5669600e+00
   3.8335304e+01  -2.0260549e+01   2.8606997e-01  -2.6426432e+00
   3.7810667e+01  -2.0037753e+01   2.8442791e-01  -2.7164754e+00
   3.7270897e+01  -1.9807068e+01   2.8196119e-01  -2.7882403e+00
   3.6716668e+01  -1.9568815e+01   2.7858215e-01  -2.8577460e+00
   3.6148667e+01  -1.9323323e+01   2.7421453e-01  -2.9248233e+00
   3.5567589e+01  -1.9070930e+01   2.6879267e-01  -2.9893242e+00
   3.4974142e+01  -1.8811979e+01   2.6226069e-01  -3.0511203e+00
   3.4369041e+01  -1.8546818e+01   2.5457175e-01  -3.1101012e+00
   3.3753007e+01  -1.8275800e+01   2.4568720e-01  -3.1661732e+00
   3.3126770e+01  -1.7999285e+01   2.3557590e-01  -3.2192572e+00
   3.2491062e+01  -1.7717633e+01   2.2421336e-01  -3.2692879e+00
   3.1846620e+01  -1.7431208e+01   2.1158113e-01  -3.3162118e+00
   3.1194182e+01  -1.7140376e+01   1.9766599e-01  -3.3599861e+00
   3.0534490e+01  -1.6845505e+01   1.8245942e-01  -3.4005774e+00
   2.9868283e+01  -1.6546963e+01   1.6595684e-01  -3.4379605e+00
   2.9196300e+01  -1.6245118e+01   1.4815711e-01  -3.4721171e+00
   2.8519279e+01  -1.5940337e+01   1.2906194e-01  -3.5030345e+00
   2.7837954e+01  -1.5632987e+01   1.0867537e-01  -3.5307052e+00
   2.7153054e+01  -1.5323432e+01   8.7003252e-02  -3.5551255e+00
   2.6465306e+01  -1.5012034e+01   6.4052841e-02  -3.5762946e+00
   2.5775429e+01  -1.4699154e+01   3.9832337e-02  -3.5942140e+00
   2.5084136e+01  -1.4385146e+01   1.4350506e-02  -3.6088867e+00
   2.4392132e+01  -1.4070364e+01  -1.2383682e-02  -3.6203164e+00
   2.3700116e+01  -1.3755157e+01  -4.0361380e-02  -3.6285069e+00
   2.3008775e+01  -1.3439867e+01  -6.9574163e-02  -3.6334619e+00
   2.2318789e+01  -1.3124833e+01  -1.0001429e-01  -3.6351839e+00
   2.1630828e+01  -1.2810391e+01  -1.3167493e-01  -3.6336743e+00
   2.0945551e+01  -1.2496867e+01  -1.6455036e-01  -3.6289331e+00
   2.0263607e+01  -1.2184585e+01  -1.9863613e-01  -3.6209579e+00
   1.9585632e+01  -1.1873861e+01  -2.3392917e-01  -3.6097447e+00
   1.8912251e+01  -1.1565006e+01  -2.7042786e-01  -3.5952871e+00
   1.8244079e+01  -1.1258323e+01  -3.0813207e-01  -3.5775764e+00
   1.7581716e+01  -1.0954110e+01  -3.4704314e-01  -3.5566021e+00
   1.6925752e+01  -1.0652658e+01  -3.8716376e-01  -3.5323514e+00
   1.6276761e+01  -1.0354252e+01  -4.2849786e-01  -3.5048100e+00
   1.5635309e+01  -1.0059168e+01  -4.7105038e-01  -3.4739624e+00
   1.5001944e+01  -9.7676777e+00  -5.1482694e-01  -3.4397924e+00
   1.4377205e+01  -9.4800438e+00  -5.5983355e-01  -3.4022840e+00
   1.3761616e+01  -9.1965233e+00  -6.0607600e-01  -3.3614220e+00
   1.3155688e+01  -8.9173657e+00  -6.5355943e-01  -3.3171932e+00
   1.2559919e+01  -8.6428137e+00  -7.0228751e-01  -3.2695878e+00
   1.1974794e+01  -8.3731031e+00  -7.5226172e-01  -3.2186008e+00
   1.1400785e+01  -8.1084623e+00  -8.0348040e-01  -3.1642334e+00
   1.0838349e+01  -7.8491130e+00  -8.5593763e-01  -3.1064954e+00
   1.0287933e+01  -7.5952698e+00  -9.0962210e-01  -3.0454069e+00
   9.7499656e+00  -7.3471402e+00  -9.6451567e-01  -2.9810011e+00
   9.2248662e+00  -7.1049246e+00  -1.0205919e+00  -2.9133266e+00
   8.7130382e+00  -6.8688161e+00  -1.0778144e+00  -2.8424508e+00
   8.2148715e+00  -6.6390008e+00  -1.1361348e+00  -2.7684625e+00
   7.7307415e+00  -6.4156571e+00  -1.1954912e+00  -2.6914759e+00
   7.2610092e+00  -6.1989563e+00  -1.2558055e+00  -2.6116341e+00
   6.8060201e+00  -5.9890616e+00  -1.3169813e+00  -2.5291131e+00
   6.3661044e+00  -5.7861285e+00  -1.3789019e+00  -2.4441256e+00
   5.9415760e+00  -5.5903042e+00  -1.4414268e+00  -2.3569258e+00
   5.5327318e+00  -5.4017276e+00  -1.5043900e+00  -2.2678138e+00
   5.1398511e+00  -5.2205285e+00  -1.5675967e+00  -2.1771398e+00
   4.7631944e+00  -5.0468276e+00  -1.6308207e+00  -2.0853093e+00
   4.4030026e+00  -4.8807357e+00  -1.6938017e+00  -1.9927868e+00
   4.0594958e+00  -4.7223535e+00  -1.7562424e+00  -1.9001010e+00
   3.7328720e+00  -4.5717707e+00  -1.8178059e+00  -1.8078487e+00
   3.4233058e+00  -4.4290656e+00  -1.8781135e+00  -1.7166984e+00
   3.1309465e+00  -4.2943040e+00  -1.9367419e+00  -1.6273938e+00
   2.8559170e+00  -4.1675391e+00  -1.9932222e+00  -1.5407566e+00
   2.5983118e+00  -4.0488098e+00  -2.0470374e+00  -1.4576881e+00
   2.3581952e+00  -3.9381406e+00  -2.0976223e+00  -1.3791703e+00
   2.1355989e+00  -3.8355402e+00  -2.1443628e+00  -1.3062656e+00
   1.9305204e+00  -3.7410004e+00  -2.1865964e+00  -1.2401145e+00
   1.7429206e+00  -3.6544953e+00  -2.2236138e+00  -1.1819327e+00
   1.5727208e+00  -3.5759798e+00  -2.2546614e+00  -1.1330054e+00
   1.4198007e+00  -3.5053885e+00  -2.2789450e+00  -1.0946794e+00
   1.2839951e+00  -3.4426341e+00  -2.2956346e+00  -1.0683532e+00
   1.1650903e+00  -3.3876056e+00  -2.3038722e+00  -1.0554635e+00
   1.0628207e+00  -3.3401665e+00  -2.3027793e+00  -1.0574690e+00
   9.7686359e-01  -3.3001526e+00  -2.2914683e+00  -1.0758305e+00
