   1.7821513e+00  -8.1486024e+00  -6.4547886e+00  -1.5856470e+00
   1.7430928e+00  -8.1310519e+00  -6.4845539e+00  -1.5366410e+00
   1.7294670e+00  -8.1243005e+00  -6.5028395e+00  -1.5077014e+00
   1.7406067e+00  -8.1280113e+00  -6.5093996e+00  -1.4994164e+00
   1.7755760e+00  -8.1417142e+00  -6.5040945e+00  -1.5121621e+00
   1.8332063e+00  -8.1648234e+00  -6.4868768e+00  -1.5461263e+00
   1.9121453e+00  -8.1966628e+00  -6.4577755e+00  -1.6013411e+00
   2.0109042e+00  -8.2364890e+00  -6.4168799e+00  -1.6777125e+00
   2.1278993e+00  -8.2835125e+00  -6.3643267e+00  -1.7750469e+00
   2.2614875e+00  -8.3369157e+00  -6.3002884e+00  -1.8930725e+00
   2.4099983e+00  -8.3958683e+00  -6.2249639e+00  -2.0314585e+00
   2.5717593e+00  -8.4595409e+00  -6.1385704e+00  -2.1898306e+00
   2.7451192e+00  -8.5271156e+00  -6.0413368e+00  -2.3677843e+00
   2.9284656e+00  -8.5977954e+00  -5.9334984e+00  -2.5648954e+00
   3.1202398e+00  -8.6708115e+00  -5.8152925e+00  -2.7807288e+00
   3.3189488e+00  -8.7454291e+00  -5.6869550e+00  -3.0148456e+00
   3.5231737e+00  -8.8209514e+00  -5.5487180e+00  -3.2668080e+00
   3.7315761e+00  -8.8967233e+00  -5.4008078e+00  -3.5361839e+00
   3.9429025e+00  -8.9721328e+00  -5.2434437e+00  -3.8225495e+00
   4.1559862e+00  -9.0466122e+00  -5.0768370e+00  -4.1254914e+00
   4.3697483e+00  -9.1196387e+00  -4.9011909e+00  -4.4446075e+00
   4.5831966e+00  -9.1907336e+00  -4.7167003e+00  -4.7795081e+00
   4.7954243e+00  -9.2594615e+00  -4.5235521e+00  -5.1298151e+00
   5.0056070e+00  -9.3254286e+00  -4.3219257e+00  -5.4951621e+00
   5.2129990e+00  -9.3882814e+00  -4.1119939e+00  -5.8751933e+00
   5.4169299e+00  -9.4477043e+00  -3.8939231e+00  -6.2695623e+00
   5.6167998e+00  -9.5034173e+00  -3.6678748e+00  -6.6779309e+00
   5.8120746e+00  -9.5551738e+00  -3.4340066e+00  -7.0999674e+00
   6.0022815e+00  -9.6027580e+00  -3.1924726e+00  -7.5353453e+00
   6.1870037e+00  -9.6459824e+00  -2.9434254e+00  -7.9837413e+00
   6.3658757e+00  -9.6846855e+00  -2.6870163e+00  -8.4448340e+00
   6.5385788e+00  -9.7187289e+00  -2.4233968e+00  -8.9183018e+00
   6.7048357e+00  -9.7479956e+00  -2.1527197e+00  -9.4038215e+00
   6.8644070e+00  -9.7723871e+00  -1.8751399e+00  -9.9010670e+00
   7.0170861e+00  -9.7918218e+00  -1.5908155e+00  -1.0409707e+01
   7.1626958e+00  -9.8062324e+00  -1.2999085e+00  -1.0929404e+01
   7.3010844e+00  -9.8155645e+00  -1.0025858e+00  -1.1459814e+01
   7.4321221e+00  -9.8197746e+00  -6.9902015e-01  -1.2000584e+01
   7.5556981e+00  -9.8188285e+00  -3.8939067e-01  -1.2551349e+01
   7.6717177e+00  -9.8127000e+00  -7.3883541e-02  -1.3111736e+01
   7.7800995e+00  -9.8013693e+00   2.4730730e-01  -1.3681359e+01
   7.8807734e+00  -9.7848223e+00   5.7397965e-01  -1.4259819e+01
   7.9736784e+00  -9.7630489e+00   9.0592259e-01  -1.4846705e+01
   8.0587607e+00  -9.7360426e+00   1.2429160e+00  -1.5441590e+01
   8.1359727e+00  -9.7037997e+00   1.5847303e+00  -1.6044035e+01
   8.2052709e+00  -9.6663183e+00   1.9311261e+00  -1.6653586e+01
   8.2666155e+00  -9.6235980e+00   2.2818539e+00  -1.7269771e+01
   8.3199694e+00  -9.5756392e+00   2.6366541e+00  -1.7892107e+01
   8.3652971e+00  -9.5224433e+00   2.9952569e+00  -1.8520094e+01
   8.4025648e+00  -9.4640116e+00   3.3573820e+00  -1.9153217e+01
   8.4317396e+00  -9.4003460e+00   3.7227388e+00  -1.9790945e+01
   8.4527897e+00  -9.3314483e+00   4.0910267e+00  -2.0432733e+01
   8.4656841e+00  -9.2573203e+00   4.4619346e+00  -2.1078023e+01
   8.4703929e+00  -9.1779642e+00   4.8351420e+00  -2.1726240e+01
   8.4668873e+00  -9.0933825e+00   5.2103183e+00  -2.2376798e+01
   8.4551405e+00  -9.0035779e+00   5.5871238e+00  -2.3029095e+01
   8.4351275e+00  -8.9085544e+00   5.9652099e+00  -2.3682519e+01
   8.4068263e+00  -8.8083169e+00   6.3442193e+00  -2.4336444e+01
   8.3702185e+00  -8.7028721e+00   6.7237869e+00  -2.4990235e+01
   8.3252901e+00  -8.5922287e+00   7.1035398e+00  -2.5643246e+01
   8.2720323e+00  -8.4763983e+00   7.4830985e+00  -2.6294819e+01
   8.2104430e+00  -8.3553959e+00   7.8620772e+00  -2.6944291e+01
   8.1405279e+00  -8.2292407e+00   8.2400846e+00  -2.7590990e+01
   8.0623017e+00  -8.0979571e+00   8.6167248e+00  -2.8234237e+01
   7.9757896e+00  -7.9615753e+00   8.9915979e+00  -2.8873349e+01
   7.8810294e+00  -7.8201327e+00   9.3643011e+00  -2.9507636e+01
   7.7780724e+00  -7.6736749e+00   9.7344299e+00  -3.0136408e+01
   7.6669860e+00  -7.5222566e+00   1.0101578e+01  -3.0758973e+01
   7.5478556e+00  -7.3659436e+00   1.0465341e+01  -3.1374635e+01
   7.4207865e+00  -7.2048136e+00   1.0825314e+01  -3.1982702e+01
   7.2859064e+00  -7.0389583e+00   1.1181095e+01  -3.2582484e+01
   7.1433677e+00  -6.8684844e+00   1.1532286e+01  -3.3173294e+01
   6.9933502e+00  -6.6935156e+00   1.1878493e+01  -3.3754449e+01
   6.8360635e+00  -6.5141946e+00   1.2219330e+01  -3.4325272e+01
   6.6717501e+00  -6.3306846e+00   1.2554417e+01  -3.4885096e+01
   6.5006875e+00  -6.1431714e+00   1.2883384e+01  -3.5433262e+01
   6.3231919e+00  -5.9518652e+00   1.3205869e+01  -3.5969121e+01
   6.1396201e+00  -5.7570026e+00   1.3521524e+01  -3.6492035e+01
   5.9503728e+00  -5.5588485e+00   1.3830014e+01  -3.7001382e+01
   5.7558973e+00  -5.3576982e+00   1.4131017e+01  -3.7496552e+01
   5.5566895e+00  -5.1538786e+00   1.4424226e+01  -3.7976952e+01
   5.3532966e+00  -4.9477504e+00   1.4709353e+01  -3.8442007e+01
   5.1463190e+00  -4.7397092e+00   1.4986127e+01  -3.8891158e+01
   4.9364116e+00  -4.5301870e+00   1.5254296e+01  -3.9323868e+01
   4.7242852e+00  -4.3196524e+00   1.5513627e+01  -3.9739618e+01
   4.5107066e+00  -4.1086117e+00   1.5763911e+01  -4.0137912e+01
   4.2964986e+00  -3.8976085e+00   1.6004958e+01  -4.0518274e+01
   4.0825387e+00  -3.6872233e+00   1.6236599e+01  -4.0880253e+01
   3.8697570e+00  -3.4780718e+00   1.6458692e+01  -4.1223420e+01
   3.6591328e+00  -3.2708032e+00   1.6671112e+01  -4.1547370e+01
   3.4516898e+00  -3.0660969e+00   1.6873759e+01  -4.1851720e+01
   3.2484900e+00  -2.8646585e+00   1.7066554e+01  -4.2136114e+01
   3.0506256e+00  -2.6672146e+00   1.7249439e+01  -4.2400217e+01
   2.8592093e+00  -2.4745062e+00   1.7422375e+01  -4.2643718e+01
   2.6753621e+00  -2.2872808e+00   1.7585338e+01  -4.2866329e+01
   2.5001990e+00  -2.1062827e+00   1.7738323e+01  -4.3067782e+01
   2.3348120e+00  -1.9322417e+00   1.7881334e+01  -4.3247833e+01
   2.1802506e+00  -1.7658597e+00   1.8014387e+01  -4.3406255e+01
   2.0374991e+00  -1.6077958e+00   1.8137502e+01  -4.3542841e+01
   1.9074508e+00  -1.4586486e+00   1.8250700e+01  -4.3657398e+01
   1.7908788e+00  -1.3189363e+00   1.8353997e+01  -4.3749751e+01
   1.6884039e+00  -1.1890754e+00   1.8447400e+01  -4.3819735e+01
   1.6004579e+00  -1.0693550e+00   1.8530899e+01  -4.3867196e+01
   1.5272499e+00  -9.5991459e-01   1.8604463e+01  -4.3891989e+01
   1.4687508e+00  -8.6073302e-01   1.8668035e+01  -4.3893978e+01
   1.4247086e+00  -7.7163901e-01   1.8721539e+01  -4.3873039e+01
   1.3946819e+00  -6.9233420e-01   1.8764886e+01  -4.3829068e+01
   1.3780757e+00  -6.2241761e-01   1.8797982e+01  -4.3761984e+01
   1.3741739e+00  -5.6140757e-01   1.8820736e+01  -4.3671736e+01
   1.3821682e+00  -5.0876131e-01   1.8833064e+01  -4.3558304e+01
   1.4011831e+00  -4.6389227e-01   1.8834895e+01  -4.3421704e+01
   1.4302988e+00  -4.2618522e-01   1.8826174e+01  -4.3261990e+01
   1.4685700e+00  -3.9500936e-01   1.8806866e+01  -4.3079256e+01
   1.5150434e+00  -3.6972958e-01   1.8776958e+01  -4.2873636e+01
   1.5687709e+00  -3.4971590e-01   1.8736461e+01  -4.2645306e+01
   1.6288220e+00  -3.3435136e-01   1.8685411e+01  -4.2394482e+01
   1.6942933e+00  -3.2303849e-01   1.8623871e+01  -4.2121425e+01
   1.7643160e+00  -3.1520442e-01   1.8551930e+01  -4.1826433e+01
   1.8380624e+00  -3.1030484e-01   1.8469701e+01  -4.1509848e+01
   1.9147499e+00  -3.0782693e-01   1.8377325e+01  -4.1172046e+01
   1.9936445e+00  -3.0729139e-01   1.8274967e+01  -4.0813447e+01
   2.0740628e+00  -3.0825370e-01   1.8162816e+01  -4.0434502e+01
   2.1553728e+00  -3.1030460e-01   1.8041084e+01  -4.0035698e+01
   2.2369940e+00  -3.1307014e-01   1.7910005e+01  -3.9617558e+01
   2.3183972e+00  -3.1621113e-01   1.7769832e+01  -3.9180631e+01
   2.3991029e+00  -3.1942226e-01   1.7620837e+01  -3.8725499e+01
   2.4786798e+00  -3.2243084e-01   1.7463309e+01  -3.8252768e+01
   2.5567427e+00  -3.2499536e-01   1.7297553e+01  -3.7763072e+01
   2.6329502e+00  -3.2690383e-01   1.7123886e+01  -3.7257066e+01
   2.7070023e+00  -3.2797194e-01   1.6942639e+01  -3.6735427e+01
   2.7786374e+00  -3.2804119e-01   1.6754153e+01  -3.6198850e+01
   2.8476296e+00  -3.2697698e-01   1.6558776e+01  -3.5648048e+01
   2.9137862e+00  -3.2466662e-01   1.6356867e+01  -3.5083747e+01
   2.9769444e+00  -3.2101741e-01   1.6148787e+01  -3.4506690e+01
   3.0369692e+00  -3.1595476e-01   1.5934904e+01  -3.3917627e+01
   3.0937498e+00  -3.0942034e-01   1.5715588e+01  -3.3317320e+01
   3.1471981e+00  -3.0137032e-01   1.5491211e+01  -3.2706537e+01
   3.1972455e+00  -2.9177372e-01   1.5262145e+01  -3.2086053e+01
   3.2438407e+00  -2.8061079e-01   1.5028760e+01  -3.1456645e+01
   3.2869477e+00  -2.6787156e-01   1.4791427e+01  -3.0819095e+01
   3.3265437e+00  -2.5355446e-01   1.4550511e+01  -3.0174185e+01
   3.3626172e+00  -2.3766506e-01   1.4306373e+01  -2.9522695e+01
   3.3951660e+00  -2.2021487e-01   1.4059369e+01  -2.8865405e+01
   3.4241960e+00  -2.0122034e-01   1.3809849e+01  -2.8203090e+01
   3.4497196e+00  -1.8070183e-01   1.3558155e+01  -2.7536520e+01
   3.4717542e+00  -1.5868279e-01   1.3304621e+01  -2.6866461e+01
   3.4903211e+00  -1.3518898e-01   1.3049570e+01  -2.6193668e+01
   3.5054447e+00  -1.1024776e-01   1.2793318e+01  -2.5518892e+01
   3.5171512e+00  -8.3887516e-02   1.2536169e+01  -2.4842870e+01
   3.5254678e+00  -5.6137137e-02   1.2278418e+01  -2.4166331e+01
   3.5304223e+00  -2.7025545e-02   1.2020350e+01  -2.3489992e+01
   3.5320421e+00   3.4186775e-03   1.1762243e+01  -2.2814555e+01
   3.5303538e+00   3.5167599e-02   1.1504368e+01  -2.2140713e+01
   3.5253831e+00   6.8194199e-02   1.1246989e+01  -2.1469142e+01
   3.5171540e+00   1.0247256e-01   1.0990365e+01  -2.0800503e+01
   3.5056886e+00   1.3797802e-01   1.0734749e+01  -2.0135446e+01
   3.4910074e+00   1.7468723e-01   1.0480387e+01  -1.9474600e+01
   3.4731288e+00   2.1257823e-01   1.0227522e+01  -1.8818583e+01
   3.4520692e+00   2.5163039e-01   9.9763910e+00  -1.8167993e+01
   3.4278434e+00   2.9182436e-01   9.7272247e+00  -1.7523415e+01
   3.4004643e+00   3.3314196e-01   9.4802502e+00  -1.6885415e+01
   3.3699438e+00   3.7556598e-01   9.2356889e+00  -1.6254542e+01
   3.3362927e+00   4.1907995e-01   8.9937569e+00  -1.5631331e+01
   3.2995217e+00   4.6366788e-01   8.7546648e+00  -1.5016297e+01
   3.2596418e+00   5.0931388e-01   8.5186178e+00  -1.4409940e+01
   3.2166649e+00   5.5600176e-01   8.2858155e+00  -1.3812742e+01
   3.1706051e+00   6.0371454e-01   8.0564515e+00  -1.3225170e+01
   3.1214794e+00   6.5243396e-01   7.8307139e+00  -1.2647673e+01
   3.0693094e+00   7.0213975e-01   7.6087847e+00  -1.2080683e+01
   3.0141218e+00   7.5280907e-01   7.3908398e+00  -1.1524619e+01
   2.9559508e+00   8.0441561e-01   7.1770491e+00  -1.0979880e+01
   2.8948391e+00   8.5692883e-01   6.9675767e+00  -1.0446854e+01
   2.8308404e+00   9.1031297e-01   6.7625803e+00  -9.9259089e+00
   2.7640205e+00   9.6452606e-01   6.5622120e+00  -9.4174017e+00
   2.6944604e+00   1.0195188e+00   6.3666179e+00  -8.9216731e+00
   2.6222581e+00   1.0752333e+00   6.1759382e+00  -8.4390499e+00
   2.5475312e+00   1.1316021e+00   5.9903077e+00  -7.9698455e+00
   2.4704198e+00   1.1885466e+00   5.8098558e+00  -7.5143599e+00
   2.3910887e+00   1.2459754e+00   5.6347068e+00  -7.0728804e+00
   2.3097311e+00   1.3037837e+00   5.4649800e+00  -6.6456820e+00
   2.2265707e+00   1.3618508e+00   5.3007899e+00  -6.2330277e+00
   2.1418652e+00   1.4200395e+00   5.1422470e+00  -5.8351687e+00
   2.0559095e+00   1.4781940e+00   4.9894575e+00  -5.4523454e+00
   1.9690380e+00   1.5361386e+00   4.8425237e+00  -5.0847868e+00
   1.8816280e+00   1.5936764e+00   4.7015445e+00  -4.7327113e+00
   1.7941024e+00   1.6505879e+00   4.5666154e+00  -4.3963265e+00
   1.7069314e+00   1.7066296e+00   4.4378286e+00  -4.0758292e+00
   1.6206358e+00   1.7615335e+00   4.3152732e+00  -3.7714049e+00
   1.5357872e+00   1.8150058e+00   4.1990354e+00  -3.4832276e+00
   1.4530103e+00   1.8667266e+00   4.0891975e+00  -3.2114587e+00
   1.3729825e+00   1.9163498e+00   3.9858386e+00  -2.9562458e+00
   1.2964335e+00   1.9635031e+00   3.8890331e+00  -2.7177213e+00
   1.2241441e+00   2.0077893e+00   3.7988504e+00  -2.4960000e+00
   1.1569435e+00   2.0487871e+00   3.7153532e+00  -2.2911761e+00
   1.0957050e+00   2.0860533e+00   3.6385964e+00  -2.1033200e+00
   1.0413408e+00   2.1191257e+00   3.5686242e+00  -1.9324732e+00
   9.9479488e-01   2.1475267e+00   3.5054679e+00  -1.7786428e+00
   9.5703342e-01   2.1707677e+00   3.4491419e+00  -1.6417943e+00
   9.2903377e-01   2.1883550e+00   3.3996397e+00  -1.5218428e+00
   9.1177062e-01   2.1997968e+00   3.3569280e+00  -1.4186427e+00
