   4.2351064e+00  -9.2891213e+00  -5.8701770e+00  -2.5796540e+00
   3.8994535e+00  -9.1317295e+00  -5.9130028e+00  -2.5184320e+00
   3.6118236e+00  -8.9959401e+00  -5.9404046e+00  -2.4825810e+00
   3.3718220e+00  -8.8814899e+00  -5.9516465e+00  -2.4734423e+00
   3.1783887e+00  -8.7878023e+00  -5.9462178e+00  -2.4919450e+00
   3.0299162e+00  -8.7140441e+00  -5.9238013e+00  -2.5386656e+00
   2.9243594e+00  -8.6591786e+00  -5.8842426e+00  -2.6138844e+00
   2.8593345e+00  -8.6220126e+00  -5.8275226e+00  -2.7176356e+00
   2.8322061e+00  -8.6012384e+00  -5.7537329e+00  -2.8497526e+00
   2.8401641e+00  -8.5954705e+00  -5.6630548e+00  -3.0099074e+00
   2.8802903e+00  -8.6032776e+00  -5.5557398e+00  -3.1976448e+00
   2.9496164e+00  -8.6232099e+00  -5.4320935e+00  -3.4124122e+00
   3.0451727e+00  -8.6538219e+00  -5.2924614e+00  -3.6535857e+00
   3.1640290e+00  -8.6936926e+00  -5.1372171e+00  -3.9204912e+00
   3.3033287e+00  -8.7414405e+00  -4.9667522e+00  -4.2124228e+00
   3.4603159e+00  -8.7957369e+00  -4.7814675e+00  -4.5286579e+00
   3.6323568e+00  -8.8553155e+00  -4.5817669e+00  -4.8684694e+00
   3.8169557e+00  -8.9189800e+00  -4.3680514e+00  -5.2311354e+00
   4.0117670e+00  -8.9856091e+00  -4.1407152e+00  -5.6159468e+00
   4.2146021e+00  -9.0541600e+00  -3.9001425e+00  -6.0222126e+00
   4.4234340e+00  -9.1236698e+00  -3.6467054e+00  -6.4492644e+00
   4.6363979e+00  -9.1932558e+00  -3.3807623e+00  -6.8964583e+00
   4.8517903e+00  -9.2621146e+00  -3.1026574e+00  -7.3631766e+00
   5.0680650e+00  -9.3295201e+00  -2.8127204e+00  -7.8488280e+00
   5.2838283e+00  -9.3948206e+00  -2.5112671e+00  -8.3528469e+00
   5.4978322e+00  -9.4574357e+00  -2.1986000e+00  -8.8746923e+00
   5.7089669e+00  -9.5168525e+00  -1.8750093e+00  -9.4138459e+00
   5.9162527e+00  -9.5726212e+00  -1.5407745e+00  -9.9698099e+00
   6.1188312e+00  -9.6243508e+00  -1.1961657e+00  -1.0542104e+01
   6.3159557e+00  -9.6717046e+00  -8.4144540e-01  -1.1130265e+01
   6.5069827e+00  -9.7143958e+00  -4.7687009e-01  -1.1733838e+01
   6.6913623e+00  -9.7521827e+00  -1.0269217e-01  -1.2352382e+01
   6.8686294e+00  -9.7848647e+00   2.8083826e-01  -1.2985459e+01
   7.0383947e+00  -9.8122776e+00   6.7347170e-01  -1.3632636e+01
   7.2003366e+00  -9.8342897e+00   1.0749574e+00  -1.4293479e+01
   7.3541931e+00  -9.8507979e+00   1.4850417e+00  -1.4967553e+01
   7.4997541e+00  -9.8617241e+00   1.9034667e+00  -1.5654418e+01
   7.6368549e+00  -9.8670118e+00   2.3299681e+00  -1.6353626e+01
   7.7653691e+00  -9.8666229e+00   2.7642747e+00  -1.7064719e+01
   7.8852032e+00  -9.8605348e+00   3.2061064e+00  -1.7787228e+01
   7.9962908e+00  -9.8487380e+00   3.6551734e+00  -1.8520671e+01
   8.0985876e+00  -9.8312334e+00   4.1111751e+00  -1.9264549e+01
   8.1920676e+00  -9.8080304e+00   4.5737992e+00  -2.0018347e+01
   8.2767185e+00  -9.7791452e+00   5.0427209e+00  -2.0781531e+01
   8.3525390e+00  -9.7445988e+00   5.5176023e+00  -2.1553551e+01
   8.4195351e+00  -9.7044159e+00   5.9980920e+00  -2.2333833e+01
   8.4777184e+00  -9.6586236e+00   6.4838245e+00  -2.3121785e+01
   8.5271032e+00  -9.6072504e+00   6.9744202e+00  -2.3916791e+01
   8.5677056e+00  -9.5503254e+00   7.4694852e+00  -2.4718218e+01
   8.5995413e+00  -9.4878776e+00   7.9686111e+00  -2.5525407e+01
   8.6226253e+00  -9.4199357e+00   8.4713757e+00  -2.6337679e+01
   8.6369709e+00  -9.3465274e+00   8.9773424e+00  -2.7154334e+01
   8.6425894e+00  -9.2676796e+00   9.4860613e+00  -2.7974651e+01
   8.6394898e+00  -9.1834180e+00   9.9970694e+00  -2.8797887e+01
   8.6276790e+00  -9.0937676e+00   1.0509891e+01  -2.9623280e+01
   8.6071625e+00  -8.9987525e+00   1.1024039e+01  -3.0450049e+01
   8.5779448e+00  -8.8983964e+00   1.1539014e+01  -3.1277394e+01
   8.5400301e+00  -8.7927233e+00   1.2054308e+01  -3.2104497e+01
   8.4934238e+00  -8.6817576e+00   1.2569403e+01  -3.2930526e+01
   8.4381335e+00  -8.5655251e+00   1.3083772e+01  -3.3754631e+01
   8.3741705e+00  -8.4440534e+00   1.3596883e+01  -3.4575949e+01
   8.3015520e+00  -8.3173732e+00   1.4108195e+01  -3.5393605e+01
   8.2203024e+00  -8.1855190e+00   1.4617166e+01  -3.6206712e+01
   8.1304559e+00  -8.0485303e+00   1.5123247e+01  -3.7014374e+01
   8.0320589e+00  -7.9064525e+00   1.5625891e+01  -3.7815686e+01
   7.9251724e+00  -7.7593385e+00   1.6124546e+01  -3.8609738e+01
   7.8098746e+00  -7.6072502e+00   1.6618666e+01  -3.9395613e+01
   7.6862645e+00  -7.4502593e+00   1.7107704e+01  -4.0172393e+01
   7.5544647e+00  -7.2884499e+00   1.7591120e+01  -4.0939157e+01
   7.4146249e+00  -7.1219191e+00   1.8068376e+01  -4.1694985e+01
   7.2669253e+00  -6.9507799e+00   1.8538945e+01  -4.2438960e+01
   7.1115809e+00  -6.7751621e+00   1.9002308e+01  -4.3170168e+01
   6.9488448e+00  -6.5952149e+00   1.9457956e+01  -4.3887700e+01
   6.7790128e+00  -6.4111085e+00   1.9905394e+01  -4.4590658e+01
   6.6024269e+00  -6.2230364e+00   2.0344140e+01  -4.5278151e+01
   6.4194803e+00  -6.0312176e+00   2.0773728e+01  -4.5949300e+01
   6.2306206e+00  -5.8358982e+00   2.1193709e+01  -4.6603239e+01
   6.0363549e+00  -5.6373538e+00   2.1603654e+01  -4.7239120e+01
   5.8372528e+00  -5.4358916e+00   2.2003153e+01  -4.7856109e+01
   5.6339510e+00  -5.2318519e+00   2.2391818e+01  -4.8453392e+01
   5.4271561e+00  -5.0256099e+00   2.2769284e+01  -4.9030177e+01
   5.2176477e+00  -4.8175774e+00   2.3135211e+01  -4.9585692e+01
   5.0062809e+00  -4.6082038e+00   2.3489284e+01  -5.0119193e+01
   4.7939880e+00  -4.3979769e+00   2.3831214e+01  -5.0629958e+01
   4.5817791e+00  -4.1874236e+00   2.4160740e+01  -5.1117295e+01
   4.3707418e+00  -3.9771092e+00   2.4477626e+01  -5.1580542e+01
   4.1620401e+00  -3.7676373e+00   2.4781667e+01  -5.2019065e+01
   3.9569106e+00  -3.5596478e+00   2.5072684e+01  -5.2432264e+01
   3.7566586e+00  -3.3538147e+00   2.5350529e+01  -5.2819574e+01
   3.5626509e+00  -3.1508430e+00   2.5615078e+01  -5.3180461e+01
   3.3763072e+00  -2.9514640e+00   2.5866236e+01  -5.3514432e+01
   3.1990884e+00  -2.7564296e+00   2.6103935e+01  -5.3821027e+01
   3.0324828e+00  -2.5665055e+00   2.6328130e+01  -5.4099827e+01
   2.8779888e+00  -2.3824623e+00   2.6538799e+01  -5.4350452e+01
   2.7370937e+00  -2.2050654e+00   2.6735942e+01  -5.4572563e+01
   2.6112503e+00  -2.0350628e+00   2.6919576e+01  -5.4765859e+01
   2.5018480e+00  -1.8731709e+00   2.7089734e+01  -5.4930084e+01
   2.4101803e+00  -1.7200583e+00   2.7246459e+01  -5.5065022e+01
   2.3374077e+00  -1.5763273e+00   2.7389806e+01  -5.5170502e+01
   2.2845160e+00  -1.4424927e+00   2.7519827e+01  -5.5246393e+01
   2.2522691e+00  -1.3189586e+00   2.7636578e+01  -5.5292608e+01
   2.2411571e+00  -1.2059925e+00   2.7740104e+01  -5.5309103e+01
   2.2513470e+00  -1.1037001e+00   2.7830439e+01  -5.5295879e+01
   2.2826611e+00  -1.0120152e+00   2.7907601e+01  -5.5252974e+01
   2.3345983e+00  -9.3070971e-01   2.7971595e+01  -5.5180474e+01
   2.4063841e+00  -8.5941913e-01   2.8022419e+01  -5.5078502e+01
   2.4970221e+00  -7.9766798e-01   2.8060063e+01  -5.4947225e+01
   2.6053414e+00  -7.4489348e-01   2.8084522e+01  -5.4786849e+01
   2.7300380e+00  -7.0046648e-01   2.8095793e+01  -5.4597621e+01
   2.8697125e+00  -6.6370999e-01   2.8093882e+01  -5.4379825e+01
   3.0229024e+00  -6.3391543e-01   2.8078805e+01  -5.4133786e+01
   3.1881106e+00  -6.1035681e-01   2.8050593e+01  -5.3859864e+01
   3.3638296e+00  -5.9230288e-01   2.8009292e+01  -5.3558458e+01
   3.5485622e+00  -5.7902738e-01   2.7954965e+01  -5.3230001e+01
   3.7408388e+00  -5.6981770e-01   2.7887698e+01  -5.2874963e+01
   3.9392318e+00  -5.6398193e-01   2.7807592e+01  -5.2493844e+01
   4.1423666e+00  -5.6085459e-01   2.7714772e+01  -5.2087180e+01
   4.3489309e+00  -5.5980100e-01   2.7609387e+01  -5.1655537e+01
   4.5576812e+00  -5.6022069e-01   2.7491602e+01  -5.1199511e+01
   4.7674476e+00  -5.6154971e-01   2.7361610e+01  -5.0719727e+01
   4.9771371e+00  -5.6326218e-01   2.7219621e+01  -5.0216837e+01
   5.1857347e+00  -5.6487106e-01   2.7065871e+01  -4.9691520e+01
   5.3923042e+00  -5.6592832e-01   2.6900612e+01  -4.9144478e+01
   5.5959871e+00  -5.6602453e-01   2.6724120e+01  -4.8576439e+01
   5.7960014e+00  -5.6478813e-01   2.6536688e+01  -4.7988150e+01
   5.9916388e+00  -5.6188422e-01   2.6338628e+01  -4.7380379e+01
   6.1822624e+00  -5.5701314e-01   2.6130270e+01  -4.6753912e+01
   6.3673026e+00  -5.4990882e-01   2.5911960e+01  -4.6109553e+01
   6.5462544e+00  -5.4033696e-01   2.5684059e+01  -4.5448120e+01
   6.7186726e+00  -5.2809316e-01   2.5446940e+01  -4.4770448e+01
   6.8841685e+00  -5.1300085e-01   2.5200992e+01  -4.4077379e+01
   7.0424056e+00  -4.9490936e-01   2.4946613e+01  -4.3369769e+01
   7.1930953e+00  -4.7369188e-01   2.4684212e+01  -4.2648482e+01
   7.3359934e+00  -4.4924349e-01   2.4414206e+01  -4.1914389e+01
   7.4708956e+00  -4.2147920e-01   2.4137020e+01  -4.1168368e+01
   7.5976343e+00  -3.9033216e-01   2.3853084e+01  -4.0411299e+01
   7.7160746e+00  -3.5575181e-01   2.3562836e+01  -3.9644066e+01
   7.8261109e+00  -3.1770221e-01   2.3266715e+01  -3.8867553e+01
   7.9276638e+00  -2.7616046e-01   2.2965163e+01  -3.8082644e+01
   8.0206771e+00  -2.3111519e-01   2.2658625e+01  -3.7290220e+01
   8.1051145e+00  -1.8256515e-01   2.2347542e+01  -3.6491160e+01
   8.1809575e+00  -1.3051797e-01   2.2032360e+01  -3.5686338e+01
   8.2482027e+00  -7.4988907e-02   2.1713519e+01  -3.4876618e+01
   8.3068594e+00  -1.5999819e-02   2.1391456e+01  -3.4062862e+01
   8.3569481e+00   4.6421868e-02   2.1066607e+01  -3.3245918e+01
   8.3984980e+00   1.1224404e-01   2.0739400e+01  -3.2426626e+01
   8.4315459e+00   1.8143068e-01   2.0410259e+01  -3.1605816e+01
   8.4561341e+00   2.5394262e-01   2.0079601e+01  -3.0784301e+01
   8.4723100e+00   3.2973812e-01   1.9747837e+01  -2.9962884e+01
   8.4801239e+00   4.0877347e-01   1.9415367e+01  -2.9142352e+01
   8.4796288e+00   4.9100340e-01   1.9082586e+01  -2.8323476e+01
   8.4708794e+00   5.7638150e-01   1.8749877e+01  -2.7507010e+01
   8.4539312e+00   6.6486051e-01   1.8417614e+01  -2.6693693e+01
   8.4288401e+00   7.5639258e-01   1.8086161e+01  -2.5884242e+01
   8.3956625e+00   8.5092938e-01   1.7755872e+01  -2.5079358e+01
   8.3544545e+00   9.4842222e-01   1.7427087e+01  -2.4279721e+01
   8.3052721e+00   1.0488220e+00   1.7100139e+01  -2.3485992e+01
   8.2481715e+00   1.1520792e+00   1.6775346e+01  -2.2698812e+01
   8.1832095e+00   1.2581436e+00   1.6453015e+01  -2.1918801e+01
   8.1104435e+00   1.3669641e+00   1.6133441e+01  -2.1146559e+01
   8.0299330e+00   1.4784882e+00   1.5816909e+01  -2.0382663e+01
   7.9417397e+00   1.5926620e+00   1.5503689e+01  -1.9627673e+01
   7.8459294e+00   1.7094288e+00   1.5194042e+01  -1.8882128e+01
   7.7425729e+00   1.8287294e+00   1.4888216e+01  -1.8146544e+01
   7.6317476e+00   1.9505006e+00   1.4586448e+01  -1.7421422e+01
   7.5135396e+00   2.0746744e+00   1.4288966e+01  -1.6707243e+01
   7.3880457e+00   2.2011772e+00   1.3995985e+01  -1.6004469e+01
   7.2553758e+00   2.3299285e+00   1.3707713e+01  -1.5313549e+01
   7.1156556e+00   2.4608394e+00   1.3424346e+01  -1.4634913e+01
   6.9690294e+00   2.5938115e+00   1.3146076e+01  -1.3968981e+01
   6.8156637e+00   2.7287349e+00   1.2873083e+01  -1.3316157e+01
   6.6557503e+00   2.8654868e+00   1.2605544e+01  -1.2676839e+01
   6.4895103e+00   3.0039295e+00   1.2343630e+01  -1.2051414e+01
   6.3171982e+00   3.1439082e+00   1.2087508e+01  -1.1440263e+01
   6.1391060e+00   3.2852495e+00   1.1837341e+01  -1.0843765e+01
   5.9555678e+00   3.4277584e+00   1.1593293e+01  -1.0262297e+01
   5.7669647e+00   3.5712165e+00   1.1355525e+01  -9.6962376e+00
   5.5737290e+00   3.7153798e+00   1.1124201e+01  -9.1459682e+00
   5.3763496e+00   3.8599757e+00   1.0899488e+01  -8.6118785e+00
   5.1753766e+00   4.0047013e+00   1.0681556e+01  -8.0943671e+00
   4.9714261e+00   4.1492205e+00   1.0470584e+01  -7.5938451e+00
   4.7651847e+00   4.2931623e+00   1.0266753e+01  -7.1107378e+00
   4.5574137e+00   4.4361184e+00   1.0070256e+01  -6.6454880e+00
   4.3489528e+00   4.5776417e+00   9.8812958e+00  -6.1985573e+00
   4.1407236e+00   4.7172441e+00   9.7000831e+00  -5.7704280e+00
   3.9337316e+00   4.8543965e+00   9.5268416e+00  -5.3616041e+00
   3.7290677e+00   4.9885269e+00   9.3618060e+00  -4.9726118e+00
   3.5279084e+00   5.1190215e+00   9.2052221e+00  -4.6039986e+00
   3.3315148e+00   5.2452244e+00   9.0573466e+00  -4.2563324e+00
   3.1412295e+00   5.3664401e+00   8.9184455e+00  -3.9301980e+00
   2.9584717e+00   5.4819350e+00   8.7887925e+00  -3.6261934e+00
   2.7847302e+00   5.5909418e+00   8.6686654e+00  -3.3449234e+00
   2.6215538e+00   5.6926640e+00   8.5583430e+00  -3.0869916e+00
   2.4705383e+00   5.7862827e+00   8.4580994e+00  -2.8529901e+00
   2.3333112e+00   5.8709639e+00   8.3681981e+00  -2.6434861e+00
   2.2115117e+00   5.9458689e+00   8.2888835e+00  -2.4590060e+00
   2.1067678e+00   6.0101660e+00   8.2203717e+00  -2.3000157e+00
   2.0206679e+00   6.0630443e+00   8.1628385e+00  -2.1668969e+00
   1.9547286e+00   6.1037298e+00   8.1164060e+00  -2.0599199e+00
   1.9103573e+00   6.1315049e+00   8.0811261e+00  -1.9792108e+00
