   1.8888087e+00   6.1457290e+00   8.0569624e+00  -1.9247141e+00
   1.8911366e+00   6.1458637e+00   8.0437680e+00  -1.8961501e+00
   1.9181465e+00   6.1314959e+00   8.0412657e+00  -1.8929733e+00
   1.9703725e+00   6.1023492e+00   8.0490397e+00  -1.9143564e+00
   2.0480929e+00   6.0582766e+00   8.0665471e+00  -1.9592145e+00
   2.1513704e+00   5.9992396e+00   8.0931430e+00  -2.0262537e+00
   2.2800934e+00   5.9252883e+00   8.1281050e+00  -2.1140214e+00
   2.4340124e+00   5.8365421e+00   8.1706556e+00  -2.2209511e+00
   2.6127717e+00   5.7331748e+00   8.2199817e+00  -2.3454010e+00
   2.8159356e+00   5.6154006e+00   8.2752510e+00  -2.4856880e+00
   3.0430117e+00   5.4834628e+00   8.3356267e+00  -2.6401164e+00
   3.2934694e+00   5.3376245e+00   8.4002791e+00  -2.8070023e+00
   3.5667558e+00   5.1781602e+00   8.4683961e+00  -2.9846937e+00
   3.8623082e+00   5.0053500e+00   8.5391908e+00  -3.1715873e+00
   4.1795641e+00   4.8194741e+00   8.6119084e+00  -3.3661414e+00
   4.5179693e+00   4.6208094e+00   8.6858309e+00  -3.5668862e+00
   4.8769831e+00   4.4096260e+00   8.7602809e+00  -3.7724310e+00
   5.2560827e+00   4.1861859e+00   8.8346237e+00  -3.9814696e+00
   5.6547657e+00   3.9507413e+00   8.9082691e+00  -4.1927833e+00
   6.0725517e+00   3.7035341e+00   8.9806721e+00  -4.4052422e+00
   6.5089820e+00   3.4447959e+00   9.0513321e+00  -4.6178051e+00
   6.9636198e+00   3.1747481e+00   9.1197929e+00  -4.8295181e+00
   7.4360486e+00   2.8936030e+00   9.1856409e+00  -5.0395124e+00
   7.9258707e+00   2.6015644e+00   9.2485038e+00  -5.2470006e+00
   8.4327050e+00   2.2988290e+00   9.3080484e+00  -5.4512734e+00
   8.9561843e+00   1.9855880e+00   9.3639783e+00  -5.6516951e+00
   9.4959532e+00   1.6620278e+00   9.4160319e+00  -5.8476989e+00
   1.0051665e+01   1.3283324e+00   9.4639797e+00  -6.0387819e+00
   1.0622978e+01   9.8468476e-01   9.5076217e+00  -6.2245006e+00
   1.1209556e+01   6.3126795e-01   9.5467851e+00  -6.4044651e+00
   1.1811061e+01   2.6826727e-01   9.5813217e+00  -6.5783352e+00
   1.2427152e+01  -1.0412850e-01   9.6111054e+00  -6.7458145e+00
   1.3057486e+01  -4.8572554e-01   9.6360301e+00  -6.9066468e+00
   1.3701709e+01  -8.7632363e-01   9.6560072e+00  -7.0606108e+00
   1.4359460e+01  -1.2757148e+00   9.6709636e+00  -7.2075163e+00
   1.5030365e+01  -1.6836820e+00   9.6808399e+00  -7.3472004e+00
   1.5714036e+01  -2.0999983e+00   9.6855884e+00  -7.4795236e+00
   1.6410070e+01  -2.5244254e+00   9.6851713e+00  -7.6043662e+00
   1.7118046e+01  -2.9567132e+00   9.6795596e+00  -7.7216260e+00
   1.7837525e+01  -3.3965983e+00   9.6687311e+00  -7.8312148e+00
   1.8568048e+01  -3.8438042e+00   9.6526697e+00  -7.9330560e+00
   1.9309135e+01  -4.2980400e+00   9.6313640e+00  -8.0270826e+00
   2.0060285e+01  -4.7590001e+00   9.6048063e+00  -8.1132351e+00
   2.0820974e+01  -5.2263639e+00   9.5729920e+00  -8.1914599e+00
   2.1590656e+01  -5.6997956e+00   9.5359186e+00  -8.2617076e+00
   2.2368760e+01  -6.1789437e+00   9.4935852e+00  -8.3239321e+00
   2.3154693e+01  -6.6634413e+00   9.4459921e+00  -8.3780892e+00
   2.3947838e+01  -7.1529060e+00   9.3931403e+00  -8.4241363e+00
   2.4747556e+01  -7.6469400e+00   9.3350311e+00  -8.4620312e+00
   2.5553183e+01  -8.1451304e+00   9.2716661e+00  -8.4917324e+00
   2.6364033e+01  -8.6470495e+00   9.2030471e+00  -8.5131982e+00
   2.7179398e+01  -9.1522551e+00   9.1291758e+00  -8.5263871e+00
   2.7998547e+01  -9.6602912e+00   9.0500544e+00  -8.5312578e+00
   2.8820730e+01  -1.0170689e+01   8.9656849e+00  -8.5277694e+00
   2.9645175e+01  -1.0682966e+01   8.8760702e+00  -8.5158819e+00
   3.0471092e+01  -1.1196628e+01   8.7812139e+00  -8.4955568e+00
   3.1297671e+01  -1.1711173e+01   8.6811206e+00  -8.4667580e+00
   3.2124087e+01  -1.2226083e+01   8.5757970e+00  -8.4294525e+00
   3.2949498e+01  -1.2740837e+01   8.4652514e+00  -8.3836115e+00
   3.3773045e+01  -1.3254903e+01   8.3494955e+00  -8.3292121e+00
   3.4593860e+01  -1.3767742e+01   8.2285441e+00  -8.2662380e+00
   3.5411058e+01  -1.4278810e+01   8.1024165e+00  -8.1946819e+00
   3.6223748e+01  -1.4787560e+01   7.9711373e+00  -8.1145467e+00
   3.7031025e+01  -1.5293440e+01   7.8347372e+00  -8.0258478e+00
   3.7831981e+01  -1.5795898e+01   7.6932543e+00  -7.9286153e+00
   3.8625698e+01  -1.6294381e+01   7.5467352e+00  -7.8228964e+00
   3.9411257e+01  -1.6788337e+01   7.3952363e+00  -7.7087577e+00
   4.0187734e+01  -1.7277219e+01   7.2388252e+00  -7.5862887e+00
   4.0954206e+01  -1.7760483e+01   7.0775822e+00  -7.4556040e+00
   4.1709748e+01  -1.8237591e+01   6.9116020e+00  -7.3168472e+00
   4.2453441e+01  -1.8708014e+01   6.7409952e+00  -7.1701941e+00
   4.3184369e+01  -1.9171230e+01   6.5658903e+00  -7.0158561e+00
   4.3901621e+01  -1.9626731e+01   6.3864355e+00  -6.8540841e+00
   4.4604296e+01  -2.0074019e+01   6.2028006e+00  -6.6851725e+00
   4.5291503e+01  -2.0512612e+01   6.0151791e+00  -6.5094631e+00
   4.5962361e+01  -2.0942043e+01   5.8237898e+00  -6.3273492e+00
   4.6616004e+01  -2.1361864e+01   5.6288797e+00  -6.1392795e+00
   4.7251583e+01  -2.1771643e+01   5.4307249e+00  -5.9457621e+00
   4.7868263e+01  -2.2170972e+01   5.2296335e+00  -5.7473687e+00
   4.8465231e+01  -2.2559463e+01   5.0259468e+00  -5.5447379e+00
   4.9041693e+01  -2.2936750e+01   4.8200411e+00  -5.3385784e+00
   4.9596879e+01  -2.3302493e+01   4.6123295e+00  -5.1296724e+00
   5.0130043e+01  -2.3656378e+01   4.4032625e+00  -4.9188776e+00
   5.0640466e+01  -2.3998116e+01   4.1933292e+00  -4.7071286e+00
   5.1127454e+01  -2.4327444e+01   3.9830575e+00  -4.4954381e+00
   5.1590345e+01  -2.4644129e+01   3.7730141e+00  -4.2848963e+00
   5.2028507e+01  -2.4947965e+01   3.5638037e+00  -4.0766695e+00
   5.2441339e+01  -2.5238775e+01   3.3560672e+00  -3.8719968e+00
   5.2828277e+01  -2.5516408e+01   3.1504799e+00  -3.6721856e+00
   5.3188788e+01  -2.5780743e+01   2.9477476e+00  -3.4786049e+00
   5.3522378e+01  -2.6031685e+01   2.7486026e+00  -3.2926763e+00
   5.3828588e+01  -2.6269164e+01   2.5537977e+00  -3.1158626e+00
   5.4107001e+01  -2.6493138e+01   2.3640993e+00  -2.9496538e+00
   5.4357235e+01  -2.6703583e+01   2.1802787e+00  -2.7955496e+00
   5.4578951e+01  -2.6900501e+01   2.0031022e+00  -2.6550390e+00
   5.4771851e+01  -2.7083909e+01   1.8333181e+00  -2.5295759e+00
   5.4935678e+01  -2.7253838e+01   1.6716434e+00  -2.4205508e+00
   5.5070216e+01  -2.7410335e+01   1.5187472e+00  -2.3292581e+00
   5.5175294e+01  -2.7553452e+01   1.3752322e+00  -2.2568593e+00
   5.5250781e+01  -2.7683243e+01   1.2416134e+00  -2.2043408e+00
   5.5296592e+01  -2.7799762e+01   1.1182954e+00  -2.1724672e+00
   5.5312683e+01  -2.7903056e+01   1.0055457e+00  -2.1617290e+00
   5.5299052e+01  -2.7993159e+01   9.0347036e-01  -2.1722937e+00
   5.5255741e+01  -2.8070089e+01   8.1200308e-01  -2.2039836e+00
   5.5182833e+01  -2.8133851e+01   7.3091612e-01  -2.2562982e+00
   5.5080454e+01  -2.8184441e+01   6.5984487e-01  -2.3284628e+00
   5.4948769e+01  -2.8221853e+01   5.9831389e-01  -2.4194813e+00
   5.4787985e+01  -2.8246078e+01   5.4576037e-01  -2.5281824e+00
   5.4598348e+01  -2.8257116e+01   5.0155509e-01  -2.6532623e+00
   5.4380143e+01  -2.8254972e+01   4.6502097e-01  -2.7933214e+00
   5.4133694e+01  -2.8239661e+01   4.3544930e-01  -2.9468969e+00
   5.3859363e+01  -2.8211215e+01   4.1211396e-01  -3.1124915e+00
   5.3557547e+01  -2.8169680e+01   3.9428348e-01  -3.2885972e+00
   5.3228680e+01  -2.8115120e+01   3.8123141e-01  -3.4737167e+00
   5.2873230e+01  -2.8047619e+01   3.7224490e-01  -3.6663798e+00
   5.2491700e+01  -2.7967279e+01   3.6663180e-01  -3.8651585e+00
   5.2084624e+01  -2.7874225e+01   3.6372633e-01  -4.0686776e+00
   5.1652569e+01  -2.7768605e+01   3.6289353e-01  -4.2756244e+00
   5.1196129e+01  -2.7650586e+01   3.6353259e-01  -4.4847549e+00
   5.0715931e+01  -2.7520358e+01   3.6507924e-01  -4.6948985e+00
   5.0212626e+01  -2.7378135e+01   3.6700725e-01  -4.9049617e+00
   4.9686893e+01  -2.7224148e+01   3.6882921e-01  -5.1139288e+00
   4.9139436e+01  -2.7058654e+01   3.7009671e-01  -5.3208631e+00
   4.8570979e+01  -2.6881925e+01   3.7039997e-01  -5.5249054e+00
   4.7982271e+01  -2.6694257e+01   3.6936703e-01  -5.7252732e+00
   4.7374081e+01  -2.6495961e+01   3.6666264e-01  -5.9212576e+00
   4.6747194e+01  -2.6287366e+01   3.6198676e-01  -6.1122211e+00
   4.6102414e+01  -2.6068819e+01   3.5507299e-01  -6.2975938e+00
   4.5440561e+01  -2.5840680e+01   3.4568674e-01  -6.4768701e+00
   4.4762466e+01  -2.5603324e+01   3.3362329e-01  -6.6496045e+00
   4.4068976e+01  -2.5357139e+01   3.1870588e-01  -6.8154082e+00
   4.3360944e+01  -2.5102523e+01   3.0078366e-01  -6.9739444e+00
   4.2639236e+01  -2.4839885e+01   2.7972972e-01  -7.1249246e+00
   4.1904722e+01  -2.4569642e+01   2.5543913e-01  -7.2681047e+00
   4.1158282e+01  -2.4292221e+01   2.2782703e-01  -7.4032811e+00
   4.0400795e+01  -2.4008051e+01   1.9682675e-01  -7.5302865e+00
   3.9633146e+01  -2.3717570e+01   1.6238811e-01  -7.6489870e+00
   3.8856220e+01  -2.3421217e+01   1.2447569e-01  -7.7592783e+00
   3.8070901e+01  -2.3119435e+01   8.3067307e-02  -7.8610824e+00
   3.7278073e+01  -2.2812669e+01   3.8152486e-02  -7.9543448e+00
   3.6478613e+01  -2.2501361e+01  -1.0268859e-02  -8.0390318e+00
   3.5673397e+01  -2.2185957e+01  -6.2187721e-02  -8.1151274e+00
   3.4863292e+01  -2.1866897e+01  -1.1758715e-01  -8.1826315e+00
   3.4049157e+01  -2.1544620e+01  -1.7644332e-01  -8.2415571e+00
   3.3231846e+01  -2.1219561e+01  -2.3872649e-01  -8.2919288e+00
   3.2412197e+01  -2.0892150e+01  -3.0440188e-01  -8.3337809e+00
   3.1591042e+01  -2.0562810e+01  -3.7343046e-01  -8.3671553e+00
   3.0769196e+01  -2.0231960e+01  -4.4576960e-01  -8.3921008e+00
   2.9947464e+01  -1.9900010e+01  -5.2137375e-01  -8.4086712e+00
   2.9126632e+01  -1.9567363e+01  -6.0019491e-01  -8.4169243e+00
   2.8307475e+01  -1.9234411e+01  -6.8218312e-01  -8.4169213e+00
   2.7490748e+01  -1.8901541e+01  -7.6728682e-01  -8.4087253e+00
   2.6677190e+01  -1.8569126e+01  -8.5545321e-01  -8.3924014e+00
   2.5867520e+01  -1.8237531e+01  -9.4662842e-01  -8.3680155e+00
   2.5062440e+01  -1.7907109e+01  -1.0407577e+00  -8.3356342e+00
   2.4262632e+01  -1.7578202e+01  -1.1377857e+00  -8.2953246e+00
   2.3468757e+01  -1.7251142e+01  -1.2376562e+00  -8.2471541e+00
   2.2681455e+01  -1.6926247e+01  -1.3403124e+00  -8.1911903e+00
   2.1901348e+01  -1.6603825e+01  -1.4456964e+00  -8.1275015e+00
   2.1129034e+01  -1.6284170e+01  -1.5537496e+00  -8.0561567e+00
   2.0365091e+01  -1.5967565e+01  -1.6644120e+00  -7.9772265e+00
   1.9610076e+01  -1.5654280e+01  -1.7776221e+00  -7.8907831e+00
   1.8864525e+01  -1.5344576e+01  -1.8933163e+00  -7.7969019e+00
   1.8128954e+01  -1.5038698e+01  -2.0114286e+00  -7.6956622e+00
   1.7403858e+01  -1.4736882e+01  -2.1318900e+00  -7.5871481e+00
   1.6689714e+01  -1.4439352e+01  -2.2546276e+00  -7.4714506e+00
   1.5986978e+01  -1.4146321e+01  -2.3795642e+00  -7.3486688e+00
   1.5296091e+01  -1.3857992e+01  -2.5066171e+00  -7.2189117e+00
   1.4617477e+01  -1.3574560e+01  -2.6356970e+00  -7.0823006e+00
   1.3951543e+01  -1.3296209e+01  -2.7667075e+00  -6.9389712e+00
   1.3298685e+01  -1.3023116e+01  -2.8995434e+00  -6.7890763e+00
   1.2659286e+01  -1.2755450e+01  -3.0340895e+00  -6.6327885e+00
   1.2033719e+01  -1.2493377e+01  -3.1702191e+00  -6.4703032e+00
   1.1422349e+01  -1.2237055e+01  -3.3077930e+00  -6.3018420e+00
   1.0825536e+01  -1.1986639e+01  -3.4466573e+00  -6.1276560e+00
   1.0243638e+01  -1.1742283e+01  -3.5866419e+00  -5.9480294e+00
   9.6770095e+00  -1.1504139e+01  -3.7275591e+00  -5.7632834e+00
   9.1260105e+00  -1.1272361e+01  -3.8692013e+00  -5.5737804e+00
   8.5910039e+00  -1.1047103e+01  -4.0113397e+00  -5.3799272e+00
   8.0723609e+00  -1.0828525e+01  -4.1537222e+00  -5.1821798e+00
   7.5704633e+00  -1.0616790e+01  -4.2960716e+00  -4.9810470e+00
   7.0857060e+00  -1.0412069e+01  -4.4380840e+00  -4.7770943e+00
   6.6184998e+00  -1.0214540e+01  -4.5794274e+00  -4.5709475e+00
   6.1692738e+00  -1.0024392e+01  -4.7197399e+00  -4.3632962e+00
   5.7384772e+00  -9.8418227e+00  -4.8586290e+00  -4.1548963e+00
   5.3265807e+00  -9.6670421e+00  -4.9956701e+00  -3.9465729e+00
   4.9340778e+00  -9.5002721e+00  -5.1304068e+00  -3.7392210e+00
   4.5614850e+00  -9.3417468e+00  -5.2623497e+00  -3.5338071e+00
   4.2093404e+00  -9.1917120e+00  -5.3909782e+00  -3.3313682e+00
   3.8782027e+00  -9.0504249e+00  -5.5157403e+00  -3.1330103e+00
   3.5686473e+00  -8.9181521e+00  -5.6360553e+00  -2.9399051e+00
   3.2812617e+00  -8.7951677e+00  -5.7513161e+00  -2.7532852e+00
   3.0166383e+00  -8.6817496e+00  -5.8608929e+00  -2.5744369e+00
   2.7753662e+00  -8.5781752e+00  -5.9641378e+00  -2.4046912e+00
   2.5580188e+00  -8.4847159e+00  -6.0603910e+00  -2.2454119e+00
   2.3651398e+00  -8.4016294e+00  -6.1489879e+00  -2.0979809e+00
   2.1972253e+00  -8.3291516e+00  -6.2292680e+00  -1.9637806e+00
   2.0547025e+00  -8.2674852e+00  -6.3005853e+00  -1.8441724e+00
   1.9379040e+00  -8.2167872e+00  -6.3623206e+00  -1.7404717e+00
   1.8470376e+00  -8.1771537e+00  -6.4138955e+00  -1.6539192e+00
