   9.0683383e-01  -3.2673688e+00  -2.2690550e+00  -1.1119869e+00
   8.5227661e-01  -3.2415855e+00  -2.2346741e+00  -1.1673274e+00
   8.1265853e-01  -3.2225346e+00  -2.1874969e+00  -1.2431588e+00
   7.8735772e-01  -3.2099038e+00  -2.1267516e+00  -1.3406691e+00
   7.7565852e-01  -3.2033343e+00  -2.0517413e+00  -1.4608964e+00
   7.7675771e-01  -3.2024239e+00  -1.9618534e+00  -1.6047158e+00
   7.8978223e-01  -3.2067358e+00  -1.8565573e+00  -1.7728497e+00
   8.1381109e-01  -3.2158095e+00  -1.7353955e+00  -1.9658896e+00
   8.4789558e-01  -3.2291711e+00  -1.5979754e+00  -2.1843175e+00
   8.9107670e-01  -3.2463422e+00  -1.4439622e+00  -2.4285227e+00
   9.4239988e-01  -3.2668468e+00  -1.2730727e+00  -2.6988162e+00
   1.0009272e+00  -3.2902179e+00  -1.0850712e+00  -2.9954410e+00
   1.0657475e+00  -3.3160023e+00  -8.7976451e-01  -3.3185815e+00
   1.1359843e+00  -3.3437646e+00  -6.5699957e-01  -3.6683698e+00
   1.2108021e+00  -3.3730902e+00  -4.1666009e-01  -4.0448912e+00
   1.2894112e+00  -3.4035880e+00  -1.5866435e-01  -4.4481885e+00
   1.3710705e+00  -3.4348916e+00   1.1703698e-01  -4.8782645e+00
   1.4550899e+00  -3.4666604e+00   4.1046271e-01  -5.3350849e+00
   1.5408309e+00  -3.4985799e+00   7.2160288e-01  -5.8185796e+00
   1.6277072e+00  -3.5303620e+00   1.0504204e+00  -6.3286442e+00
   1.7151834e+00  -3.5617445e+00   1.3968524e+00  -6.8651408e+00
   1.8027739e+00  -3.5924903e+00   1.7608121e+00  -7.4278988e+00
   1.8900411e+00  -3.6223865e+00   2.1421900e+00  -8.0167152e+00
   1.9765934e+00  -3.6512434e+00   2.5408550e+00  -8.6313551e+00
   2.0620823e+00  -3.6788932e+00   2.9566565e+00  -9.2715519e+00
   2.1461997e+00  -3.7051883e+00   3.3894252e+00  -9.9370075e+00
   2.2286754e+00  -3.7300004e+00   3.8389746e+00  -1.0627393e+01
   2.3092736e+00  -3.7532186e+00   4.3051023e+00  -1.1342346e+01
   2.3877903e+00  -3.7747480e+00   4.7875911e+00  -1.2081477e+01
   2.4640504e+00  -3.7945082e+00   5.2862104e+00  -1.2844362e+01
   2.5379041e+00  -3.8124322e+00   5.8007171e+00  -1.3630547e+01
   2.6092251e+00  -3.8284643e+00   6.3308563e+00  -1.4439549e+01
   2.6779069e+00  -3.8425594e+00   6.8763625e+00  -1.5270851e+01
   2.7438607e+00  -3.8546814e+00   7.4369599e+00  -1.6123909e+01
   2.8070130e+00  -3.8648022e+00   8.0123627e+00  -1.6998147e+01
   2.8673031e+00  -3.8729005e+00   8.6022752e+00  -1.7892957e+01
   2.9246809e+00  -3.8789607e+00   9.2063915e+00  -1.8807702e+01
   2.9791050e+00  -3.8829719e+00   9.8243947e+00  -1.9741715e+01
   3.0305410e+00  -3.8849275e+00   1.0455956e+01  -2.0694298e+01
   3.0789595e+00  -3.8848237e+00   1.1100735e+01  -2.1664720e+01
   3.1243348e+00  -3.8826596e+00   1.1758378e+01  -2.2652221e+01
   3.1666437e+00  -3.8784358e+00   1.2428517e+01  -2.3656010e+01
   3.2058637e+00  -3.8721545e+00   1.3110775e+01  -2.4675261e+01
   3.2419724e+00  -3.8638188e+00   1.3804759e+01  -2.5709120e+01
   3.2749464e+00  -3.8534320e+00   1.4510065e+01  -2.6756698e+01
   3.3047605e+00  -3.8409979e+00   1.5226278e+01  -2.7817076e+01
   3.3313868e+00  -3.8265198e+00   1.5952967e+01  -2.8889301e+01
   3.3547944e+00  -3.8100009e+00   1.6689691e+01  -2.9972388e+01
   3.3749487e+00  -3.7914438e+00   1.7435995e+01  -3.1065321e+01
   3.3918113e+00  -3.7708503e+00   1.8191412e+01  -3.2167050e+01
   3.4053394e+00  -3.7482218e+00   1.8955459e+01  -3.3276495e+01
   3.4154862e+00  -3.7235586e+00   1.9727641e+01  -3.4392542e+01
   3.4222005e+00  -3.6968605e+00   2.0507450e+01  -3.5514048e+01
   3.4254270e+00  -3.6681265e+00   2.1294361e+01  -3.6639838e+01
   3.4251066e+00  -3.6373551e+00   2.2087835e+01  -3.7768706e+01
   3.4211769e+00  -3.6045444e+00   2.2887317e+01  -3.8899418e+01
   3.4135726e+00  -3.5696919e+00   2.3692239e+01  -4.0030711e+01
   3.4022264e+00  -3.5327956e+00   2.4502013e+01  -4.1161294e+01
   3.3870701e+00  -3.4938532e+00   2.5316036e+01  -4.2289849e+01
   3.3680351e+00  -3.4528633e+00   2.6133687e+01  -4.3415035e+01
   3.3450546e+00  -3.4098252e+00   2.6954327e+01  -4.4535485e+01
   3.3180646e+00  -3.3647395e+00   2.7777299e+01  -4.5649812e+01
   3.2870057e+00  -3.3176083e+00   2.8601926e+01  -4.6756609e+01
   3.2518253e+00  -3.2684363e+00   2.9427513e+01  -4.7854452e+01
   3.2124801e+00  -3.2172307e+00   3.0253345e+01  -4.8941900e+01
   3.1689384e+00  -3.1640019e+00   3.1078685e+01  -5.0017502e+01
   3.1211831e+00  -3.1087647e+00   3.1902777e+01  -5.1079795e+01
   3.0692150e+00  -3.0515381e+00   3.2724842e+01  -5.2127314e+01
   3.0130562e+00  -2.9923471e+00   3.3544083e+01  -5.3158587e+01
   2.9527543e+00  -2.9312225e+00   3.4359678e+01  -5.4172146e+01
   2.8883860e+00  -2.8682026e+00   3.5170785e+01  -5.5166528e+01
   2.8200623e+00  -2.8033336e+00   3.5976541e+01  -5.6140279e+01
   2.7479326e+00  -2.7366710e+00   3.6776062e+01  -5.7091959e+01
   2.6721903e+00  -2.6682802e+00   3.7568440e+01  -5.8020149e+01
   2.5930781e+00  -2.5982378e+00   3.8352752e+01  -5.8923455e+01
   2.5108932e+00  -2.5266328e+00   3.9128049e+01  -5.9800512e+01
   2.4259935e+00  -2.4535674e+00   3.9893368e+01  -6.0649991e+01
   2.3388030e+00  -2.3791583e+00   4.0647724e+01  -6.1470606e+01
   2.2498180e+00  -2.3035378e+00   4.1390119e+01  -6.2261121e+01
   2.1596128e+00  -2.2268547e+00   4.2119537e+01  -6.3020352e+01
   2.0688452e+00  -2.1492757e+00   4.2834951e+01  -6.3747177e+01
   1.9782620e+00  -2.0709855e+00   4.3535320e+01  -6.4440545e+01
   1.8887036e+00  -1.9921887e+00   4.4219596e+01  -6.5099475e+01
   1.8011086e+00  -1.9131093e+00   4.4886726e+01  -6.5723071e+01
   1.7165169e+00  -1.8339921e+00   4.5535651e+01  -6.6310522e+01
   1.6360722e+00  -1.7551021e+00   4.6165315e+01  -6.6861112e+01
   1.5610232e+00  -1.6767251e+00   4.6774664e+01  -6.7374223e+01
   1.4927230e+00  -1.5991668e+00   4.7362655e+01  -6.7849342e+01
   1.4326269e+00  -1.5227521e+00   4.7928255e+01  -6.8286066e+01
   1.3822880e+00  -1.4478240e+00   4.8470452e+01  -6.8684103e+01
   1.3433503e+00  -1.3747415e+00   4.8988255e+01  -6.9043277e+01
   1.3175389e+00  -1.3038771e+00   4.9480705e+01  -6.9363531e+01
   1.3066470e+00  -1.2356142e+00   4.9946878e+01  -6.9644922e+01
   1.3125194e+00  -1.1703426e+00   5.0385890e+01  -6.9887625e+01
   1.3370315e+00  -1.1084542e+00   5.0796912e+01  -7.0091929e+01
   1.3820642e+00  -1.0503372e+00   5.1179168e+01  -7.0258228e+01
   1.4494738e+00  -9.9636944e-01   5.1531950e+01  -7.0387018e+01
   1.5410564e+00  -9.4691076e-01   5.1854625e+01  -7.0478882e+01
   1.6585066e+00  -9.0229409e-01   5.2146640e+01  -7.0534484e+01
   1.8033695e+00  -8.6281528e-01   5.2407539e+01  -7.0554543e+01
   1.9769871e+00  -8.2872170e-01   5.2636965e+01  -7.0539823e+01
   2.1804365e+00  -8.0019943e-01   5.2834672e+01  -7.0491100e+01
   2.4144620e+00  -7.7735909e-01   5.3000538e+01  -7.0409142e+01
   2.6793985e+00  -7.6022019e-01   5.3134571e+01  -7.0294672e+01
   2.9751002e+00  -7.4869649e-01   5.3236919e+01  -7.0148335e+01
   3.3009094e+00  -7.4258962e-01   5.3307868e+01  -6.9970681e+01
   3.6556895e+00  -7.4159585e-01   5.3347832e+01  -6.9762161e+01
   4.0378987e+00  -7.4532109e-01   5.3357337e+01  -6.9523147e+01
   4.4456676e+00  -7.5329693e-01   5.3336997e+01  -6.9253944e+01
   4.8768697e+00  -7.6499518e-01   5.3287503e+01  -6.8954814e+01
   5.3291847e+00  -7.7984111e-01   5.3209607e+01  -6.8625983e+01
   5.8001538e+00  -7.9722521e-01   5.3104107e+01  -6.8267658e+01
   6.2872300e+00  -8.1651377e-01   5.2971843e+01  -6.7880042e+01
   6.7878202e+00  -8.3705817e-01   5.2813680e+01  -6.7463339e+01
   7.2993232e+00  -8.5820300e-01   5.2630503e+01  -6.7017767e+01
   7.8191607e+00  -8.7929319e-01   5.2423213e+01  -6.6543565e+01
   8.3448047e+00  -8.9967999e-01   5.2192716e+01  -6.6041000e+01
   8.8737992e+00  -9.1872624e-01   5.1939922e+01  -6.5510372e+01
   9.4037781e+00  -9.3581059e-01   5.1665741e+01  -6.4952020e+01
   9.9324798e+00  -9.5033116e-01   5.1371077e+01  -6.4366324e+01
   1.0457758e+01  -9.6170841e-01   5.1056829e+01  -6.3753708e+01
   1.0977589e+01  -9.6938746e-01   5.0723887e+01  -6.3114643e+01
   1.1490079e+01  -9.7283984e-01   5.0373132e+01  -6.2449645e+01
   1.1993464e+01  -9.7156486e-01   5.0005430e+01  -6.1759278e+01
   1.2486115e+01  -9.6509050e-01   4.9621641e+01  -6.1044155e+01
   1.2966534e+01  -9.5297397e-01   4.9222607e+01  -6.0304933e+01
   1.3433354e+01  -9.3480206e-01   4.8809161e+01  -5.9542314e+01
   1.3885335e+01  -9.1019112e-01   4.8382121e+01  -5.8757046e+01
   1.4321362e+01  -8.7878695e-01   4.7942294e+01  -5.7949914e+01
   1.4740440e+01  -8.4026443e-01   4.7490470e+01  -5.7121746e+01
   1.5141684e+01  -7.9432715e-01   4.7027432e+01  -5.6273403e+01
   1.5524322e+01  -7.4070677e-01   4.6553944e+01  -5.5405784e+01
   1.5887683e+01  -6.7916244e-01   4.6070762e+01  -5.4519814e+01
   1.6231191e+01  -6.0948007e-01   4.5578627e+01  -5.3616450e+01
   1.6554362e+01  -5.3147165e-01   4.5078268e+01  -5.2696672e+01
   1.6856797e+01  -4.4497444e-01   4.4570402e+01  -5.1761481e+01
   1.7138175e+01  -3.4985020e-01   4.4055732e+01  -5.0811899e+01
   1.7398247e+01  -2.4598443e-01   4.3534951e+01  -4.9848963e+01
   1.7636830e+01  -1.3328554e-01   4.3008737e+01  -4.8873721e+01
   1.7853806e+01  -1.1684098e-02   4.2477758e+01  -4.7887233e+01
   1.8049108e+01   1.1886797e-01   4.1942665e+01  -4.6890565e+01
   1.8222725e+01   2.5839815e-01   4.1404102e+01  -4.5884787e+01
   1.8374690e+01   4.0691411e-01   4.0862695e+01  -4.4870970e+01
   1.8505077e+01   5.6440448e-01   4.0319058e+01  -4.3850185e+01
   1.8613998e+01   7.3083957e-01   3.9773793e+01  -4.2823496e+01
   1.8701600e+01   9.0617214e-01   3.9227486e+01  -4.1791965e+01
   1.8768060e+01   1.0903381e+00   3.8680711e+01  -4.0756643e+01
   1.8813578e+01   1.2832574e+00   3.8134026e+01  -3.9718571e+01
   1.8838380e+01   1.4848346e+00   3.7587976e+01  -3.8678777e+01
   1.8842711e+01   1.6949593e+00   3.7043090e+01  -3.7638276e+01
   1.8826834e+01   1.9135077e+00   3.6499881e+01  -3.6598065e+01
   1.8791027e+01   2.1403424e+00   3.5958850e+01  -3.5559126e+01
   1.8735580e+01   2.3753135e+00   3.5420480e+01  -3.4522421e+01
   1.8660792e+01   2.6182591e+00   3.4885240e+01  -3.3488890e+01
   1.8566974e+01   2.8690061e+00   3.4353581e+01  -3.2459454e+01
   1.8454442e+01   3.1273705e+00   3.3825942e+01  -3.1435013e+01
   1.8323518e+01   3.3931581e+00   3.3302744e+01  -3.0416442e+01
   1.8174530e+01   3.6661648e+00   3.2784393e+01  -2.9404594e+01
   1.8007809e+01   3.9461772e+00   3.2271281e+01  -2.8400299e+01
   1.7823691e+01   4.2329725e+00   3.1763782e+01  -2.7404364e+01
   1.7622515e+01   4.5263191e+00   3.1262260e+01  -2.6417572e+01
   1.7404624e+01   4.8259763e+00   3.0767061e+01  -2.5440683e+01
   1.7170366e+01   5.1316944e+00   3.0278518e+01  -2.4474436e+01
   1.6920094e+01   5.4432144e+00   2.9796954e+01  -2.3519550e+01
   1.6654171e+01   5.7602676e+00   2.9322676e+01  -2.2576720e+01
   1.6372965e+01   6.0825747e+00   2.8855982e+01  -2.1646626e+01
   1.6076858e+01   6.4098456e+00   2.8397158e+01  -2.0729931e+01
   1.5766245e+01   6.7417775e+00   2.7946483e+01  -1.9827280e+01
   1.5441542e+01   7.0780543e+00   2.7504227e+01  -1.8939311e+01
   1.5103181e+01   7.4183450e+00   2.7070654e+01  -1.8066646e+01
   1.4751626e+01   7.7623012e+00   2.6646021e+01  -1.7209903e+01
   1.4387368e+01   8.1095558e+00   2.6230583e+01  -1.6369697e+01
   1.4010938e+01   8.4597203e+00   2.5824594e+01  -1.5546640e+01
   1.3622908e+01   8.8123822e+00   2.5428308e+01  -1.4741349e+01
   1.3223899e+01   9.1671020e+00   2.5041979e+01  -1.3954446e+01
   1.2814591e+01   9.5234104e+00   2.4665866e+01  -1.3186565e+01
   1.2395728e+01   9.8808045e+00   2.4300236e+01  -1.2438357e+01
   1.1968124e+01   1.0238744e+01   2.3945360e+01  -1.1710492e+01
   1.1532677e+01   1.0596650e+01   2.3601524e+01  -1.1003662e+01
   1.1090371e+01   1.0953896e+01   2.3269022e+01  -1.0318590e+01
   1.0642290e+01   1.1309809e+01   2.2948165e+01  -9.6560341e+00
   1.0189623e+01   1.1663664e+01   2.2639279e+01  -9.0167861e+00
   9.7336730e+00   1.2014679e+01   2.2342706e+01  -8.4016816e+00
   9.2758663e+00   1.2362013e+01   2.2058811e+01  -7.8116007e+00
   8.8177569e+00   1.2704764e+01   2.1787976e+01  -7.2474716e+00
   8.3610340e+00   1.3041962e+01   2.1530605e+01  -6.7102726e+00
   7.9075267e+00   1.3372572e+01   2.1287123e+01  -6.2010335e+00
   7.4592062e+00   1.3695490e+01   2.1057976e+01  -5.7208359e+00
   7.0181876e+00   1.4009543e+01   2.0843629e+01  -5.2708114e+00
   6.5867279e+00   1.4313492e+01   2.0644566e+01  -4.8521392e+00
   6.1672217e+00   1.4606031e+01   2.0461286e+01  -4.4660404e+00
   5.7621932e+00   1.4885795e+01   2.0294296e+01  -4.1137712e+00
   5.3742845e+00   1.5151363e+01   2.0144111e+01  -3.7966127e+00
   5.0062389e+00   1.5401269e+01   2.0011245e+01  -3.5158572e+00
   4.6608794e+00   1.5634011e+01   1.9896199e+01  -3.2727921e+00
   4.3410816e+00   1.5848066e+01   1.9799456e+01  -3.0686782e+00
   4.0497391e+00   1.6041907e+01   1.9721463e+01  -2.9047247e+00
   3.7897233e+00   1.6214024e+01   1.9662621e+01  -2.7820581e+00
   3.5638338e+00   1.6362947e+01   1.9623262e+01  -2.7016855e+00
   3.3747416e+00   1.6487276e+01   1.9603632e+01  -2.6644520e+00
