1.227779058	-12.19982224	-5.941624476	-5.039761684
1.223158356	-11.85791945	-5.915616689	-5.847033298
1.196020299	-11.49344644	-5.843882108	-6.74657996
1.145233741	-11.10901366	-5.720227004	-7.738311726
1.071571407	-10.70941973	-5.539064127	-8.820558124
0.977477811	-10.30130125	-5.295822889	-9.990003938
0.866734429	-9.892604739	-4.987325435	-11.24167243
0.744058674	-9.491933144	-4.612097748	-12.56896013
0.614675052	-9.107829757	-4.170588991	-13.96372504
0.483895115	-8.748066738	-3.665278625	-15.41642729
0.356738057	-8.419003262	-3.100659134	-16.91631852
0.237616815	-8.125070079	-2.483091736	-18.4516734
0.130106274	-7.868424052	-1.820542411	-20.010054
0.03680153	-7.648799406	-1.122215228	-21.57859579
-0.040734071	-7.463563744	-0.39810828	-23.14430226
-0.101938495	-7.307968177	0.34147614	-24.69433485
-0.147151185	-7.175563864	1.086431849	-26.21628496
-0.177460579	-7.058743503	1.827323673	-27.69841614
-0.194517647	-6.949356865	2.555803613	-29.12986684
-0.200334302	-6.83934505	3.26494041	-30.50080673
-0.197084114	-6.721339015	3.949442471	-31.80254318
-0.186920247	-6.589173589	4.605763566	-33.02757764
-0.171822057	-6.438278089	5.232090749	-34.16961513
-0.153477988	-6.265917462	5.828223629	-35.22353273
-0.133208402	-6.07127245	6.395362496	-36.18531499
-0.111928345	-5.855361991	6.935829017	-37.05196551
-0.09014705	-5.620824668	7.452746933	-37.82140426
-0.067998604	-5.371587226	7.949710995	-38.49235956
-0.045296626	-5.112456142	8.430470566	-39.06426269
-0.021605136	-4.848672289	8.898650126	-39.53715097
0.003682025	-4.585468948	9.357523138	-39.91158314
0.031260013	-4.327669788	9.809848885	-40.18856853
0.061835464	-4.079356819	10.25777499	-40.36950925
0.09605644	-3.84362939	10.702802	-40.45615267
0.134451979	-3.622465244	11.14580112	-40.4505502
0.177381975	-3.416684429	11.58707287	-40.35501745
0.224997095	-3.22600761	12.02643236	-40.17209109
0.277207898	-3.04919278	12.46330709	-39.90447838
0.333662424	-2.8842292	12.89683465	-39.55499718
0.393731989	-2.728564828	13.32595034	-39.12650607
0.456505868	-2.579343587	13.74945812	-38.62182719
0.520796495	-2.433631198	14.16608196	-38.0436664
0.585157714	-2.288612496	14.57449787	-37.39453825
0.647919076	-2.141748464	14.97334961	-36.67670421
0.707239053	-1.990886904	15.36125304	-35.89213391
0.761179122	-1.83432611	15.73679471	-35.04249809
0.807799024	-1.670835372	16.09853057	-34.12920072
0.845271101	-1.499639445	16.44498939	-33.15345474
0.87200881	-1.320375888	16.77468444	-32.11640227
0.886801564	-1.133034541	17.08613495	-31.01927572
0.888945422	-0.937887612	17.3778971	-29.86359219
0.878357285	-0.735417167	17.64860285	-28.65136914
0.855659541	-0.526244792	17.89700316	-27.38534649
0.822222829	-0.311066152	18.12201187	-26.06919788
0.780156968	-0.090591594	18.32274578	-24.70771358
0.732243913	0.134507067	18.49855662	-23.3069378
0.681811779	0.363643719	18.64905159	-21.87424604
0.632554812	0.596358817	18.77409931	-20.41835101
0.588310274	0.832352953	18.87381995	-18.94923049
0.552808637	1.071511172	18.94855885	-17.47797508
0.529417693	1.313915429	18.99884473	-16.01655928
0.520903493	1.559842336	19.02533448	-14.57754392
0.529231066	1.809743811	19.02874801	-13.17372272
0.555425483	2.064209485	19.00979728	-11.81772918
0.599509195	2.323911492	18.96911477	-10.52162308
0.660525104	2.589534489	18.90718678	-9.296477223
0.736647224	2.861695979	18.8242975	-8.151986085
0.825372856	3.140863812	18.72048923	-7.096117257
0.923782803	3.427278853	18.59554356	-6.134825165
1.028850047	3.720890867	18.44898717	-5.271843784
1.137773068	4.021314595	18.28012451	-4.508571444
1.24830802	4.327810845	18.08809731	-3.844056239
1.359074312	4.639294428	17.87196936	-3.275085284
1.469810613	4.954367268	17.63083214	-2.796375299
1.581562603	5.271371576	17.36392548	-2.400856022
1.696789327	5.588455007	17.0707652	-2.080032219
1.819381246	5.903637716	16.75126881	-1.82440486
1.95458944	6.214870615	16.40586942	-1.623927865
2.108871383	6.520074943	16.0356085	-1.468474087
2.289663793	6.817155663	15.64219868	-1.348283133
2.505097149	7.103984815	15.22804957	-1.254364528
2.763669169	7.37835552	14.79625172	-1.178832609
3.073896053	7.637912149	14.35051665	-1.115154243
3.44396054	7.880066732	13.89507373	-1.058296755
3.881374996	8.101915266	13.43452787	-1.004770813
4.39267601	8.300169657	12.97368514	-0.952570846
4.983164504	8.471121252	12.51735569	-0.901023195
5.656702344	8.610649995	12.07014585	-0.850558913
6.415572984	8.714289419	11.63625227	-0.802433325
7.260409921	8.77735215	11.21927163	-0.75841765
8.190192898	8.795114044	10.82203894	-0.720488866
9.20230782	8.763048183	10.44650571	-0.690542581
10.29266261	8.677093494	10.09366705	-0.670150112
11.45584784	8.533937666	9.763543254	-0.660375707
12.68532814	8.331290744	9.4552177	-0.661663449
13.97364848	8.068124958	9.166928603	-0.673796552
15.31263897	7.744857955	8.896208193	-0.695925133
16.693602	7.363460617	8.640059208	-0.726652818
18.10746863	6.927476526	8.39515579	-0.764168151
19.54491431	6.441947345	8.158054168	-0.806404045
20.99642972	5.913245953	7.925398071	-0.851207642
22.45234868	5.348826455	7.69410474	-0.896503751
23.9028415	4.756906355	7.461519559	-0.940437377
25.33788845	4.146100763	7.225530528	-0.981484286
26.74725286	3.52503119	6.984637672	-1.018522717
28.12047611	2.901932268	6.737976606	-1.050863636
29.44691666	2.284278823	6.485299398	-1.078241086
30.71585225	1.678453505	6.226919208	-1.100767655
31.91665783	1.089472073	5.96362754	-1.11886275
33.03906276	0.520779937	5.696594194	-1.133162984
34.0734797	-0.025870057	5.427260077	-1.144424609
35.01138574	-0.550452097	5.157231985	-1.153427571
35.84572525	-1.054610979	4.888186672	-1.160889604
36.57129512	-1.541514957	4.621789138	-1.167397033
37.18506782	-2.015621518	4.359627596	-1.173356887
37.68640732	-2.482363579	4.103165268	-1.178972591
38.07713813	-2.947767902	3.853707368	-1.184243385
38.36143805	-3.418022291	3.612380428	-1.188985586
38.54554072	-3.89901307	3.380120692	-1.192872164
38.63725278	-4.395859074	3.157668478	-1.195485876
38.64531122	-4.912472218	2.945566115	-1.196380378
38.57862614	-5.451176946	2.744158057	-1.195143417
38.44547119	-6.012420818	2.553592841	-1.191456276
38.25269589	-6.594605498	2.37382744	-1.185144159
38.00503807	-7.194061218	2.20463516	-1.176213057
37.70461172	-7.805178377	2.04561836	-1.164869843
37.35063261	-8.420697849	1.896226996	-1.151523733
36.93942476	-9.032147668	1.755783292	-1.13676889
36.46472418	-9.630399438	1.623511913	-1.121349573
35.91826724	-10.20630453	1.498573988	-1.106110888
35.29062103	-10.75135969	1.380102361	-1.091939591
34.57218637	-11.25834536	1.26723478	-1.079700496
33.75428418	-11.72187931	1.159141408	-1.070174628
32.83022431	-12.13883302	1.05504318	-1.064005228
31.79625568	-12.5085693	0.954218143	-1.061657014
30.6523065	-12.83297513	0.855993932	-1.063392699
29.40244385	-13.11628264	0.759725893	-1.069268754
28.05500917	-13.36469153	0.664761891	-1.079150061
26.62241866	-13.58582496	0.570396438	-1.092740584
25.12064981	-13.78806711	0.47581828	-1.109625003
23.5684648	-13.97984133	0.380056839	-1.129314645
21.98644462	-14.16889264	0.281933827	-1.151290449
20.39592182	-14.36163651	0.180026826	-1.175036206
18.8179048	-14.56262842	0.072651558	-1.20005705
17.27208127	-14.7741958	-0.042131131	-1.225880961
15.7759752	-14.99625826	-0.166478838	-1.252044486
14.34431212	-15.22634447	-0.302699	-1.278067558
12.98862399	-15.45979697	-0.453147931	-1.303425484
11.71710092	-15.69014106	-0.620100398	-1.327528456
10.53467417	-15.90958165	-0.805595909	-1.3497196
9.443296014	-16.10958386	-1.011271244	-1.36930149
8.442368465	-16.28148905	-1.238191732	-1.385598015
7.529265309	-16.41711816	-1.48669603	-1.398053743
6.699890257	-16.50931786	-1.75627039	-1.406367
5.949218362	-16.5524121	-2.045468151	-1.410646399
5.271776527	-16.54253075	-2.351888339	-1.411574553
4.66203089	-16.47779743	-2.672223711	-1.410557916
4.114662609	-16.35837022	-3.002383349	-1.409839227
3.62472748	-16.18633979	-3.337688441	-1.412549361
3.187707504	-15.96549967	-3.673132541	-1.422679012
2.799472995	-15.7010122	-4.003690161	-1.444957512
2.456181155	-15.39900045	-4.324650694	-1.484635804
2.154140859	-15.06610061	-4.631949348	-1.547182209
1.889673746	-14.7090111	-4.922463607	-1.637912006
1.658998712	-14.33407362	-5.19424348	-1.761583504
1.458161268	-13.94691757	-5.446646715	-1.922002478
1.283021665	-13.55219312	-5.680356393	-2.121682358
1.129307014	-13.15341028	-5.897267511	-2.361607845
0.992723918	-12.75289147	-6.100240745	-2.641144284
0.869120074	-12.35183566	-6.292734501	-2.958123723
0.754676805	-11.95048193	-6.478339492	-3.309122017
0.646110078	-11.54835228	-6.660251999	-3.689920721
0.540855762	-11.14454662	-6.840731412	-4.09612505
0.437215666	-10.73805923	-7.020593339	-4.523887202
0.334444495	-10.32808489	-7.198790684	-4.97066573
0.232763573	-9.914285209	-7.372131007	-5.435938959
0.13329479	-9.496990296	-7.535169344	-5.921785897
0.037916615	-9.077318505	-7.680301801	-6.433253219
-0.050947473	-8.65720526	-7.798067903	-6.978441961
-0.130590314	-8.239341351	-7.877650216	-7.568271858
-0.198308656	-7.827029686	-7.907540157	-8.215912691