-1.03184467145519	0.574925888019517	0.0113637949776406	0.560033294926092
-1.11129316064689	0.579517722940271	-0.0645833485669288	0.547271583089132
-1.19120382700327	0.585238850297122	-0.139377487040857	0.531966467539703
-1.27104085445456	0.592068254701095	-0.212681749789083	0.514439578434522
-1.35025070352364	0.599952591340697	-0.284203621786415	0.495116900763291
-1.42826705309541	0.608804097576127	-0.353697559896231	0.474524379019608
-1.50451607428701	0.618499319112397	-0.420965944408110	0.453279724503747
-1.57842204698385	0.628878801146790	-0.485858305137357	0.432080325635318
-1.64941332976727	0.639747884222937	-0.548268814985988	0.411687282996737
-1.71692869129434	0.650878727411171	-0.608132101189316	0.392905723426614
-1.78042400546373	0.662013657549095	-0.665417484210598	0.376561687971266
-1.83937930375948	0.672869912529601	-0.720121814877888	0.363476032948727
-1.89330616594523	0.683145809205903	-0.772261140151859	0.354435927365456
-1.94175541483599	0.692528322895737	-0.821861484967299	0.350164668657578
-1.98432506239348	0.700702016542788	-0.868949089878312	0.351290667161134
-2.02066843322200	0.707359204502418	-0.913540489672990	0.358316562694664
-2.05050236820883	0.712211180155020	-0.955632854628832	0.371589529049637
-2.07361538625414	0.715000279903394	-0.995195041652041	0.391273889120250
-2.08987565663029	0.715512500620384	-1.03215981532125	0.417327200325484
-2.09923860950356	0.713590335511409	-1.06641769719364	0.449480972887130
-2.10175398865443	0.709145446995929	-1.09781288427329	0.487227149146292
-2.09757212963922	0.702170756983075	-1.12614164330584	0.529811398028885
-2.08694922978176	0.692751507156656	-1.15115353602491	0.576234163651481
-2.07025136471556	0.681074826775486	-1.17255576165362	0.625260250724646
-2.04795700093274	0.667437344955074	-1.19002081750137	0.675437533006269
-2.02065775608769	0.652250399969087	-1.20319757772281	0.725125137134462
-1.98905716968933	0.636042430851938	-1.21172577628486	0.772531186745920
-1.95396726717014	0.619458186973264	-1.21525375572038	0.815759896358172
-1.91630273079219	0.603254459109263	-1.21345921184263	0.852867488002993
-1.87707253180163	0.588292119967640	-1.20607253039309	0.881926074334541
-1.83736892967914	0.575524361523527	-1.19290217924288	0.901094319388931
-1.79835380583897	0.565981128575270	-1.17386149426060	0.908693362817209
-1.76124236981588	0.560749869646317	-1.14899608344835	0.903286186441339
-1.72728435444943	0.560952854159154	-1.11851097754051	0.883758324978295
-1.69774290091913	0.567721434605115	-1.08279658080957	0.849397587360297
-1.67387142230018	0.582167759767530	-1.04245242772913	0.799970272512371
-1.65688882275746	0.605354565228644	-0.998307733156593	0.735791244224797
-1.64795353537653	0.638263775632575	-0.951437738742017	0.657785183176495
-1.64813692148275	0.681764744813133	-0.903174908284457	0.567536367906964
-1.65839664452668	0.736583030526282	-0.855114110561894	0.467324456255389
-1.67955068861842	0.803270646205182	-0.809111049355802	0.360143947745029
-1.71225273214246	0.882178749562466	-0.767273355295632	0.249705306130025
-1.75696960747270	0.973433714475949	-0.731943939782652	0.140416107408398
-1.81396157603370	1.07691748683231	-0.705676423363421	0.0373410464611453
-1.88326612188683	1.19225304636632	-0.691202684054588	-0.0538598237005048
-1.96468591554819	1.31879568569796	-0.691392818727630	-0.127014644308176
-2.05778152270086	1.45563067666017	-0.709208065269488	-0.175544471346052
-2.16186933071322	1.60157772582637	-0.747647486637470	-0.192587864890917
-2.27602504136154	1.75520243034003	-0.809689461427899	-0.171143364216328
-2.39909293390391	1.91483473735563	-0.898229250262272	-0.104227195896037
-2.52970094271401	2.07859419230447	-1.01601410432471	0.0149570703225931
-2.66628142302704	2.24442154035209	-1.16557754331151	0.192840774739101
-2.80709730269608	2.41011602997708	-1.34917454713598	0.435308674497562
-2.95027314346171	2.57337756604688	-1.56871947225205	0.747518430163013
-3.09383046864559	2.73185268051968	-1.82572851404755	1.13372605443235
-3.23572656195491	2.88318313995977	-2.12126848769624	1.59712241940291
-3.37389581054349	3.02505589757492	-2.45591358938631	2.13968587829972
-3.50629256040238	3.15525302938359	-2.82971162840711	2.76205585475690
-3.63093437852868	3.27170027367013	-3.24216099101853	3.46343188544063
-3.74594457803776	3.37251282236880	-3.69219931469907	4.24150207374598
-3.84959286198732	3.45603709242546	-4.17820452412333	5.09240423353144
-3.94033298013081	3.52088733203400	-4.69800851831009	6.01072218874248
-4.01683636932938	3.56597608590439	-5.24892341420072	6.98951876979815
-4.07802086032535	3.59053774793375	-5.82777985960789	8.02040603879529
-4.12307367667334	3.59414465927435	-6.43097654330352	9.09365221554823
-4.15146811997178	3.57671545376064	-7.05453966768286	10.1983237011465
-4.16297352211647	3.53851559918143	-7.69419082516568	11.3224595426774
-4.15765824240518	3.48015032033001	-8.34542144710691	12.4532746895393
-4.13588568706202	3.40255030750795	-9.00357178511949	13.5773874940512
-4.09830352350277	3.30695080327631	-9.66391224814215	14.6810661391493
-4.04582644446199	3.19486481400487	-10.3217248598362	15.7504880614564
-3.97961300193633	3.06805130687428	-10.9723826220315	16.7720060008216
-3.90103717290810	2.92847932565362	-11.6114246695815	17.7324140630005
-3.81165543441819	2.77828899042406	-12.2346252754771	18.6192071389951
-3.71317021250511	2.61975034023063	-12.8380550047968	19.4208271840564
-3.60739062687360	2.45522093802852	-13.4181326118782	20.1268902157049
-3.49619148118826	2.28710309028110	-13.9716666147648	20.7283884307011
-3.38147144899959	2.11780144616890	-14.4958858507842	21.2178625467282
-3.26511137983264	1.94968164109717	-14.9884587023720	21.5895403210301
-3.14893360199056	1.78503054361587	-15.4475010679520	21.8394381561533
-3.03466303178689	1.62601856119144	-15.8715735240275	21.9654237395620
-2.92389081722693	1.47466436494951	-16.2596684676891	21.9672387443305
-2.81804115177962	1.33280231192268	-16.6111883308983	21.8464817066516
-2.71834179497323	1.20205277953492	-16.9259162084573	21.6065522573401
-2.62579873506964	1.08379558355685	-17.2039804320508	21.2525588854735
-2.54117532862152	0.979146628461475	-17.4458147473123	20.7911933224314
-2.46497615538845	0.888937937235236	-17.6521158064453	20.2305754275147
-2.39743573735824	0.813701223915253	-17.8237996753621	19.5800731105687
-2.33851218927812	0.753655202696129	-17.9619589742141	18.8501023265623
-2.28788579621915	0.708696867494212	-18.0678221288905	18.0519125116952
-2.24496245164890	0.678397019657446	-18.1427160162049	17.1973629960329
-2.20888183699509	0.662000362858129	-18.1880330467239	16.2986959254830
-2.17853017990729	0.658430516771272	-18.2052034577197	15.3683110632174
-2.15255739206719	0.666300318821684	-18.1956732968088	14.4185475295890
-2.12939835683022	0.683927780550348	-18.1608882772835	13.4614770967875
-2.10729811036849	0.709358037360253	-18.1022833918157	12.5087131002861
-2.08434063542718	0.740391574061877	-18.0212778945328	11.5712383867743
-2.05848096246278	0.774618921630573	-17.9192750139442	10.6592550130291
-2.02758024714566	0.809461902330750	-17.7976655510172	9.78205766835549
-1.98944346461128	0.842221351912785	-17.6578343562857	8.94793204125696
-1.94185932844010	0.870131071683949	-17.5011685735696	8.16407861440993
-1.88264200558168	0.890417564281358	-17.3290664896243	7.43656167456764
-1.80967415724473	0.900364890876428	-17.1429458401597	6.77028268682547
-1.72095079058479	0.897383761650195	-16.9442504918076	6.16897662352748
-1.61462335778972	0.879083744183821	-16.7344545426950	5.63522937085195
-1.48904348935924	0.843347255244427	-16.5150630547487	5.17051397032851
-1.34280569898290	0.788403800135175	-16.2876088398940	4.77524319319338
-1.17478835090579	0.712902750222624	-16.0536449593533	4.44883579294778
-0.984192139925728	0.615982813004217	-15.8147328484177	4.18979373165091
-0.770575302407224	0.497336258895605	-15.5724262358177	3.99578772014502
-0.533884757338580	0.357265932349852	-15.3282512745462	3.86374853981735
-0.274482372927532	0.196733097914156	-15.0836835276517	3.78996180907614
0.00683443021973886	0.0173942583894911	-14.8401226472655	3.77016410494233
0.308818490800888	-0.178374765818569	-14.5988657388396	3.79963863159384
0.629765823168973	-0.387468990369184	-14.3610805083396	3.87330892605354
0.967516240710909	-0.606059869438191	-14.1277793436295	3.98582939041792
1.31946217497129	-0.829617227923316	-13.8997954809370	4.13167172616054
1.68256603972990	-1.05294802083661	-13.6777623542724	4.30520660793271
2.05338632532956	-1.27025199457343	-13.4620971236887	4.50078016370850
2.42811242274581	-1.47519387401608	-13.2529892331224	4.71278501972458
2.80260797279516	-1.66099123341109	-13.0503946677176	4.93572581969505
3.17246231824045	-1.82051674165392	-12.8540363726501	5.16427923780362
3.53304941127833	-1.94641301913361	-12.6634110698807	5.39334857559219
3.87959330299923	-2.03121791955188	-12.4778024755794	5.61811306743983
4.20723912284877	-2.06749767241441	-12.2963006885920	5.83407202266670
4.51112825348499	-2.04798500620828	-12.1178272981800	6.03708391031462
4.78647622854151	-1.96571913358567	-11.9411655553700	6.22340045198196
5.02865173623215	-1.81418433117689	-11.7649947735557	6.38969573570252
5.23325500825556	-1.58744379808775	-11.5879279761612	6.53309030672414
5.39619381758671	-1.28026553507317	-11.4085516965023	6.65117013582195
5.51375530526524	-0.888237152705004	-11.2254667604232	6.74200031859732
5.58267190790194	-0.407866788411619	-11.0373288474723	6.80413332549352
5.60017976467044	0.163332319375115	-10.8428876317217	6.83661160660962
5.56406814291496	0.826775600156936	-10.6410233481448	6.83896436148524
5.47271863067268	1.58276074691595	-10.4307797129353	6.81119831442569
5.32513309571783	2.43044206157762	-10.2113922434502	6.75378239190717
5.12094969579490	3.36782589333716	-9.98231117165796	6.66762627987911
4.86044653391321	4.39178693582955	-9.74321831905503	6.55405294340222
4.54453287561375	5.49810459759072	-9.49403749492011	6.41476531529027
4.17472817140063	6.68151815354687	-9.23493818653384	6.25180749887118
3.75312944650949	7.93579893948616	-8.96633252196654	6.06752097590921
3.28236792166341	9.25383747921531	-8.68886569531041	5.86449645654210
2.76555600290598	10.6277431444182	-8.40340024303668	5.64552214594662
2.20622601748394	12.0489537455721	-8.11099474133651	5.41352932490531
1.60826226890910	13.5083523405511	-7.81287765171059	5.17153624200535
0.975828132196664	14.9963885242756	-7.51041717085687	4.92259138871819
0.313290006047666	16.5032015233582	-7.20508803768348	4.66971727154907
-0.374860019550801	18.0187425568137	-6.89843631316454	4.41585580595837
-1.08408093430982	19.5328941279182	-6.59204317734274	4.16381643462711
-1.80985723616786	21.0355841717969	-6.28748878297285	3.91622801913698
-2.54776935034957	22.5168932855893	-5.98631716915735	3.67549547179300
-3.29355853005457	23.9671535996902	-5.69000317383728	3.44376198665690
-4.04318492577472	25.3770381960603	-5.39992219485108	3.22287760010507
-4.79287773653868	26.7376403298073	-5.11732353959521	3.01437466600512
-5.53917660494153	28.0405420509032	-4.84330797748591	2.81945067368609
-6.27896368004740	29.2778721430561	-4.57880997184939	2.63895867292664
-7.00948603945812	30.4423535869999	-4.32458492287622	2.47340540358636
-7.72836842554329	31.5273410082232	-4.08120160497102	2.32295706222559
-8.43361650307969	32.5268487787635	-3.84903983402994	2.18745247756796
-9.12361107920865	33.4355706054942	-3.62829325637471	2.06642331389822
-9.79709393558674	34.2488915516141	-3.41897701439688	1.95912077887917
-10.4531461019921	34.9628935040374	-3.22093991719979	1.86454818176488
-11.0911595469069	35.5743551190190	-3.03388063009841	1.78149857113057
-11.7108033715814	36.0807472551849	-2.85736729685361	1.70859657925519
-12.3119856690518	36.4802248419822	-2.69085992476967	1.64434351416688
-12.8948122491449	36.7716160382413	-2.53373479677170	1.58716467091133
-13.4595434364995	36.9544094164411	-2.38531012751590	1.53545778155190
-14.0065501239663	37.0287397700730	-2.24487215338975	1.48764148943040
-14.5362702121591	36.9953729908441	-2.11170083954521	1.44220271797488
-15.0491664917008	36.8556903057573	-1.98509440115156	1.39774180850929
-15.5456869323992	36.6116720074869	-1.86439187076225	1.35301432578278
-16.0262282377232	36.2658806607215	-1.74899299856179	1.30696847495305
-16.4911034077519	35.8214436277489	-1.63837484635512	1.25877714011638
-16.9405139329773	35.2820346336325	-1.53210452808095	1.20786364261019
-17.3745271180138	34.6518539895647	-1.42984765749585	1.15392042741603
-17.7930589107655	33.9356070164943	-1.33137218514815	1.09692001791228
-18.1958624905195	33.1384801633112	-1.23654743906466	1.03711773237926
-18.5825227487339	32.2661142972138	-1.14533832356207	0.975045828922480
-18.9524566793744	31.3245746597805	-1.05779477482791	0.911498937115689
-19.3049195816135	30.3203170308523	-0.974036716774927	0.847510842257985
-19.6390168664961	29.2601497223845	-0.894234902474965	0.784322908550737
-19.9537211508773	28.1511911332338	-0.818588161613561	0.723344656861919
-20.2478942169131	27.0008227293131	-0.747297699441216	0.666107246467033
-20.5203133144278	25.8166374662633	-0.680539204480145	0.614210842971694
-20.7697011878566	24.6063838372895	-0.618433617966159	0.569267080656952
-20.9947591208721	23.3779058999058	-0.561017495235876	0.532838040360000
-21.1942022123526	22.1390798044493	-0.508213945968448	0.506373356940098
-21.3667960293919	20.8977475068258	-0.459805174690115	0.491147236379234
-21.5113937291165	19.6616484908631	-0.415407653926230	0.488197294572663
-21.6269727037095	18.4383504454623	-0.374450948833753	0.498267220968851
-21.7126697846921	17.2351799330714	-0.336161173362499	0.521755313890980
-21.7678140453992	16.0591541448031	-0.299549993568054	0.558670924705938
-21.7919562665821	14.9169148612567	-0.263410003534969	0.608600779981730
-21.7848941805768	13.8146657258990	-0.226317183699767	0.670687020528597
-21.7466926852923	12.7581138905719	-0.186641010789662	0.743618601322646
-21.6776983204987	11.7524170128791	-0.142562624128566	0.825637436027211
-21.5785474248127	10.8021364769491	-0.0921012662033504	0.914560345361149
-21.4501675407696	9.91119757785610	-0.0331490082031114	1.00781748327547
-21.2937718048978	9.08285726223083	0.0364864534919862	1.10250747448190
-21.1108462462629	8.31967986040037	0.119031382605568	1.19546900946609
-20.9031301161072	7.62352108598713	0.216688670954279	1.28336811933248
-20.6725895776861	6.99552042423332	0.331574542194188	1.36279980570872
-20.4213852931533	6.43610188666058	0.465650494036808	1.43040214577215
-20.1518346467114	5.94498298220342	0.620651921409901	1.48298044649910
-19.8663695330648	5.52119164744792	0.798015084775187	1.51763850427229
-19.5674908100927	5.16309079319243	0.998804282853803	1.53191355582340
-19.2577206571150	4.86841006154472	1.22364124842303	1.52391110432414
-18.9395541879282	4.63428434564678	1.47263890077456	1.49243549010270
-18.6154117342926	4.45729859956481	1.74534165042744	1.43711186762764
-18.2875932351252	4.33353845401718	2.04067445312441	1.35849516574235
-17.9582361351335	4.25864614831786	2.35690274454195	1.25816166046554
-17.6292781118099	4.22788128330346	2.69160524961741	1.13877898912114
-17.3024258117137	4.23618588703603	3.04166144801496	1.00415078677158
-16.9791305885745	4.27825325822431	3.40325518946583	0.859232631379536
-16.6605720024952	4.34860000638393	3.77189559173712	0.710116637536636
-16.3476495696824	4.44164063961487	4.14245592513041	0.563982828523570
-16.0409829564412	4.55176396004772	4.50923069940122	0.429016325048441
-15.7409205023714	4.67341041610730	4.86601063408938	0.314290392016265
-15.4475556498598	4.80114943553500	5.20617462727030	0.229616451835715
-15.1607505645614	4.92975563224959	5.52279725978241	0.185363268473814
-14.8801659685815	5.05428265451882	5.80876980391839	0.192248590972049
-14.6052959869992	5.17013333381973	6.05693217116013	0.261107576124360
-14.3355066393696	5.27312471574675	6.26021275733931	0.402643244570281
-14.0700764981564	5.35954651817078	6.41177274958280	0.627165021338653
-13.8082379896389	5.42621157758050	6.50515116944041	0.944322033408347
-13.5492178303484	5.47049691955225	6.53440675896466	1.36283825172427
-13.2922751709673	5.49037422770018	6.49425278445261	1.89025674999298
-13.0367361544471	5.48442868757667	6.38018094308162	2.53270029388227
-12.7820237779605	5.45186544410424	6.18857081075216	3.29465516922270
-12.5276821693035	5.39250322544946	5.91678165769934	4.17878461506464
-12.2733946361511	5.30675504124978	5.56322396728137	5.18577746669286
-12.0189951090005	5.19559624405673	5.12740860180690	6.31423666469293
-11.7644728634625	5.06052063279581	4.60997224119770	7.56061118685351
-11.5099706632198	4.90348565792010	4.01267844615858	8.91917375374272
-11.2557767012328	4.72684814191378	3.33839443634122	10.3820453927975
-11.0023109252872	4.53329223945589	2.59104439522707	11.9392666664576
-10.7501065085174	4.32575161485897	1.77554078880596	13.5789141218196
-10.4997873620909	4.10732799942333	0.897695789848752	15.2872593430428
-10.2520426838228	3.88120840067597	-0.0358845865394504	17.0489669186326
-10.0075995929174	3.65058326533303	-1.01792062241031	18.8473267030471
-9.76719491861219	3.41856784807519	-2.04059000539897	20.6645149786460
-9.53154719164791	3.18812891206127	-3.09566642735625	22.4818785259946
-9.30132983550211	2.96201869072261	-4.17466214074482	24.2802351974582
-9.07714647305283	2.74271778249439	-5.26897099994758	26.0401843638630
-8.85950915802482	2.53238834144871	-6.37000867782299	27.7424205635710
-8.64882021366486	2.33283857941688	-7.46934700157616	29.3680438186708
-8.44535821817301	2.14549922210559	-8.55883968075333	30.8988603800712
-8.24926852209655	1.97141217622391	-9.63073708676761	32.3176681036934
-8.06055852177223	1.81123127987921	-10.6777881699765	33.6085212218153
-7.87909774950234	1.66523463698988	-11.6933280492317	34.7569699325932
-7.70462267986634	1.53334768973413	-12.6713502631473	35.7502709611473
-7.53674599660267	1.41517587134307	-13.6065631166894	36.5775660212765
-7.37496991980409	1.31004541355346	-14.4944299776373	37.2300259025482
-7.21870306241400	1.21705066576645	-15.3311937638667	37.7009586995422
-7.06728017150861	1.13510612162660	-16.1138862056263	37.9858814673065
-6.91998401653051	1.06300124673862	-16.8403227610039	38.0825553116611
-6.77606861599185	0.999456160176250	-17.5090843041281	37.9909845905281
-6.63478294817903	0.943176242178072	-18.1194868932657	37.7133815024351
-6.49539427149558	0.892903819202337	-18.6715410609064	37.2540978640002
-6.35721018708877	0.847465212043219	-19.1659021530772	36.6195263263906
-6.21959861047764	0.805811618333554	-19.6038132848119	35.8179736515262
-6.08200487951626	0.767052531584545	-19.9870424783227	34.8595089649554
-5.94396531198257	0.730480667987213	-20.3178155160128	33.7557901288103
-5.80511663550516	0.695587671673460	-20.5987459784082	32.5198715415268
-5.66520084290205	0.662070190439178	-20.8327638536832	31.1659967784295
-5.52406517416416	0.629826247971705	-21.0230440067122	29.7093795464414
-5.38165708855771	0.598942175970361	-21.1729356869273	28.1659764443481
-5.23801426241359	0.569670700645138	-21.2858941403727	26.5522550036955
-5.09324982544548	0.542401093446386	-21.3654152759830	24.8849604397532
-4.94753322586235	0.517622586324641	-21.4149742220722	23.1808844707260
-4.80106728683265	0.495882508643800	-21.4379684980415	21.4566394684483
-4.65406217859962	0.477740818069906	-21.4376664191586	19.7284410851848
-4.50670717632246	0.463722864230708	-21.4171612487062	18.0119023571156
-4.35914119826613	0.454272335686301	-21.3793315108937	16.3218421123507
-4.21142321735339	0.449706393053411	-21.3268077782454	14.6721103058137
-4.06350370691534	0.450174980730513	-21.2619461471910	13.0754326609655
-3.91519831503712	0.455626234937167	-21.1868085141023	11.5432767159168
-3.76616495839958	0.465779766812283	-21.1031496604159	10.0857410474235
-3.61588548424629	0.480109398054627	-21.0124110499377	8.71146908102437
-3.46365296753514	0.497836666863056	-20.9157211349004	7.42758849180354
-3.30856559021366	0.517936109440614	-20.8139018615189	6.23967676275316
-3.14952789290160	0.539152964542877	-20.7074809629040	5.15175300333646
-2.98525999928621	0.560033554569835	-20.5967095299078	4.16629564839377
-2.81431519451500	0.578968177006605	-20.4815842616392	3.28428516749888
-2.63510599601449	0.594245906219676	-20.3618737199302	2.50527042920952
-2.44593859445121	0.604120270156553	-20.2371478487506	1.82745689640102
-2.24505527062224	0.606884342361652	-20.1068099730168	1.24781439169125
-2.03068411810157	0.600953390129980	-19.9701304635711	0.762201779599002
-1.80109512911968	0.584952857711045	-19.8262812479347	0.365505577751501
-1.55466144040716	0.557809151969462	-19.6743703606915	0.0517892452451024
-1.28992429481224	0.518840448752800	-19.5134757631904	-0.185550287512219
-1.00566006169430	0.467844562210679	-19.3426777188967	-0.353622378491954
-0.700947482557652	0.405180825718302	-19.1610890864936	-0.459882256044905
-0.375233175887892	0.331842929224226	-18.9678829851110	-0.511973862283539
-0.0283933537674491	0.249519748796434	-18.7623173913295	-0.517579209478085
0.339210321357792	0.160641392240231	-18.5437563416461	-0.484277225386162
0.726682773693604	0.0684079692895683	-18.3116875320682	-0.419414708625426
1.13255737616840	-0.0232010277650056	-18.0657362233038	-0.329991593870570
1.55476940006773	-0.109438384110025	-17.8056754704323	-0.222562254284079
1.99064258084967	-0.184822975763940	-17.5314327950727	-0.103154062812905
2.43689003300602	-0.243196248413645	-17.2430935015944	0.0227960863009130
2.88963039483921	-0.277801227474759	-16.9409009035356	0.150487110113400
3.34441968377581	-0.281383251354156	-16.6252537700439	0.275781230767217
3.79629890461094	-0.246310939320037	-16.2967013243348	0.395214391042339
4.23985698926693	-0.164715239916968	-15.9559361279657	0.505990752700277
4.66930817147642	-0.0286437781049145	-15.6037851687566	0.605962775650130
5.07858242891959	0.169772848251662	-15.2411994403729	0.693598642550969
5.46142717532149	0.438146657771731	-14.8692422626991	0.767938986211184
5.81151797270244	0.783653980674562	-14.4890765494448	0.828544995932026
6.12257567581180	1.21285774628770	-14.1019511881665	0.875440026602554
6.38848713206196	1.73153498584438	-13.7091866628284	0.909046816181031
6.60342635447260	2.34451417085668	-13.3121600240120	0.930122340342452
6.76197297322367	3.05552686243590	-12.9122892995403	0.939692205864814
6.85922476137862	3.86707786109028	-12.5110174397064	0.938986315637811
6.89090112666941	4.78033762578480	-12.1097959060573	0.929377336902931
6.85343466451368	5.79506018585099	-11.7100680388734	0.912323279077628
6.74404817397099	6.90952911442957	-11.3132523729820	0.889315246450781
6.56081493994295	8.12053338642748	-10.9207261103434	0.861831181868463
6.30270056886624	9.42337413033514	-10.5338089964558	0.831296167486254
5.96958521449755	10.8119024279888	-10.1537478814155	0.799049604458494
5.56226562464076	12.2785874483909	-9.78170227112867	0.766319361187847
5.08243705574424	13.8146133513428	-9.41873118602478	0.734202764910454
4.53265571581037	15.4100025942146	-9.06578164100008	0.703654118609200
3.91628298265405	17.0537625494815	-8.72367903975209	0.675478258345374
3.23741318121721	18.7340517175771	-8.39311973902749	0.650329527986603
2.50078716991617	20.4383613209127	-8.07466598478035	0.628715440964404
1.71169436489626	22.1537077072168	-7.76874335519825	0.611004223170440
0.875866109882429	23.8668307845353	-7.47564076834694	0.597435387558218
-0.000636529913335373	25.5643936609640	-7.19551302885058	0.588132478781468
-0.911537411606422	27.2331787678699	-6.92838580299804	0.583117143824625
-1.85045930722071	28.8602759982937	-6.67416282945308	0.582323729909009
-2.81103430772833	30.4332587791326	-6.43263509762734	0.585613681191266
-3.78700794448365	31.9403444983918	-6.20349166153658	0.592789097534317
-4.77233465463356	33.3705363051900	-5.98633170669264	0.603604928060873
-5.76126259841459	34.7137439654424	-5.78067745354916	0.617779395042843
-6.74840625998749	35.9608821637709	-5.58598746459885	0.635002375413943
-7.72880571081444	37.1039453654389	-5.40166992391067	0.654941603149774
-8.69797186720536	38.1360590649591	-5.22709547735812	0.677246691246490
-9.65191751455306	39.0515079263609	-5.06160925790927	0.701551102437180
-10.5871742850426	39.8457419424560	-4.90454177132515	0.727472318687114
-11.5007961510153	40.5153622887799	-4.75521838104642	0.754610566749133
-12.3903503234457	41.0580890079775	-4.61296720405388	0.782546546841255
-13.2538967179970	41.4727130220646	-4.47712530880776	0.810838680483721
-14.0899573666765	41.7590352270616	-4.34704318850556	0.839020438904837
-14.8974773106994	41.9177955745790	-4.22208756424328	0.866598333048539
-15.6757786114818	41.9505950891690	-4.10164264964802	0.893051138693262
-16.4245091651674	41.8598137128593	-3.98511007776591	0.917830894951976
-17.1435880064479	41.6485267162373	-3.87190774932404	0.940366151783085
-17.8331487452162	41.3204221781450	-3.76146790623132	0.960067853332960
-18.4934827008399	40.8797217250157	-3.65323476315116	0.976338131106383
-19.1249831898390	40.3311063496693	-3.54666204159754	0.988582147184370
-19.7280922897871	39.6796487133165	-3.44121074442568	0.996222976934122
-20.3032512514842	38.9307528905430	-3.33634748376677	0.998719357699766
-20.8508555687647	38.0901020632676	-3.23154363322386	0.995585960451880
-21.3712155462135	37.1636142247574	-3.12627551722505	0.986415671644383
-21.8645230345718	36.1574055371894	-3.02002577938373	0.970903209450061
-22.3308248361340	35.0777606133168	-2.91228599082196	0.948869249272064
-22.7700031216315	33.9311086799541	-2.80256047247595	0.920284105076023
-23.1817630488275	32.7240043409314	-2.69037121652691	0.885289912407555
-23.5656276331903	31.4631114991190	-2.57526370548468	0.844220192033587
-23.9209397934746	30.1551889262758	-2.45681334721098	0.797615645132998
-24.2468713796395	28.8070759864518	-2.33463217420319	0.746235045905294
-24.5424388861077	27.4256771194028	-2.20837539935180	0.691060158136186
-24.8065254579352	26.0179438663475	-2.07774738130594	0.633293710023029
-25.0379087085364	24.5908534589749	-1.94250653320821	0.574349616276152
-25.2352937826766	23.1513832786855	-1.80246871097116	0.515834836432692
-25.3973510153778	21.7064808098427	-1.65750864285723	0.459522500059636
-25.5227574548470	20.2630290411209	-1.50755901149728	0.407316208037627
-25.6102414351882	18.8278075960668	-1.35260687238124	0.361205727743535
-25.6586293032022	17.4074501819686	-1.19268718808643	0.323214630495775
-25.6668933247550	16.0083992207425	-1.02787337291876	0.295340762515714
-25.6341997226317	14.6368587543293	-0.858264875109795	0.279490785129245
-25.5599557329141	13.2987468897735	-0.683971969196144	0.277410354288280
-25.4438545147135	11.9996491579832	-0.505098084823968	0.290611821401265
-25.2859167129705	10.7447742001954	-0.321720154366615	0.320301614303930
-25.0865274605527	9.53891316542737	-0.133867614248353	0.367309686450468
-24.8464676185192	8.38640410184863	0.0584991628145498	0.432023592045998
-24.5669380963309	7.29110245934396	0.255510102024928	0.514329843808809
-24.2495761705119	6.25635859693394	0.457405322664021	0.613565228681353
-23.8964628335460	5.28500291746036	0.664552619706320	0.728480687288568
-23.5101203563105	4.37933894595085	0.877461418076115	0.857220199740036
-23.0934994375140	3.54114434250405	1.09679209105370	0.997316860639954
-22.6499555414127	2.77167951220063	1.32335958322212	1.14570797008550
-22.1832142878273	2.07170316118267	1.55813037440537	1.29877051848760
-21.6973260516907	1.44149386738163	1.80221196537226	1.45237790822683
-21.1966102465204	0.880876503039876	2.05683425801850	1.60197814504420
-20.6855900988030	0.389252178534741	2.32332243975538	1.74269306081248
-20.1689190577112	-0.0343697159240139	2.60306125939125	1.86943741450158
-19.6513003144562	-0.391338805700591	2.89745089332531	1.97705598041723
-19.1374012140410	-0.683331727645823	3.20785493782313	2.06047599549900
-18.6317646144723	-0.912322038749712	3.53554141507783	2.11487162602988
-18.1387194697001	-1.08055302771185	3.88161803558555	2.13583645528857
-17.6622930685113	-1.19051414007140	4.24696330361000	2.11955941468980
-17.2061274398516	-1.24492140775312	4.63215537171770	2.06299910851905
-16.7734024259147	-1.24670193368083	5.03740082953922	1.96405114161823
-16.3667678219109	-1.19898214242940	5.46246583606837	1.82170287278343
-15.9882867843906	-1.10507918923171	5.90661215959611	1.63617000287231
-15.6393924221612	-0.968494640682901	6.36854076174723	1.40900957950252
-15.3208591141472	-0.792909316943791	6.84634554104677	1.14320436772149
-15.0327896607698	-0.582178029363974	7.33747972878910	0.843214099405896
-14.7746188872161	-0.340322867666829	7.83873720104750	0.514989867291084
-14.5451337987669	-0.0715236917953179	8.34625063499430	0.165948858490378
-14.3425098619166	0.219895433911902	8.85550799962819	-0.195092294801617
-14.1643624721327	0.529484965202217	9.36138834003946	-0.558026062810389
-14.0078121902511	0.852694628471605	9.85821720533639	-0.911603685389711
-13.8695619029431	1.18490476922232	10.3398414033641	-1.24362384309703
-13.7459837036342	1.52146452611204	10.7997220651019	-1.54115688403179
-13.6332130104302	1.85773668199462	11.2310442966069	-1.79079988282545
-13.5272472448957	2.18914865318689	11.6268410174461	-1.97895664192180
-13.4240462940147	2.51124869349769	11.9801279633648	-2.09213573895772
-13.3196319677554	2.81976602975053	12.2840462980344	-2.11725892372277
-13.2101837435769	3.11067332929468	12.5320088618677	-2.04197161270998
-13.0921282514396	3.38024964449625	12.7178458083567	-1.85494694807169
-12.9622201907216	3.62514179934104	12.8359452576056	-1.54617489903471
-12.8176126744274	3.84242209093157	12.8813846431911	-1.10722819328176
-12.6559153552216	4.02964018179810	12.8500486449648	-0.531497466302910
-12.4752390898287	4.18486716082514	12.7387299815738	0.185611111775211
-12.2742263296361	4.30672994910398	12.5452098688110	1.04652136207650
-12.0520668713100	4.39443451437801	12.2683156121334	2.05138009977920
-11.8084990465576	4.44777672076491	11.9079535656279	3.19800048840748
-11.5437968593939	4.46714006137497	11.4651165217657	4.48185708539744
-11.2587439775707	4.45347997934702	10.9418654593285	5.89613236058559
-10.9545958388193	4.40829495515807	10.3412864326122	7.43181294945438
-10.6330314310404	4.33358500236674	9.66742419623329	9.07783247960832
-10.2960965401295	4.23179864928923	8.92519489278474	10.8212565336000
-9.94614042439894	4.10576987222117	8.12028075649873	12.6475042265421
-9.58574796842733	3.95864677188980	7.25901028263571	14.5406000152045
-9.21766939250270	3.79381403789552	6.34822766426157	16.4834487376713
-8.84474955026890	3.61481141901299	5.39515549744806	18.4581265191367
-8.46985874262616	3.42525050729443	4.40725480194206	20.4461800694121
-8.09582681808004	3.22873215149117	3.39208630285320	22.4289270308146
-7.72538212754325	3.02876674415779	2.35717668166055	24.3877503924308
-7.36109666483538	2.82869948345697	1.30989314855461	26.3043805422977
-7.00533846291828	2.63164250391994	0.257329233440113	28.1611592512960
-6.66023204034367	2.44041551071054	-0.793795836751867	29.9412807359991
-6.32762741221392	2.25749625091393	-1.83722238641966	31.6290058945275
-6.00907790425126	2.08498182525929	-2.86721898137861	33.2098468109480
-5.70582674551692	1.92456149682887	-3.87863398048650	34.6707196419332
-5.41880217199301	1.77750130168728	-4.86692994890357	36.0000649982066
-5.14862055544948	1.64464042121563	-5.82820146938420	37.1879358797776
-4.89559688423011	1.52639894740989	-6.75917736301952	38.2260540891882
-4.65976176788829	1.42279636933162	-7.65720873103175	39.1078368067393
-4.44088401772617	1.33347983861897	-8.52024454501107	39.8283956470441
-4.23849777072317	1.25776104022602	-9.34679673893456	40.3845110139485
-4.05193307444769	1.19466030549508	-10.1358968909965	40.7745849233862
-3.88034883374260	1.14295646084086	-10.8870466291101	40.9985756694348
-3.72276703390432	1.10124080782225	-11.6001638567900	41.0579177717399
-3.57810719679103	1.06797357894089	-12.2755267848931	40.9554305720130
-3.44522009243042	1.04154120672449	-12.9137175807534	40.6952186577617
-3.32291981560075	1.02031277914743	-13.5155672227915	40.2825670012015
-3.21001344071891	1.00269412906871	-14.0821028900257	39.7238333320308
-3.10532758529893	0.987178115410632	-14.6144989367670	39.0263398381419
-3.00773133837349	0.972389795132847	-15.1140322175212	38.1982658331014
-2.91615514181954	0.957125353288355	-15.5820422491639	37.2485425678396
-2.82960534589944	0.940383849039237	-16.0198964386748	36.1867509196811
-2.74717429219256	0.921391043861450	-16.4289603750558	35.0230222855406
-2.66804590447999	0.899614799677683	-16.8105729911927	33.7679426556474
-2.59149688851364	0.874771764762359	-17.1660262505784	32.4324595635649
-2.51689375286978	0.846825299455246	-17.4965489076904	31.0277914073458
-2.44368596363734	0.815974827552512	-17.8032938295987	29.5653385206828
-2.37139563431928	0.782637028326868	-18.0873283478257	28.0565953426224
-2.29960422818597	0.747419504128395	-18.3496271291756	26.5130630861953
-2.22793681285241	0.711087765165773	-18.5910671058732	24.9461624325791
-2.15604445574212	0.674526562185799	-18.8124240811342	23.3671459670951
-2.08358538425975	0.638696765318496	-19.0143707174644	21.7870103125894
-2.01020555606525	0.604589129500716	-19.1974757124055	20.2164081886287
-1.93551929321050	0.573176400072867	-19.3622040611526	18.6655609142244
-1.85909062969211	0.545365293145198	-19.5089183893229	17.1441721598182
-1.78041600603208	0.521949931345647	-19.6378814054292	15.6613440236708
-1.69890891781622	0.503568324258785	-19.7492595664436	14.2254967424138
-1.61388708877462	0.490663452456590	-19.8431280686137	12.8442935310249
-1.52456269403727	0.483450443336283	-19.9194772691435	11.5245721720269
-1.43003610659993	0.481891215547187	-19.9782206144809	10.2722850284663
-1.32929358054971	0.485677816921013	-20.0192041016790	9.09244913470704
-1.22120921871360	0.494225489703548	-20.0422172359374	7.98910792133068
-1.10455150025433	0.506676268660883	-20.0470053760540	6.96530595708809
-0.977994565130948	0.521913655468914	-20.0332832863431	6.02307784693148
-0.840134366718673	0.538588620944399	-20.0007496444057	5.16345211890738
-0.689509710479511	0.555156870510876	-19.9491021940088	4.38647057511803
-0.524628094590734	0.569926974306059	-19.8780531852533	3.69122318639589
-0.343996157291216	0.581118619108444	-19.7873447130355	3.07589819183211
-0.146154415301868	0.586929893374147	-19.6767635512670	2.53784663897767
0.0702841513245220	0.585612178585349	-19.5461550849833	2.07366018489578
0.306592248542666	0.575550899953942	-19.3954359649003	1.67926058849928
0.563883872685649	0.555350097866626	-19.2246051478381	1.34999897606538
0.843068231325543	0.523918529004789	-19.0337530396107	1.08076266833406
1.14480297817022	0.480554803318140	-18.8230685218153	0.866087131044133
1.46944788529253	0.425028919879821	-18.5928437172745	0.700270460532810
1.81702018495331	0.357657490017844	-18.3434764271890	0.577487748537971
2.18715289869432	0.279369937523925	-18.0754702525305	0.491902688625830
2.57905752650628	0.191763048917224	-17.7894324889044	0.437773890110759
2.99149248737752	0.0971414152572832	-17.4860699541163	0.409553549648330
3.42273867881101	-0.00145843806595012	-17.1661829673256	0.401976388096733
3.87058345246677	-0.100262097482222	-16.8306577448993	0.410137079948641
4.33231418286746	-0.194770927553468	-16.4804575086744	0.429554771461841
4.80472243474146	-0.279796309738491	-16.1166126162852	0.456223686859670
5.28411951270041	-0.349514852698545	-15.7402100208094	0.486649244297926
5.76636390740402	-0.397544372833341	-15.3523823499400	0.517869529561477
6.24690084037225	-0.417039813116489	-14.9542968660044	0.547462391348096
6.72081376282994	-0.400807626999751	-14.5471445310757	0.573538814452113
7.18288729247974	-0.341436523784396	-14.1321293600503	0.594723584601363
7.62768068819904	-0.231441875427779	-13.7104582026338	0.610124571200005
8.04961058056241	-0.0634205458655034	-13.2833310558638	0.619292213638158
8.44304131145322	0.169787554178778	-12.8519319744634	0.622170996903551
8.80238090527076	0.474935239440425	-12.4174206184817	0.619044838750865
9.12218041372275	0.858205435635897	-11.9809244570412	0.610478381554914
9.39723416122758	1.32505456078976	-11.5435316336546	0.597256187298375
9.62267828173181	1.88006623322408	-11.1062844921250	0.580321776268392
9.79408489032829	2.52681943278029	-10.6701737618867	0.560718333515854
9.90754928048132	3.26777488721843	-10.2361334069698	0.539532738590596
9.95976768138066	4.10418296051668	-9.80503615257385	0.517844361903421
9.94810334659658	5.03601570114947	-9.37768971621988	0.496679825012366
9.87063906676573	6.06192499019068	-8.95483378495956	0.476974652696876
9.72621459328954	7.17922794029320	-8.53713779415082	0.459542462565488
9.51444791131253	8.38391986953524	-8.12519957463058	0.445052053463515
9.23573979036464	9.67071434236237	-7.71954494153073	0.434012476608334
8.89126155025878	11.0331089664148	-7.32062829758812	0.426765911553403
8.48292648788308	12.4634748898694	-6.92883431524074	0.423487929841268
8.01334589767235	13.9531672867033	-6.54448074442470	0.424194518259482
7.48577106647675	15.4926535703422	-6.16782236687625	0.428755055308756
6.90402301619231	17.0716556577313	-5.79905608369179	0.436910291862495
6.27241209165970	18.6793023284803	-5.43832708231581	0.448294281833106
5.59564973705976	20.3042875938283	-5.08573598391042	0.462459141607215
4.87875496497993	21.9350310080057	-4.74134682446707	0.478901487671198
4.12695809578466	23.5598360142688	-4.40519567551955	0.497089408895191
3.34560433175053	25.1670427079428	-4.07729966546055	0.516488871248968
2.54005963481283	26.7451718026499	-3.75766612278085	0.536588525480874
1.71562120587431	28.2830570827870	-3.44630153044305	0.556921989143534
0.877434627097065	29.7699641914373	-3.14321995827510	0.577086799504711
0.0304194380188461	31.1956942124610	-2.84845062964429	0.596759379214518
-0.820795415380987	32.5506711320513	-2.56204428132477	0.615705517744475
-1.67192517876169	33.8260128825353	-2.28407799255010	0.633786044036641
-2.51907122771465	35.0135862552250	-2.01465819140075	0.650957544871426
-3.35875101274087	36.1060464977900	-1.75392159399851	0.667268164514275
-4.18791603882414	37.0968628664225	-1.50203389391433	0.682848699591346
-5.00395824591948	37.9803317694042	-1.25918609450331	0.697899374306769
-5.80470546258755	38.7515794063208	-1.02558846360483	0.712672840612716
-6.58840687073129	39.4065559702672	-0.801462185516957	0.727454091527143
-7.35370963908198	39.9420235374934	-0.587028886038528	0.742538099460190
-8.09962805272697	40.3555397227115	-0.382498308757546	0.758206091481012
-8.82550658335459	40.6454390351745	-0.188054520302578	0.774701446662886
-9.53097840953895	40.8108136404785	-0.00384111435256073	0.792206244214634
-10.2159209094982	40.8514949286315	0.170054035839987	0.810819502857295
-10.8804096131205	40.7680369255489	0.333613863294673	0.830538130329373
-11.5246720199167	40.5617021800504	0.486906375689801	0.851241546253118
-12.1490425704848	40.2344503303806	0.630097431808933	0.872680851955485
-12.7539199077344	39.7889291229211	0.763461359524889	0.894473298200403
-13.3397273880300	39.2284672411271	0.887388784907287	0.916102648103077
-13.9068776096894	38.5570679245527	1.00239110670893	0.936925850708117
-14.4557415252575	37.7794020349236	1.10910114293533	0.956186234777122
-14.9866225029764	36.9007989756801	1.20826959444902	0.973033207189259
-15.4997355097772	35.9272337078462	1.30075711146425	0.986548201870977
-15.9951914101618	34.8653080398463	1.38752190812816	0.995776380005563
-16.4729862188277	33.7222244093716	1.46960304298715	0.999763337751233
-16.9329950149641	32.5057505244465	1.54809966302266	0.997595841607992
-17.3749701266140	31.2241734864089	1.62414668951582	0.988445391971704
-17.7985431266198	29.8862423724403	1.69888759826627	0.971613220394054
-18.2032301479726	28.5010986973651	1.77344510748532	0.946575163538938
-18.5884400245711	27.0781946866216	1.84889072693572	0.913024734277152
-18.9534847902645	25.6271998530867	1.92621423488714	0.870912634617729
-19.2975921196317	24.1578969545655	2.00629422911025	0.820480932155329
-19.6199193617460	22.6800689883043	2.08987093924536	0.762290156187635
-19.9195688957095	21.2033794247592	2.17752248639434	0.697237665006215
-20.1956046161516	19.7372483666379	2.26964572900331	0.626565793859473
-20.4470694306521	18.2907277150241	2.36644274089046	0.551858513689869
-20.6730037125267	16.8723787103711	2.46791382818134	0.475025611951423
-20.8724646962347	15.4901553755995	2.57385780926536	0.398273744522178
-21.0445468249735	14.1512974104454	2.68388005976806	0.324064095694456
-21.1884030585047	12.8622359654965	2.79740856873159	0.255056813058401
-21.3032671232195	11.6285154618729	2.91371797004770	0.194042845317035
-21.3884766367980	10.4547342249181	3.03196121338775	0.143864291277891
-21.4434969689645	9.34450617976217	3.15120823120803	0.107324853349450
-21.4679456116578	8.30044523051348	3.27049065345470	0.0870924633342399
-21.4616167315375	7.32417323499903	3.38885133038062	0.0855965956633223
-21.4245054713160	6.41635171908311	3.50539715753001	0.104923186439298
-21.3568314608781	5.57673667725666	3.61935346626007	0.146710418726282
-21.2590609018832	4.80425500987143	3.73011805828533	0.212048898999371
-21.1319265079535	4.09710038327411	3.83731283274381	0.301389921273227
-20.9764445236120	3.45284559780168	3.94083088693549	0.414465580685244
-20.7939280149850	2.86856793893300	4.04087697330220	0.550224446108070
-20.5859956286947	2.34098349457093	4.13799926971973	0.706786323544646
-20.3545750553852	1.86658606792088	4.23311057008175	0.881419333906871
-20.1019005119643	1.44178611692124	4.32749722762331	1.07054208949851
-19.8305036707466	1.06304511775348	4.42281448223973	1.26975318661039
-19.5431976110236	0.727000885019405	4.52106717040513	1.47388954517299
-19.2430535440415	0.430579681182863	4.62457524464276	1.67711433323569
-18.9333702593201	0.171091402421173	4.73592400850386	1.87303433176449
-18.6176364510435	-0.0536952797173079	4.85789948959553	2.05484564610452
-18.2994862997298	-0.245500233937887	4.99340991178986	2.21550568094573
-17.9826488984694	-0.405503259336551	5.14539477065538	2.34792829599528
-17.6708923171479	-0.534340313172692	5.31672354411057	2.44519808301218
-17.3679632855891	-0.632124458980428	5.51008656312532	2.50079878664358
-17.0775236418470	-0.698490543500994	5.72788100466836	2.50885006774850
-16.8030848303499	-0.732661774838225	5.97209533140264	2.46434611429615
-16.5479418426369	-0.733535606577290	6.24419577184777	2.36338907526308
-16.3151080682217	-0.699785660907674	6.54501859532238	2.20340995749908
-16.1072525627166	-0.629975871783790	6.87467197577209	1.98336950940771
-15.9266412435856	-0.522682615698993	7.23245114956495	1.70393173683709
-15.7750834905200	-0.376620335808740	7.61677035134064	1.36760306592889
-15.6538855580981	-0.190766061584365	8.02511466118165	0.978830785689594
-15.5638121045974	0.0355217189349665	8.45401442330840	0.544055260899463
-15.5050570047055	0.302394169814376	8.89904431389318	0.0717114854082070
-15.4772244479226	0.609417187519102	9.35484846065515	-0.427823179921991
-15.4793211313293	0.955493962538506	9.81519227051065	-0.942336805517870
-15.5097601378439	1.33880795120825	10.2730408272954	-1.45794639318020
-15.5663768519778	1.75678851646674	10.7206629048023	-1.95931561241454
-15.6464570076122	2.20610076087790	11.1497588273188	-2.42992364880315
-15.7467766901818	2.68266029751859	11.5516096267803	-2.85238040420077
-15.8636538333586	3.18167290763488	11.9172442181746	-3.20878172630059
-15.9930104632980	3.69769824169920	12.2376206671725	-3.48109690742572
-16.1304446581748	4.22473595564969	12.5038170784055	-3.65157942839587
-16.2713109145215	4.75633195890662	12.7072272091329	-3.70319087917654
-16.4108073530711	5.28570180631338	12.8397556279348	-3.62002720555630
-16.5440679643133	5.80586771191500	12.8940071046677	-3.38773594633246
-16.6662578970009	6.30980521583016	12.8634649452587	-2.99391296718685
-16.7726696404277	6.79059521108657	12.7426531774486	-2.42846738571650
-16.8588178518288	7.24157684658650	12.5272778507721	-1.68394392707375
-16.9205305408835	7.65649677288808	12.2143432299116	-0.755792850300931
-16.9540343494606	8.02965029239939	11.8022393234605	0.357421171562852
-16.9560317596665	8.35601021336887	11.2907979826765	1.65387827538952
-16.9237682276738	8.63133958138072	10.6813157040403	3.12843595788688
-16.8550874726695	8.85228496181783	9.97654224718396	4.77263811368836
-16.7484734446671	9.01644755622189	9.18063520343854	6.57480150466208
-16.6030778440031	9.12243013462832	8.29908168379933	8.52017830067700
-16.4187324584000	9.16985853088389	7.33858930028418	10.5911910293614
-16.1959460072727	9.15937725158114	6.30694955260585	12.7677340587460
-15.9358856221640	9.09261956228370	5.21287756515171	15.0275337021029
-15.6403435302526	8.97215320701601	4.06583281313369	17.3465572649984
-15.3116899278862	8.80140365909944	2.87582600259296	19.6994599276850
-14.9528134169670	8.58455746624367	1.65321760542357	22.0600573339708
-14.5670507144079	8.32644881709789	0.408513685651860	24.4018111835783
-14.1581076220068	8.03243290195523	-0.847835414952590	26.6983150183066
-13.7299734522374	7.70824995436463	-2.10562822669415	28.9237677474368
-13.2868312392161	7.35988403633906	-3.35509227134274	31.0534232447047
-12.8329661213757	6.99342066676791	-4.58704687518089	33.0640055165055
-12.3726742642086	6.61490729508503	-5.79304510862422	34.9340804212805
-11.9101746016807	6.23022039956797	-6.96549207819353	36.6443766351885
-11.4495255198429	5.84494265527539	-8.09773763765392	38.1780504260660
-10.9945483939771	5.46425318720964	-9.18414243948593	39.5208907329122
-10.5487596309643	5.09283341879165	-10.2201170832061	40.6614629720490
-10.1153125720585	4.73479046455426	-11.2021349048416	41.5911918309855
-9.69695028898586	4.39359942007480	-12.1277196680843	42.3043850036418
-9.29596996942171	4.07206529232696	-12.9954100433563	42.7982013139923
-8.91419924725786	3.77230470966577	-13.8047032825119	43.0725679299427
-8.55298449887022	3.49574697087182	-14.5559809056613	43.1300523589913
-8.21319080811344	3.24315345338141	-15.2504195090290	42.9756956287167
-7.89521300820268	3.01465391597327	-15.8898899797398	42.6168134877338
-7.59899694491910	2.80979781214051	-16.4768484697811	42.0627726274144
-7.32406987827168	2.62761838580542	-17.0142224452578	41.3247488424449
-7.06957875302957	2.46670705685238	-17.5052949992020	40.4154737486054
-6.83433492515321	2.32529542339493	-17.9535904093412	39.3489761947089
-6.61686383246229	2.20134211143442	-18.3627636503586	38.1403238822493
-6.41545804393369	2.09262168891843	-18.7364962479396	36.8053699826607
-6.22823211166676	1.99681292633802	-19.0784005040002	35.3605087596735
-6.05317768055841	1.91158382421587	-19.3919337431868	33.8224434024211
-5.88821737994892	1.83467103185038	-19.6803238433515	32.2079684894125
-5.73125612503766	1.76395154293146	-19.9465069292682	30.5337687651063
-5.58022858926259	1.69750486259367	-20.1930777397636	28.8162352448144
-5.43314176724549	1.63366418690932	-20.4222528323212	27.0712990891024
-5.28811172627970	1.57105550915510	-20.6358464727961	25.3142832184949
-5.14339383760203	1.50862395671265	-20.8352587760519	23.5597712795586
-4.99740598187706	1.44564705764370	-21.0214754192287	21.8214933247251
-4.84874443168425	1.38173502666897	-21.1950780445151	20.1122274252985
-4.69619232288985	1.31681853695299	-21.3562643028794	18.4437163897832
-4.53872083250985	1.25112479805109	-21.5048763631995	16.8265987935687
-4.37548337931159	1.18514308388956	-21.6404366206758	15.2703536234980
-4.20580335162524	1.11958114110696	-21.7621892817463	13.7832579820724
-4.02915604165648	1.05531415201631	-21.8691464769654	12.3723574601419
-3.84514562427779	0.993328123530003	-21.9601375553284	11.0434489531384
-3.65347815823301	0.934659720369594	-22.0338602401876	9.80107584480933
-3.45393170632885	0.880334655496725	-22.0889323751995	8.64853559692306
-3.24632476584869	0.831306791585840	-22.1239430558669	7.58789984974675
-3.03048426837721	0.788400093997071	-22.1375020256411	6.62004714638492
-2.80621444675223	0.752255508400931	-22.1282863129815	5.74470833882250
-2.57326787340031	0.723284716072094	-22.0950831952944	4.96052461383710
-2.33131994663987	0.701632548849410	-22.0368286956180	4.26511789644842
-2.07994803794640	0.687149626637568	-21.9526409468511	3.65517315512415
-1.81861641267221	0.679376516749820	-21.8418478948819	3.12653185816134
-1.54666789916688	0.677540410891626	-21.7040089547728	2.67429552912312
-1.26332310753299	0.680564977593470	-21.5389303815968	2.29293803765756
-0.967687791387561	0.687093681758232	-21.3466742676350	1.97642495826212
-0.658768707234545	0.695526475941842	-21.1275612280159	1.71833805137376
-0.335498060952416	0.704069368167912	-20.8821669845571	1.51200268525737
0.00323365462115744	0.710795967458349	-20.6113131991577	1.35061583814051
0.358536925739553	0.713719710568672	-20.3160530397609	1.22737220958445
0.731475385634612	0.710875092004736	-19.9976520796446	1.13558593631365
1.12301198122074	0.700405865077008	-19.6575652305264	1.06880545482840
1.53395051947913	0.680657865557107	-19.2974104879059	1.02091918121119
1.96487423274370	0.650273842425429	-18.9189403199517	0.986249883797038
2.41608322423889	0.608287472843662	-18.5240115567369	0.959635899475915
2.88753283073831	0.554213600700275	-18.1145546335739	0.936497679073734
3.37877505848947	0.488131678540006	-17.6925430108892	0.912888529099212
3.88890530314378	0.410759418478926	-17.2599635353518	0.885528832379062
4.41651654755264	0.323513773871992	-16.8187884261806	0.851823464373944
4.95966313823729	0.228556582648923	-16.3709494713095	0.809862560932155
5.51583606989977	0.128822505181420	-15.9183149058659	0.758406223010322
6.08195145811756	0.0280272810368900	-15.4626693260261	0.696854151340467
6.65435355699885	-0.0693451964759898	-15.0056968704325	0.625201577031910
7.22883328786306	-0.158077941224588	-14.5489677841003	0.543983181821900
7.80066279688401	-0.232278415742367	-14.0939283703847	0.454206974845768
8.36464606701762	-0.285458245990162	-13.6418942384065	0.357280303920735
8.91518508807866	-0.310634124239926	-13.1940466686310	0.254930322992108
9.44636055646081	-0.300448232890639	-12.7514318493995	0.149121310317166
9.95202555233142	-0.247305858904327	-12.3149626826703	0.0419712331616935
10.4259101477296	-0.143527248608205	-11.8854228179412	-0.0643301144693404
10.8617344544736	0.0184897996627583	-11.4634725487232	-0.167599210772651
11.2533272458738	0.246100568559416	-11.0496561950703	-0.265731149127542
11.5947469988196	0.546241591810232	-10.6444105973413	-0.356764484193413
11.8804020179262	0.925260889452613	-10.2480743591639	-0.438937136962201
12.1051662324203	1.38875486734059	-9.86089749995429	-0.510732246111451
12.2644873061769	1.94141639701082	-9.48305120767867	-0.570913207954053
12.3544838735336	2.58689835238288	-9.11463741914550	-0.618547513735816
12.3720290044699	3.32769648805618	-8.75569799625860	-0.653019358815460
12.3148174031293	4.16505501165304	-8.40622331058572	-0.674031351380704
12.1814143388120	5.09889754810502	-8.06616009354318	-0.681595977435289
11.9712848790799	6.12778544149385	-7.73541845373422	-0.676017773504161
11.6848026173716	7.24890451948311	-7.41387800488947	-0.657867409949043
11.3232377369965	8.45808058926313	-7.10139308604179	-0.627949088825701
10.8887249031227	9.74982307644781	-6.79779708894052	-0.587262805712811
10.3842120985759	11.1173953931827	-6.50290593558282	-0.536963111915758
9.81339209401780	12.5529098602831	-6.21652077083580	-0.478316041103140
9.18061874753315	14.0474443382604	-5.93842995154758	-0.412655834106794
8.49081074579033	15.5911771665387	-5.66841042471467	-0.341343010624651
7.74934571612852	17.1735365863023	-5.40622859382020	-0.265725201979053
6.96194784818813	18.7833605414262	-5.15164077514160	-0.187101981440964
6.13457226179061	20.4090626186895	-4.90439334544106	-0.106694715629145
5.27328934598152	22.0387999016307	-4.66422267976668	-0.0256222206579598
4.38417217794972	23.6606386648746	-4.43085497379832	0.0551172509328303
3.47318991904265	25.2627141153405	-4.20400603986605	0.134657432655699
2.54610979042373	26.8333807769947	-3.98338115992634	0.212268881825869
1.60840986743213	28.3613505971002	-3.76867507275604	0.287357494800839
0.665204515281693	29.8358164024475	-3.55957216662820	0.359457200747405
-0.278816163994077	31.2465589309515	-3.35574694283330	0.428217548834927
-1.21943197578492	32.5840362842483	-3.15686480951824	0.493387086151816
-2.15292294657775	33.8394552682370	-2.96258325920068	0.554793569149353
-3.07608434951716	35.0048246899555	-2.77255347662015	0.612322155787214
-3.98622692333790	36.0729912417587	-2.58642241585330	0.665892785814477
-4.88116316819164	37.0376591107448	-2.40383537633663	0.715437971130245
-5.75918095707427	37.8933948885165	-2.22443909608607	0.760882186667318
-6.61900600207910	38.6356197121111	-2.04788536650649	0.802123975855795
-7.45975495481552	39.2605908324606	-1.87383515638590	0.839021765939969
-8.28088109636902	39.7653749761206	-1.70196321277461	0.871384231028210
-9.08211468249698	40.1478159362383	-1.53196308349188	0.898965849726502
-9.86340005468907	40.4064987999423	-1.36355248027385	0.921468085557422
-10.6248316094973	40.5407130948289	-1.19647887365640	0.938546378985996
-11.3665906411287	40.5504169234926	-1.03052518144127	0.949822887350959
-12.0888849412279	40.4362038617398	-0.865515383159468	0.954904651457859
-12.7918928618956	40.1992740357886	-0.701319864690113	0.953406613519413
-13.4757133311652	39.8414103815067	-0.537860271655719	0.944978669202516
-14.1403230629732	39.3649606418329	-0.375113629036489	0.929335715401973
-14.7855419350724	38.7728251956981	-0.213115469273014	0.906289463364799
-15.4110072274027	38.0684503526582	-0.0519617035153167	0.875780631727777
-16.0161571289770	37.2558263118021	0.108191027998823	0.837910022851644
-16.6002236417255	36.3394885904142	0.267126779072251	0.792966924382051
-17.1622347426677	35.3245213950115	0.424573724567442	0.741453270764510
-17.7010254180361	34.2165611502096	0.580209788098007	0.684102049513356
-18.2152569603414	33.0217982319600	0.733670622100714	0.621888545766158
-18.7034437264204	31.7469748801021	0.884560035701870	0.556033185669238
-19.1639863945752	30.3993772959359	1.03246289891416	0.487994962220822
-19.5952106339851	28.9868200643618	1.17696047526517	0.419454702247554
-19.9954100102998	27.5176212731741	1.31764805037935	0.352287754235716
-20.3628918970393	26.0005670258416	1.45415463309675	0.288526035998433
-20.6960251411648	24.4448644454840	1.58616441055565	0.230309769161554
-20.9932882398124	22.8600827294039	1.71343954176174	0.179829633206464
-21.2533168195509	21.2560823143612	1.83584377828239	0.139260483045358
-21.4749492647917	19.6429327288935	1.95336630886232	0.110688177548382
-21.6572694130931	18.0308202151081	2.06614514018655	0.0960314481460241
-21.7996453173576	16.4299466735413	2.17448925208788	0.0969610823546206
-21.9017631645554	14.8504218980436	2.27889870565041	0.114818992703444
-21.9636555351678	13.3021514039347	2.38008184032491	0.150539973538749
-21.9857232860378	11.7947223971559	2.47896867466799	0.204579104045338
-21.9687504420649	10.3372905751736	2.57671962776366	0.276847824575357
-21.9139115905401	8.93847048741891	2.67472870759509	0.366661685999272
-21.8227713878801	7.60623211459955	2.77462037099742	0.472702641704576
-21.6972759142657	6.34780615751055	2.87823934918892	0.592998515295097
-21.5397357491989	5.16960026649424	2.98763285442466	0.724921933397312
-21.3528007915976	4.07712810565946	3.10502473741493	0.865210565139141
-21.1394270121105	3.07495274755057	3.23278135122614	1.01000996439591
-20.9028355019779	2.16664545257915	3.37336909377930	1.15493967816821
-20.6464643696770	1.35476042300463	3.52930384490299	1.29518257865442
-20.3739142300259	0.640825653933847	3.70309278095567	1.42559661558996
-20.0888882252249	0.0253495537641326	3.89716933461301	1.54084739055619
-19.7951277071205	-0.492157407380832	4.11382236229028	1.63555915052158
-19.4963448874426	-0.913147123521233	4.35512087806439	1.70448101057437
-19.1961539198740	-1.23998574922015	4.62283600063322	1.74266447399387
-18.8980020062311	-1.47589467969367	4.91836202727289	1.74564765059624
-18.6051022105589	-1.62488236240264	5.24263878341430	1.70964101054764
-18.3203697119801	-1.69166873983501	5.59607758528263	1.63170907810884
-18.0463632232877	-1.68160409739725	5.97849328293543	1.50994219316652
-17.7852332429383	-1.60058399650513	6.38904490953265	1.34361236944063
-17.5386786909872	-1.45496182469217	6.82618743868116	1.13330737374693
-17.3079133050464	-1.25146030813837	7.28763703627374	0.881037451668550
-17.0936429438039	-0.997083125129443	7.77035198040573	0.590309635708321
-16.8960546690303	-0.699027549261295	8.27053111043652	0.266165289104909
-16.7148181607393	-0.364598855094948	8.78363125618709	-0.0848225496039430
-16.5490996746184	-0.00112705039769081	9.30440459762241	-0.454594369746562
-16.3975883877571	0.384113631393450	9.82695632630447	-0.833693055857266
-16.2585346107427	0.783982130920423	10.3448223396851	-1.21139619532053
-16.1297989843938	1.19154454715238	10.8510660199470	-1.57589019859323
-16.0089114407245	1.60014439478486	11.3383924565601	-1.91448318756202
-15.8931384024748	2.00346878303395	11.7992777947220	-2.21385223250096
-15.7795564349284	2.39561009670268	12.2261107604418	-2.46031924036197
-15.6651303573752	2.77112267790679	12.6113428569103	-2.64014867099577
-15.5467936772210	3.12507392201893	12.9476432737829	-2.73985933339509
-15.4215291329483	3.45308912697030	13.2280542254683	-2.74654183449618
-15.2864471261660	3.75138938287588	13.4461422560795	-2.64817285286353
-15.1388598886561	4.01682176919998	13.5961410311408	-2.43391731232095
-14.9763493659601	4.24688114722946	13.6730812864442	-2.09440974764243
-14.7968270004406	4.43972290152839	13.6729039222407	-1.62200668391786
-14.5985838572393	4.59416609718433	13.5925527081645	-1.01100267764788
-14.3803298470921	4.70968667853027	13.4300436851807	-0.257803762028292
-14.1412211494420	4.78640053481685	13.1845090924185	0.638946640269324
-13.8808753148297	4.82503649113104	12.8562144795919	1.67829277866601
-13.5993739130472	4.82689953824170	12.4465485552437	2.85694444454261
-13.2972529783219	4.79382488063851	11.9579862293089	4.16930782877507
-12.9754818703502	4.72812364442406	11.3940261961551	5.60756791315839
-12.6354315067468	4.63252133245988	10.7591052330067	7.16181939615936
-12.2788332165769	4.51009033070908	10.0584921234603	8.82024175501536
-11.9077297064980	4.36417794628171	9.29816472693166	10.5693128459916
-11.5244198137772	4.19833158590791	8.48467417943365	12.3940544820757
-11.1313988399786	4.01622275787501	7.62500051392890	14.2783027292846
-10.7312963142099	3.82157159825515	6.72640412261943	16.2049952427821
-10.3268130268650	3.61807358379868	5.79627744990037	18.1564678231616
-9.92065910757174	3.40933000212092	4.84200111177015	20.1147525008960
-9.51549480028792	3.19878361001769	3.87080830029513	22.0618698321923
-9.11387542149763	2.98966073002419	2.88966087080774	23.9801086829785
-8.71820178268046	2.78492082215985	1.90513994960767	25.8522875536645
-8.33067712480908	2.58721433151141	0.923353268574499	27.6619924153884
-7.95327136005262	2.39884936258388	-0.0501392407980038	29.3937870460222
-7.58769315358162	2.22176747778231	-1.01038074897762	31.0333929281278
-7.23537011552389	2.05752866905647	-1.95305355422374	32.5678368594583
-6.89743711826254	1.90730531688156	-2.87449629588491	33.9855654903820
-6.57473251513903	1.77188473647965	-3.77170339218092	35.2765270066689
-6.26780181996071	1.65167972330792	-4.64230823488825	36.4322210901798
-5.97690821808084	1.54674635269927	-5.48455207722765	37.4457190894628
-5.70204912350197	1.45680816496869	-6.29724085517439	38.3116569982349
-5.44297787537451	1.38128577860893	-7.07969238256031	39.0262043593631
-5.19922958295709	1.31933092024951	-7.83167645724434	39.5870125783211
-4.97015008075692	1.26986383937148	-8.55335041376122	39.9931463419693
-4.75492694407857	1.23161308571563	-9.24519256509857	40.2450019001219
-4.55262153733286	1.20315666429593	-9.90793580331916	40.3442158880087
-4.36220111996314	1.18296364259930	-10.5425033885845	40.2935681612807
-4.18257011370974	1.16943536209306	-11.1499486632860	40.0968817994336
-4.01259973553978	1.16094549650052	-11.7314000979460	39.7589230294101
-3.85115531790977	1.15587829736552	-12.2880127241328	39.2853033518668
-3.69712076689185	1.15266446835414	-12.8209266523615	38.6823856425570
-3.54941974384034	1.14981420911744	-13.3312330244957	37.9571954749549
-3.40703329260198	1.14594706355597	-13.8199474238104	37.1173383911539
-3.26901376696907	1.13981829293764	-14.2879904730709	36.1709233577426
-3.13449503777247	1.13034156933051	-14.7361751010417	35.1264922006614
-3.00269907191144	1.11660784793153	-15.1651997575909	33.9929544335111
-2.87293907360767	1.09790032771366	-15.5756467113267	32.7795265894340
-2.74461945889608	1.07370544884800	-15.9679844731489	31.4956749457911
-2.61723299628303	1.04371990383565	-16.3425733533970	30.1510603980032
-2.49035548890037	1.00785365913051	-16.6996731762160	28.7554841951076
-2.36363839647955	0.966228997717578	-17.0394522370562	27.3188332923494
-2.23679979999735	0.919175603499009	-17.3619966908713	25.8510241998275
-2.10961409960972	0.867221718526655	-17.6673196912580	24.3619444022451
-1.98190080990562	0.811081417255571	-17.9553697553039	22.8613906819587
-1.85351277859644	0.751638061096253	-18.2260379957188	21.3590039823591
-1.72432410899022	0.689924024328447	-18.4791640313651	19.8642007860136
-1.59421801676884	0.627096821150745	-18.7145405505100	18.3861013356327
-1.46307480158696	0.564411814908076	-18.9319166497540	16.9334553789637
-1.33076006766211	0.503191755258747	-19.1310001985636	15.5145664543936
-1.19711328838207	0.444793467283959	-19.3114595790350	14.1372160363896
-1.06193678113827	0.390572107492611	-19.4729252189538	12.8085891143178
-0.924985142633313	0.341843503605582	-19.6149913712411	11.5352029720490
-0.785955193593553	0.299845205258072	-19.7372185941653	10.3228410590072
-0.644476496040174	0.265696987736941	-19.8391373557439	9.17649388880957
-0.500102535898167	0.240361666040456	-19.9202531257079	8.10030886554683
-0.352302707477516	0.224607186501836	-19.9800532337923	7.09755081969200
-0.200455291782496	0.218971061805792	-20.0180156696063	6.17057483869751
-0.0438416840762025	0.223728295788070	-20.0336198832642	5.32081270800350
0.118357807005917	0.238864000080434	-20.0263595240124	4.54877394591130
0.287066201731279	0.264051928744530	-19.9957569329091	3.85406203267917
0.463309689265892	0.298640143360282	-19.9413790914452	3.23540601446461
0.648214579585319	0.341644964332447	-19.8628546264176	2.69070722207438
0.843000859998603	0.391754260431025	-19.7598913870828	2.21710039947153
1.04897185375237	0.447340975309559	-19.6322940472665	1.81102810440794
1.26749951388613	0.506487586268771	-19.4799811452109	1.46832683967369
1.50000495546711	0.567021938160550	-19.3030009588508	1.18432301337510
1.74793393518703	0.626564597483613	-19.1015456241858	0.953936523707277
2.01272712878070	0.682587533994697	-18.8759629387129	0.771789529028273
2.29578523151338	0.732483567262367	-18.6267653489354	0.632317806348611
2.59842911071019	0.773645623247318	-18.3546356984981	0.529882026596733
2.92185546564530	0.803554442740874	-18.0604294085979	0.458876286231342
3.26708869098867	0.819872982419962	-17.7451728714459	0.413831331742299
3.63492988585622	0.820545364694445	-17.4100579565371	0.389510092676496
4.02590419061214	0.803897879583091	-17.0564326535926	0.380993392972135
4.44020785645474	0.768739236112070	-16.6857880002326	0.383754029363890
4.87765664667499	0.714457017659790	-16.2997415616237	0.393717776639706
5.33763732163086	0.641107130152860	-15.9000178388074	0.407310288012174
5.81906406085253	0.549492957787501	-15.4884260781238	0.421489289339126
6.32034171531603	0.441230970023643	-15.0668360329954	0.433761902853185
6.83933775246749	0.318799665616392	-14.6371522892395	0.442187364517795
7.37336464994065	0.185569000915872	-14.2012878048556	0.445365805282632
7.91917430780472	0.0458078330713507	-13.7611373344428	0.442414137912188
8.47296578372600	-0.0953325883064504	-13.3185514071099	0.432930416845915
9.03040731459228	-0.231860433118016	-12.8753115053849	0.416948309640795
9.58667317998071	-0.357011046796644	-12.4331070519622	0.394883527876705
10.1364954994232	-0.463340501835664	-11.9935147522789	0.367474208136481
10.6742305525233	-0.542843955489400	-11.5579807655314	0.335717307406367
11.1939386875316	-0.587096961641913	-11.1278060871090	0.300803082134857
11.6894763612957	-0.587417033548491	-10.7041354245434	0.264049658954115
12.1545983542800	-0.535041949441493	-10.2879497406179	0.226839582846496
12.5830677516670	-0.421320570357332	-9.88006252545297	0.190560052612499
12.9687708975999	-0.237911333043796	-9.48111974864207	0.156548332893977
13.3058342345563	0.0230168787481227	-9.09160333727915	0.126043577010447
13.5887397505928	0.368587068080805	-8.71183793008951	0.100146016479963
13.8124356864245	0.805025342015061	-8.34200057535232	0.0797841824990200
13.9724392095867	1.33748658171562	-7.98213297361856	0.0656905326913853
14.0649279460486	1.96989982018235	-7.63215581720326	0.0583855731543388
14.0868175663551	2.70483806802147	-7.29188474791594	0.0581703001228273
14.0358230432193	3.54341663011915	-6.96104744235720	0.0651265449035227
13.9105017142757	4.48522310054903	-6.63930133929988	0.0791245959909405
13.7102768761123	5.52828124291605	-6.32625154433468	0.0998372977304638
13.4354412784866	6.66904989844963	-6.02146848062390	0.126759688213655
13.0871405530614	7.90245695858184	-5.72450489840774	0.159233141464454
12.6673372705502	9.22196733820628	-5.43491190683397	0.196472920230856
12.1787569461731	10.6196828350360	-5.15225374678255	0.237598024466691
11.6248178805121	12.0864708007789	-4.87612107992235	0.281662234470230
11.0095472094925	13.6121177171453	-4.60614262490908	0.327685293376127
10.3374859260105	15.1855030930784	-4.34199502447086	0.374683247322507
9.61358591435565	16.7947886003828	-4.08341087563490	0.421697058675071
8.84310219988309	18.4276170563595	-3.83018489847485	0.467818723396832
8.03148365839083	20.0713157492996	-3.58217825587694	0.512214253070817
7.18426535524739	21.7130986832999	-3.33932106770572	0.554143020305306
6.30696550088153	23.3402625832688	-3.10161318751450	0.592973108552769
5.40498972813082	24.9403719331438	-2.86912332900476	0.628192449353711
4.48354503283203	26.5014288983211	-2.64198664343611	0.659415667711429
3.54756528925156	28.0120246801149	-2.42040085892471	0.686386686273462
2.60164977571668	29.4614696347223	-2.20462109893785	0.708977258379858
1.65001564340517	30.8399003280556	-1.99495350120594	0.727181706576604
0.696464753187125	32.1383625562468	-1.79174776060831	0.741108235211408
-0.255635188454344	33.3488702056041	-1.59538872113501	0.750967262102099
-1.20335572469971	34.4644406234021	-1.40628714345797	0.757057274359390
-2.14419991777917	35.4791078937359	-1.22486977649867	0.759748757047732
-3.07608308617936	36.3879160369110	-1.05156886404978	0.759466770641462
-3.99730358262958	37.1868946579874	-0.886811221241333	0.756672764652960
-4.90650538760610	37.8730199474035	-0.731007020538189	0.751846211112316
-5.80263441540567	38.4441641773232	-0.584538432967897	0.745466623714264
-6.68489047447751	38.8990369404872	-0.447748277224478	0.737996497536134
-7.55267679585961	39.2371213483978	-0.320928836858947	0.729865661517355
-8.40554895122924	39.4586082519458	-0.204311013530015	0.721457482723733
-9.24316483528434	39.5643312835353	-0.0980539917382254	0.713097299224023
-10.0652371972401	39.5557051621275	-0.00223559703639367	0.705043388670668
-10.8714899850502	39.4346692705278	0.0831564651994322	0.697480703938275
-11.6616195254268	39.2036380283957	0.158232300343911	0.690517527007126
-12.4352613142027	38.8654590663132	0.223206254004334	0.684185109286933
-13.1919629455061	38.4233796772796	0.278401892857353	0.678440282383515
-13.9311634737643	37.8810215030562	0.324255355919284	0.673170939565555
-14.6521792873807	37.2423629234562	0.361316906192888	0.668204206562790
-15.3541963829397	36.5117281747823	0.390250528173920	0.663317042519092
-16.0362687680959	35.6937818447393	0.411831437313518	0.658248939651257
-16.6973225921440	34.7935270882287	0.426941393550744	0.652716325143790
-17.3361655061106	33.8163056914992	0.436561742696197	0.646428212723919
-17.9515006879145	32.7677979880350	0.441764146881571	0.639102605811683
-18.5419449301088	31.6540206018763	0.443699008445819	0.630483120597889
-19.1060501741977	30.4813200629602	0.443581640253327	0.620355277156252
-19.6423278818716	29.2563605013467	0.442676289030070	0.608561900804719
-20.1492756545450	27.9861038763376	0.442278176068086	0.595017085184384
-20.6254055428902	26.6777815228509	0.443693780475298	0.579718193405834
-21.0692735223408	25.3388561883597	0.448219652592046	0.562755414266313
-21.4795096439242	23.9769741739838	0.457120107484254	0.544318446740575
-21.8548483981354	22.5999076653827	0.471604208483690	0.524699957069146
-22.1941588497274	21.2154878236292	0.492802506259200	0.504295537760589
-22.4964741112982	19.8315296827551	0.521744047375791	0.483599995196476
-22.7610197226770	18.4557503483341	0.559334205151890	0.463199900332179
-22.9872404919495	17.0956823899764	0.606333912294230	0.443762452826548
-23.1748253342993	15.7585846511375	0.663340886834125	0.426020829978159
-23.3237296195818	14.4513529457646	0.730773438110115	0.410756314861620
-23.4341945124973	13.1804332598849	0.808857416107231	0.398777619452269
-23.5067627649566	11.9517401181319	0.897616824030115	0.390897934411679
-23.5422904037914	10.7705827058359	0.996868549825612	0.387910343474698
-23.5419537536829	9.64160115697857	1.10622158747505	0.390562332817989
-23.5072512503420	8.56871513243579	1.22508101406693	0.399530200212206
-23.4399995374987	7.55508643182777	1.35265686566152	0.415394221159675
-23.3423234073449	6.60309692095726	1.48797791645131	0.438615455946373
-23.2166392408425	5.71434253427717	1.62991021535779	0.469515079475372
-23.0656317334656	4.88964355041715	1.77718007657485	0.508257082492954
-22.8922238534240	4.12907076313092	1.92840106111052	0.554835126838169
-22.6995401711966	3.43198660589471	2.08210433122672	0.609064238140269
-22.4908639170881	2.79709976153523	2.23677161546076	0.670577887621666
-22.2695883611071	2.22253132312735	2.39086989548784	0.738830852288859
-22.0391633582070	1.70589019085634	2.54288682422639	0.813108053140680
-21.8030381513359	1.24435510973016	2.69136581363880	0.892539358855618
-21.5646017626860	0.834760588311312	2.83493969617536	0.976120113940728
-21.3271225167645	0.473683896721601	2.97236187010267	1.06273691312702
-21.0936884135886	0.157530424516202	3.10253388886775	1.15119790675174
-20.8671501927967	-0.117385119451243	3.22452854915904	1.24026669494411
-20.6500689870628	-0.354763873850465	3.33760767035539	1.32869866243372
-20.4446704450822	-0.558256167621086	3.44123393633297	1.41527843203419
-20.2528071024409	-0.731404380637472	3.53507638363664	1.49885698470573
-20.0759305883684	-0.877596155404416	3.61900936019439	1.57838691853073
-19.9150749773958	-1.00002827077381	3.69310503650123	1.65295430791055
-19.7708522317268	-1.10168098235698	3.75761981532935	1.72180568611200
-19.6434602419770	-1.18530217196909	3.81297524411663	1.78436881488319
-19.5327034749903	-1.25340025593459	3.85973427311330	1.84026612698353
-19.4380256963641	-1.30824450155938	3.89857390889604	1.88932002990665
-19.3585536749494	-1.35187120959363	3.93025547438551	1.93154963574404