0	0	0	0
0.00243020082682335	-0.00143862663259324	4.92525243017829E-05	-0.000545530752031876
0.0142554484993667	-0.00843919888319522	0.000288843429850383	-0.00320031902792964
0.0439143801695808	-0.0259985702384601	0.000889458271991896	-0.00985993370317183
0.0986259838459546	-0.0583936405971149	0.00199655229118861	-0.0221480661307744
0.184472625327047	-0.109231334602523	0.00373182474571156	-0.0414359395609663
0.30648219484493	-0.18149792515702	0.00619470676284897	-0.0688613979979967
0.468708806665927	-0.277607375395979	0.00946384856902838	-0.105347555744431
0.674311567703673	-0.399448421370598	0.0135985937284578	-0.15162090735505
0.925631007711039	-0.548430162868057	0.0186404296711668	-0.208228814723089
1.22426283398105	-0.725525971283245	0.0246144053256605	-0.275556303593185
1.57112873788348	-0.931315561363175	0.0315305080905861	-0.353842115986684
1.96654403920092	-1.16602510810483	0.0393849936864152	-0.443193977890104
2.41028200733558	-1.42956532124258	0.048161663625315	-0.543603053154875
2.90163474628241	-1.72156741776564	0.0578330861288231	-0.654957564947751
3.43947057306605	-2.04141695791921	0.068361757312743	-0.777055575340446
4.02228785738641	-2.38828553232993	0.0797012003512496	-0.909616921799626
4.6482653237871	-2.761160307425	0.0917970011322675	-1.05229431650072
5.31530884702883	-3.15887145335324	0.104587779628605	-1.20468362060757
6.02109479679567	-3.58011749333495	0.118006096839068	-1.36633331100043
6.76311000966028	-4.02348862593097	0.131979297705922	-1.53675316146307
7.53868848465871	-4.48748808229537	0.146430290894683	-1.71542216411811
8.34504491413957	-4.9705515892184	0.161278266734299	-1.90179571999193
9.17930517401745	-5.47106501583379	0.176439354965349	-2.09531213005476
10.0385339074244	-5.98738028740498	0.191827224235751	-2.29539841997703
10.9197593432578	-6.51782965376263	0.2073536255224	-2.50147553322393
11.8199954964979	-7.06073840287756	0.222928881847745	-2.71296292802957
12.7362619006328	-7.61443611184895	0.23846232680688	-2.9292826142999
13.6656010242901	-8.17726652839004	0.253862694527619	-3.14986266663644
14.6050935244289	-8.747596175819	0.26903846375716	-3.37414024949575
15.5518714873819	-9.32382177371869	0.28389815880815	-3.60156419004288
16.5031298068155	-9.90437656491775	0.298350610107887	-3.83159713356016
17.4561358444744	-10.4877356373602	0.312305177080312	-4.06371731537087
18.4082375155288	-11.0724203268586	0.325671936054596	-4.29741998216328
19.3568699355924	-11.6570017837479	0.338361835839399	-4.53221849438533
20.2995607611564	-12.2401037831439	0.350286823530967	-4.76764514005027
21.2339343493981	-12.8204048549329	0.3613599430387	-5.00325168887525
22.1577148571798	-13.396639805835	0.371495408715845	-5.23860971418947
23.0687283926554	-13.9676007019494	0.380608656377768	-5.47331070851808
23.9649043263257	-14.532137376154	0.388616373877565	-5.70696601718894
24.8442758617098	-15.0891575206399	0.395436513290415	-5.93920661273922
25.7049799591014	-15.6376264207518	0.400988286635458	-6.16968273133086
26.5452566992056	-16.176566382211	0.40519214693847	-6.398063390831
27.3634481668682	-16.7050558997561	0.407969756311398	-6.62403580868567
28.1579969286521	-17.2222286112616	0.409243942596811	-6.84730473622194
28.9274441717269	-17.7272720775244	0.408938645997501	-7.06759172456229
29.6704275654551	-18.21942642415	0.406978856984357	-7.28463433593203
30.3856789011975	-18.6979828783452	0.403290546649964	-7.49818531278978
31.0720215602583	-19.162282229951	0.397800590551403	-7.70801171591812
31.7283678545537	-19.6117132427261	0.390436686963891	-7.91389404137675
32.3537162795307	-20.045711038743	0.381127270347181	-8.11562532504755
32.9471487141035	-20.4637554757794	0.369801420709253	-8.3130102423895
33.5078275979039	-20.8653695347857	0.356388769436567	-8.5058642099718
34.0349931119762	-21.2501177318946	0.340819402046764	-8.69401249436483
34.5279603851788	-21.6176045669985	0.323023758208012	-8.87728933303978
34.9861167449775	-21.9674730186702	0.302932529258488	-9.05553707105574
35.4089190280343	-22.2994030931289	0.280476553349304	-9.22860531649641
35.7958909629921	-22.6131104330599	0.255586708223677	-9.39635011685271
36.1466206351281	-22.908344990379	0.228193801533272	-9.55863315782958
36.4607580400839	-23.1848897654831	0.198228458478358	-9.71532098537996
36.7380127316638	-23.4425596141454	0.165621006440201	-9.86628425113192
36.9781515667154	-23.681200121987	0.130301356150269	-10.0113969807695
37.1809965483548	-23.9006865453817	0.0921988788094436	-10.1505358643486
37.3464227672474	-24.1009228167165	0.0512422784288649	-10.2835795669689
37.4743564393034	-24.2818406111308	0.0073594585095723	-10.4104080576694
37.5647730369654	-24.4433984711803	-0.0395226179929937	-10.5309019538685
37.6176955102435	-24.5855809853075	-0.0894780766655008	-10.6449418781038
37.6331925927644	-24.7083980155394	-0.14258228905825	-10.7524078232453
37.6113771873391	-24.8118839694602	-0.198912041246536	-10.8531785217306
37.552404824878	-24.8960971112128	-0.258545715538268	-10.9471308136879
37.45647218989	-24.9611189060477	-0.321563487676718	-11.0341390080546
37.3238157052501	-25.0070533927543	-0.388047542293329	-11.1140742299277
37.1547101683911	-25.0340265781536	-0.458082309851213	-11.1868037463747
36.9494674305306	-25.0421858476825	-0.531754728905963	-11.2521902617375
36.7084351099405	-25.0316993859433	-0.609154538223176	-11.3100911720292
36.4319953295638	-25.0027556008899	-0.690374604166142	-11.3603577662785
36.1205634684091	-24.9555625450476	-0.775511289847771	-11.4028343605314
35.7745869150318	-24.8903473267698	-0.864664873887909	-11.4373573475507
35.3945438099438	-24.8073555039696	-0.957940028311087	-11.4637541418954
34.980941761821	-24.7068504519531	-1.05544636726901	-11.4818419958075
34.5343165197252	-24.5891126958191	-1.15729908102567	-11.4914266558685
34.0552305799352	-24.454439196248	-1.26361967320713	-11.4923008233101
33.5442717010049	-24.3031425751731	-1.37453682398394	-11.4842423715851
33.0020512937652	-24.1355502645291	-1.49018740803586	-11.4670122624967
32.4292026433182	-23.9520035565822	-1.61071770445046	-11.4403520856393
31.8263789063572	-23.7528565276238	-1.7362848470207	-11.4039811233346
31.194250807415	-23.5384747970646	-1.86705857907941	-11.3575928119622
30.5335039287768	-23.3092340696486	-2.00322339912435	-11.300850426411
29.8448354457247	-23.0655183870664	-2.14498121534602	-11.2333817507209
29.128950093036	-22.807717982466	-2.29255467416138	-11.15477240406
28.3865550455899	-22.5362265799004	-2.44619139907395	-11.064557348805
27.6183532292038	-22.251437897445	-2.60616948757424	-10.962209884761
26.8250342978918	-21.9537409728104	-2.7728047946443	-10.847127071912
26.0072620222532	-21.6435136845697	-2.94646083846377	-10.7186099100755
25.1656559221002	-21.3211133863543	-3.12756271455351	-10.5758355026089
24.3007631644341	-20.9868626653916	-3.31661746278152	-10.4178163149837
23.413012804579	-20.6410262651205	-3.51424555784156	-10.2433371867177
22.5026347206835	-20.2837703478263	-3.721233501515	-10.0508501397954
21.569496584449	-19.9150807695592	-3.93863278275873	-9.83827645128401
20.6126904308165	-19.5345561495286	-4.16799233185471	-9.60254173750269
19.6270842431435	-19.1396834430546	-4.41305837415639	-9.33617623853618
18.6166059418831	-18.7318194342154	-4.67285076848446	-9.03967018286838
17.6070689462721	-18.3220276507838	-4.93468437748893	-8.73413302918007
16.6248508408343	-17.9212412711057	-5.18461998215214	-8.44225840178756
15.6850195016597	-17.5350536856672	-5.41380648293805	-8.17728655435749
14.7980651072516	-17.167061586249	-5.61547708724874	-7.94896048070883
13.9712396623729	-16.8195122506657	-5.78439180408824	-7.76459038429165
13.2092981631937	-16.4936522180436	-5.91653573775696	-7.62960780970344
12.514999033793	-16.1899562793632	-6.00891640765004	-7.54792322186766
11.8894775423821	-15.9082937277722	-6.05941149608496	-7.52218442553808
11.3325411361577	-15.6480564107484	-6.06664663828161	-7.55397675399393
10.8429116208306	-15.4082611036752	-6.02989315417691	-7.64398534897772
10.4184283999887	-15.1876333544127	-5.94898013263628	-7.79213080002073
10.0562215930375	-14.9846772371769	-5.82421751099514	-7.99768491779743
9.75286088234903	-14.7977339583217	-5.65632799682667	-8.25937098266371
9.50448419459442	-14.6250313734483	-5.44638637144357	-8.57545140177565
9.30690923796013	-14.4647259245296	-5.19576513370071	-8.94380485036693
9.15573021393564	-14.3149381462961	-4.90608570681507	-9.36199442741392
9.0464015480248	-14.1737826471056	-4.57917460329419	-9.82732799657709
8.97431015226557	-14.0393932979395	-4.21702405906867	-10.3369116389846
8.93483749311635	-13.9099442385788	-3.82175672828052	-10.8876969734873
8.92341255999923	-13.7836672168114	-3.39559408745883	-11.4765229771438
8.93555669294616	-13.6588657048042	-2.94082823987064	-12.1001528480069
8.96692111965206	-13.533926180123	-2.45979684269544	-12.7553063835586
9.01331796437705	-13.4073269130017	-1.95486090461846	-13.4386882946515
9.07074541787973	-13.2776445634704	-1.42838522164727	-14.1470128320521
9.13540769501902	-13.1435588598215	-0.882721235888328	-14.8770250675852
9.20373035213906	-13.0038556022366	-0.320192116661831	-15.6255191423312
9.27237148796344	-12.8574282112085	0.256920123646039	-16.389353768862
9.33822930813745	-12.7032780189555	0.846385654739336	-17.165465252089
9.39844649382102	-12.5405134828173	1.44603615932795	-17.9508782732117
9.45041177817002	-12.3683484822605	2.05377262421311	-18.7427146629847
9.49175910065953	-12.1860998453202	2.66757173613328	-19.5382003737018
9.52036467764235	-11.9931842358439	3.28549101757578	-20.3346708436716
9.53434229804065	-11.7891145196267	3.90567282875625	-21.129574933347
9.53203712544309	-11.5734957152975	4.5263473533175	-21.9204775985387
9.5120182619814	-11.3460206245437	5.14583467698617	-22.7050614532071
9.47307030507605	-11.1064652258525	5.76254606044383	-23.4811273621093
9.4141841053838	-10.8546839063484	6.37498450002064	-24.2465941920435
9.33454691297794	-10.5906045974504	6.98174466250466	-24.9994978395369
9.23353207888436	-10.3142238719201	7.58151227338558	-25.7379896425464
9.11068846052854	-10.0256020523726	8.17306303121897	-26.4603342740514
8.96572966237039	-9.72485837444307	8.75526111451115	-27.1649072063069
8.79852322696824	-9.41216624150756	9.32705734158488	-27.8501918259681
8.60907987687291	-9.08774860210858	9.88748703829272	-28.5147762722767
8.39754289406323	-8.75187347601066	10.4356676631945	-29.1573500630033
8.16417771104697	-8.40484965007327	10.9707962349035	-29.7767005658427
7.90936177622232	-8.04702256085212	11.4921466017268	-30.3717093664508
7.63357474557497	-7.67877037699677	11.9990665894678	-30.941348578262
7.33738904322911	-7.30050029107633	12.4909750593169	-31.4846771336258
7.04128297036665	-6.92255610022857	12.9203714368447	-31.9068621560767
6.76535312251501	-6.55507546517501	13.2461671024903	-32.1256608100395
6.49173559818359	-6.18920167185227	13.5272973653794	-32.2584887410543
6.2069500240145	-5.81825695975402	13.815685580332	-32.4085840038673
5.91909720485573	-5.44634271312281	14.1096075004955	-32.571944240414
5.63526852031177	-5.07704546076186	14.4073874037069	-32.7447175593247
5.36160485691995	-4.71346755357791	14.7074059781453	-32.9232166438389
5.10335611048793	-4.35825803438801	15.0081068817187	-33.1039299616212
4.8649406950749	-4.01364341672309	15.3080020870524	-33.2835303414762
4.6500045649402	-3.68145812539464	15.6056761195939	-33.4588811700236
4.46147932092561	-3.36317438516484	15.8997892916121	-33.6270404488153
4.30163903321835	-3.05993137499833	16.1890800298348	-33.7852629393393
4.17215546833314	-2.77256349411571	16.4723663892139	-33.9310006100057
4.07415145955137	-2.50162761246837	16.7485468398991	-34.0619015856977
4.00825220708457	-2.24742920237641	17.0166004089983	-34.1758077869111
3.97463433702663	-2.01004726999111	17.2755862531597	-34.2707514320048
3.97307258687791	-1.78935802504077	17.5246427324701	-34.3449505627246
4.00298402022691	-1.58505724508128	17.7629860506577	-34.3968037400177
4.06346970423047	-1.39668130628858	17.9899085211569	-34.4248840442814
4.15335381101241	-1.22362686679018	18.2047765132393	-34.4279325016135
4.27122012817311	-1.06516920072622	18.4070281271751	-34.4048510453928
4.41544598443149	-0.92047919174432	18.5961706422444	-34.3546951106074
4.58423361416212	-0.788639003547004	18.7717777763842	-34.2766659467601
4.77563899938125	-0.668656452501935	18.9334867913098	-34.1701027238819
4.98759823969749	-0.559478113255192	19.0809954720635	-34.0344744951182
5.21795150996559	-0.460001192808145	19.2140590050874	-33.86937206844
5.4644646719218	-0.369084211659373	19.3324867740265	-33.6744998291498
5.72484860994128	-0.285556532381899	19.43613908747	-33.4496675438471
5.9967763621833	-0.208226776376167	19.5249238476223	-33.1947821651612
6.27789811662766	-0.135890168439278	19.5987931633151	-32.909839644558
6.56585413658268	-0.0673348460871151	19.6577399046199	-32.5949167474648
6.8582856717116	-0.00134716603647784	19.7017941893176	-32.2501628502612
7.15284389777906	0.0632839664484991	19.7310197832267	-31.8757916815578
7.44719691009376	0.127763729049661	19.7455103863088	-31.4720729494698
7.73903477039591	0.193288971353698	19.7453857637361	-31.0393237706389
8.02607257224552	0.261046775567547	19.7307876644821	-30.5778997830783
8.30605144202274	0.33221402758068	19.7018754476206	-30.0881857798004
8.57673732554517	0.407958070851954	19.6588213054983	-29.5705856378225
8.83591731460936	0.489438563786478	19.6018049286789	-29.0255112283464
9.08139312803393	0.577810731475302	19.5310073924949	-28.4533698635645
9.31097115192178	0.674230307945334	19.4466039463945	-27.8545496380643
9.52244811806953	0.77986062830701	19.3487552324656	-27.2294017130618
9.71359097368968	0.895882593413207	19.2375962069354	-26.5782180864203
9.88210860713938	1.02350867422204	19.1132216069444	-25.9012025283481
10.0256115066507	1.1640029172459	18.9756660256191	-25.1984308040832
10.1415523864996	1.31871043408382	18.8248751495408	-24.4697932870134
10.227134429262	1.48910305126028	18.6606615127787	-23.7149066658377
10.2791586001004	1.67685539326892	18.4826304274613	-22.9329660610267
10.2937378227023	1.88398750519919	18.2900393867135	-22.122464137606
10.2656295415811	2.11319825408384	18.081462801205	-21.2805209322025
10.1834036052848	2.37028104348617	17.8522535677567	-20.3978073867787
10.0433668534167	2.65616529681338	17.6010760861945	-19.4733704299961
9.86642087754196	2.95761827846483	17.3378289807454	-18.5320078466761
9.6776679162081	3.25868300946265	17.0734914008375	-17.60175938878
9.49266824141442	3.54864663013774	16.8137809921263	-16.6992825459245
9.32338801707771	3.81903261514511	16.5624861828496	-15.8365803807111
9.17925735194319	4.0630385261767	16.3221034522009	-15.0223380366604
9.06771967462478	4.27522892968248	16.0941767609005	-14.2626619274532
8.99458604882857	4.45132683052986	15.8795180493342	-13.5615791241949
8.96429166234193	4.58805513617445	15.6783657245655	-12.9214105421702
8.98009526832544	4.68300786736385	15.4905056519279	-12.3430667656095
9.04424175954451	4.73454110669999	15.3153671418279	-11.8262913426673
9.15809901124783	4.74167817752793	15.1521010504163	-11.3698656784314
9.32227564385539	4.7040257687845	14.9996444000192	-10.9717842637829
9.53672393200103	4.62169891674276	14.8567744284719	-10.6294060161119
9.80083068743264	4.49525343908607	14.7221540926965	-10.3395857683608
10.1134980939638	4.32562482823871	14.5943705008677	-10.0987888655294
10.4732159355802	4.11407286800453	14.471967388116	-9.90319113047591
10.8781263074323	3.86213140344848	14.3534725070349	-9.74876599198572
11.3260816627748	3.57156280398761	14.237420633242	-9.63136024183314
11.8146968852826	3.24431673454801	14.1223727624432	-9.54675965318322
12.3413959602503	2.88249290194384	14.0069319831956	-9.49074551909168
12.9034537340664	2.48830748118	13.8897564389484	-9.45914303741251
13.4980331888224	2.06406295417552	13.7695697375019	-9.44786236439724
14.122218611229	1.61212111471318	13.6451691214561	-9.45293307524286
14.7730449976747	1.13487901039272	13.5154316766034	-9.4705327001435
15.4475240071962	0.634747606440295	13.3793188245162	-9.49700994514227
16.142666749247	0.114132968366004	13.2358793193891	-9.52890315557648
16.8555036719737	-0.424580228687302	13.0842509464739	-9.56295453428385
17.5831017982293	-0.979043046067252	12.9236610994939	-9.59612058566328
18.3225795400561	-1.54695465595088	12.7534263966744	-9.62557921922347
19.0711193073511	-2.12607290761499	12.5729514791151	-9.64873391173541
19.8259781125443	-2.71422324060495	12.3817271208352	-9.66321529505198
20.5844963601262	-3.30930609123467	12.1793277667405	-9.66688050672524
21.3441049975924	-3.90930293049927	11.9654086028097	-9.65781061249056
22.1023311927184	-4.51228106330212	11.7397022518468	-9.63430638331585
22.8568026909538	-5.11639731089513	11.5020151780924	-9.59488268490099
23.6052509960941	-5.71990069061484	11.2522238747469	-9.53826171415806
24.3455135072136	-6.32113419938658	10.9902708999563	-9.46336529523066
25.0755347350967	-6.91853580008078	10.7161608190002	-9.36930642696035
25.7933667121001	-7.51063870265984	10.4299561032416	-9.25538025433026
26.4971687004762	-8.09607102516742	10.1317730298163	-9.12105461826666
27.1852062957139	-8.67355491299983	9.82177762000777	-8.96596032121891
27.8558500133837	-9.24190518857439	9.50018164874674	-8.78988123012989
28.5075734403148	-9.80002759748186	9.16723875265511	-8.59274432371421
29.1389510236786	-10.3469167114867	8.82324065949289	-8.37460977734532
29.748655564695	-10.8816535433229	8.46851355773983	-8.13566116627484
30.3354554772145	-11.4034029231284	8.10341462131955	-7.87619585633151
30.8982118653475	-11.9114106815609	7.72832870113201	-7.59661564063177
31.435875468604	-12.4050006801494	7.34366519207276	-7.29741767114024
31.9559305541113	-12.8877952434615	6.94985507445894	-6.97918571089286
32.4648220927029	-13.3630188569795	6.54843900023541	-6.64476343488135
32.9511429164106	-13.825169147579	6.14300856736899	-6.3011339063773
33.4048558475587	-14.2695097553465	5.73782774028238	-5.95665904606769
33.8256554427152	-14.6961466318812	5.33661890130072	-5.61864828403595
34.2133097122747	-15.1051992595179	4.94259574655693	-5.29342105478129
34.5676537126638	-15.4967979635413	4.55849629651582	-4.98636972919066
34.8885836121691	-15.871081596771	4.18661573688227	-4.7020224225694
35.1760512173203	-16.2281955702765	3.82883883537956	-4.44410517431606
35.4300589437766	-16.5682902038772	3.48667171510175	-4.21560306257766
35.6506552131614	-16.8915193701765	3.16127279777208	-4.01881988005986
35.8379302552249	-17.1980394061458	2.85348276032368	-3.85543605517552
35.9920122930324	-17.4880082666914	2.56385337582409	-3.72656455600815
36.1130640875479	-17.7615848951693	2.2926751349621	-3.63280456327933
36.2012798169437	-18.0189287864524	2.04000356718989	-3.57429274279604
36.2568822651931	-18.2601997188578	1.80568420125424	-3.55075198788244
36.2801202939356	-18.4855576320066	1.58937612335371	-3.56153753825224
36.2712665712057	-18.695162628477	1.39057410762392	-3.60568041383581
36.2306155303369	-18.8891750779076	1.20862930817929	-3.68192813043076
36.1584815321463	-19.0677558029915	1.04276851462827	-3.78878268888383
36.0551972033216	-19.2310663275384	0.892111983927206	-3.92453585101853
35.921111923708	-19.3792691674573	0.755689870739128	-4.08730173387427
35.7565904348743	-19.5125281460831	0.632457286206268	-4.27504676918155
35.5620115418439	-19.6310087157119	0.521308021306989	-4.48561708751209
35.3377668791196	-19.7348782674747	0.421086975817573	-4.71676339633737
35.0842597110164	-19.8243064117143	0.330601337389506	-4.96616342839988
34.8019037346866	-19.8994652107757	0.248630557417284	-5.23144204140613
34.4911218519342	-19.960529345486	0.173935171218595	-5.51018905209665
34.1523448727175	-20.0076761954795	0.105264509552479	-5.7999748871765
33.7860101088556	-20.0410858117643	0.0413633465905207	-6.09836413024889
33.3925598104548	-20.0609407573347	-0.019022474002743	-6.40292703751002
32.9724393894195	-20.0674257879156	-0.0771413984536533	-6.7112490850817
32.5260953632868	-20.0607273397038	-0.134232478649934	-7.02093859677771
32.0539729374243	-20.0410327836642	-0.191522625222238	-7.32963248174532
31.5565131226831	-20.0085293957429	-0.250224792325571	-7.63500008517166
31.0341492564725	-19.9634029780307	-0.311537106668146	-7.93474511962583
30.4873027541916	-19.9058360456145	-0.376642978081122	-8.22660559583254
29.9163778592676	-19.8360054646941	-0.446712263211529	-8.50835160382524
29.3217550745044	-19.754079384934	-0.522903602467398	-8.77778069907189
28.7037828299874	-19.6602132454266	-0.606368120870038	-9.03271050786057
28.0627667478307	-19.5545445362844	-0.698254789023671	-9.27096795586863
27.398955556504	-19.4371858441933	-0.799717903897812	-9.49037419761695
26.7125222040751	-19.3082154586411	-0.91192741255577	-9.68872379837904
26.0035378582384	-19.1676643848579	-1.03608324672291	-9.86375583133335
25.2719349237354	-19.0154978309123	-1.17343563043076	-10.013112964793
24.5174521909987	-18.8515877280523	-1.32531484471453	-10.1342815715841
23.7395488308712	-18.6756696438972	-1.49317712666989	-10.2244995066948
22.9372585625614	-18.4872697542448	-1.67868097693145	-10.2806030064939
22.108910594244	-18.2855651753716	-1.88382998317554	-10.2987404964114
21.2514610669457	-18.0690495242981	-2.11130640005348	-10.2737048290173
20.3554180070122	-17.8329952117916	-2.36688702136932	-10.1941008842456
19.4196676410113	-17.5759870906638	-2.6514848012968	-10.056269911877
18.4688503263845	-17.3078457219994	-2.95185079505347	-9.88114708359303
17.5308525639431	-17.0394741404536	-3.2520121769778	-9.69386721211277
16.6221835226484	-16.7765162155972	-3.54124068986097	-9.51002199209911
15.7547034940513	-16.522689260422	-3.81104493205811	-9.34160774080774
14.9369608958959	-16.2804215595201	-4.05460816896256	-9.19808335844724
14.1749318448664	-16.0511920027354	-4.26648129732877	-9.08691963355128
13.4725198260005	-15.8357507350434	-4.44237431450377	-9.01395350914136
12.831929070534	-15.6342777491117	-4.5789978082201	-8.98364454109912
12.2539604904716	-15.4465039411302	-4.67393418400059	-8.99927432523896
11.7382550113137	-15.2718071251659	-4.72552862247452	-9.06310907178959
11.2834984394346	-15.109290129044	-4.73279425999217	-9.17653646118458
10.8875966100552	-14.9578453817267	-4.69532830903345	-9.34018343063652
10.5478265993832	-14.8162089051313	-4.61323703015321	-9.55401911647209
10.2609680444124	-14.6830057392619	-4.48706815164723	-9.81744577827996
10.0234175360007	-14.5567882782622	-4.31774974456076	-10.1293796817296
9.83128835301735	-14.4360686353457	-4.10653481773222	-10.4883233799396
9.68049733598325	-14.3193459106168	-3.85495106339469	-10.8924304820109
9.56684037188742	-14.2051290645449	-3.5647552938393	-11.339563760773
9.48605772701664	-14.0919559758103	-3.23789218448455	-11.8273472882579
9.43389029059559	-13.9784091697667	-2.87645699094896	-12.3532131715909
9.40612765915993	-13.8631286329345	-2.48266194522415	-12.9144433779608
9.39864888715558	-13.744822073299	-2.05880606379941	-13.5082070748804
9.40745664485046	-13.6222729414263	-1.60724812185599	-14.131593864349
9.42870545458714	-13.4943464906165	-1.13038256458429	-14.7816432522544
9.45872461681358	-13.3599941234426	-0.630618140716557	-15.4553706643659
9.49403638551773	-13.2182562456753	-0.110359055474004	-16.1497902954409
9.53136990678063	-13.0682638257332	0.428011549051742	-16.8619350568571
9.56767139282598	-12.9092388377074	0.982145968097911	-17.588873869752
9.6001109662435	-12.7404937481463	1.54974433563178	-18.3277265342043
9.62608657432665	-12.561430190756	2.12856521657079	-19.0756763900199
9.64322534121421	-12.3715369586845	2.71643454471149	-19.8299809708385
9.64938269541307	-12.1703874308788	3.3112530527424	-20.5879808403229
9.64263958205778	-11.957636536975	3.91100233238227	-21.3471067869568
9.62129804274863	-11.7330173541549	4.51374965452117	-22.104885542347
9.58387542087095	-11.4963374192893	5.11765167125268	-22.8589441768324
9.52909742683272	-11.2474748303848	5.72095711388198	-23.6070133155918
9.45589027558949	-10.9863742028067	6.32200859339442	-24.3469293082823
9.36337208809308	-10.7130425378912	6.91924360249092	-25.0766354755185
9.2508437288522	-10.4275450543488	7.51119481115831	-25.7941825462027
9.11777923358585	-10.1300010262445	8.09648974086326	-26.4977283908329
8.96381596394217	-9.82057966528743	8.67384989585151	-27.1855371474443
8.78874461040877	-9.4994960796335	9.24208942371425	-27.8559778287822
8.59249914981715	-9.16700733636979	9.80011337135883	-28.5075224916477
8.37514685020548	-8.82340865027819	10.3469155968007	-29.138744042109
8.1368784032127	-8.46902971733959	10.8815763917793	-29.7483137434154
7.87799825259271	-8.10423120771219	11.4032598650965	-30.3349984869875
7.59891517682013	-7.72940142957323	11.9112111317792	-30.8976578807776
7.30013317406771	-7.34495317222718	12.4047533486731	-31.4352412035824
6.98080644754559	-6.95060261349165	12.8851789246005	-31.9505728519755
6.64254007341417	-6.54727108884354	13.3536924865842	-32.4460580518853
6.29412841045	-6.13945583193537	13.8077184325109	-32.9161431593076
5.94552645810755	-5.73221733897072	14.2450937251627	-33.355937632739
5.60399625347324	-5.32925429214351	14.665837653335	-33.7649627017329
5.27581069498411	-4.93375711942775	15.0699849262913	-34.142816835985
4.96631675475227	-4.54844114484169	15.4575834556718	-34.4891702760251
4.6799985224996	-4.17557954690056	15.8286924315238	-34.8037598811
4.42053958027083	-3.81703587253536	16.183380672723	-35.0863842941942
4.19088427473816	-3.47429588891949	16.5217252317312	-35.3368994207157
3.99329751662509	-3.14849858821109	16.8438102334894	-35.5552142143947
3.82942279465148	-2.84046619023623	17.1497259282542	-35.7412867613505
3.7003381445496	-2.55073301566972	17.4395679383227	-35.8951206510545
3.60660986226098	-2.27957312739177	17.7134366788386	-36.0167616210037
3.54834379455252	-2.02702666049355	17.9714369332131	-36.1062944602984
3.52523408015837	-1.79292478196518	18.2136775641012	-36.1638401559384
3.5366092503424	-1.57691323952133	18.4402713413346	-36.189553264487
3.58147562967159	-1.37847447540337	18.6513348687037	-36.1836194907518
3.65855800598423	-1.19694829544268	18.8469885919824	-36.1462534542636
3.76633756321656	-1.03155109627902	19.0273568710805	-36.0776966235499
3.90308709210324	-0.881393664498119	19.1925680996666	-35.9782153974459
4.06690351196729	-0.745497570678591	19.3427548560032	-35.8480993119233
4.25573775202821	-0.622810189007915	19.4780540690459	-35.6876593500653
4.46742205303118	-0.512218379318905	19.5986071840451	-35.4972263318216
4.69969475966094	-0.412560873181093	19.7045603119157	-35.2771493589414
4.95022268124713	-0.322639409107821	19.796064346445	-35.0277942889035
5.21662110275188	-0.241228664043942	19.8732750329398	-34.7495422096125
5.49647152996308	-0.16708502908894	19.9363529710764	-34.4427878839259
5.78733725213752	-0.0989542768606701	19.9854635334061	-34.1079381295086
6.08677680189811	-0.0355781659444806	20.020776679035	-33.7454100947674
6.39235538571109	0.0242999756328332	20.0424666392368	-33.3556293852945
6.70165434830247	0.081930651237342	20.0507114478912	-32.9390279867905
7.0122787202122	0.138554551492299	20.0456922842772	-32.4960419190379
7.32186287825775	0.19539984593245	20.0275925883171	-32.0271085400357
7.62807432236052	0.253680404705949	19.9965968980547	-31.5326633982311
7.92861553650907	0.314594962770378	19.9528893447181	-31.0131365014442
8.22122385280409	0.379327263802411	19.8966517203253	-30.4689478298662
8.50366916963254	0.449047255354	19.8280610035475	-29.9005018616494
8.77374927862076	0.524913455356416	19.7472861868618	-29.3081807939201
9.02928241467077	0.608076680618748	19.6544841843648	-28.6923360144453
9.26809643298742	0.699685433539639	19.5497945022	-28.0532771841174
9.4880136907515	0.800893406751045	19.4333321998219	-27.3912579827635
9.686830184937	0.91286982886349	19.3051784186508	-26.7064570673049
9.86228660896755	1.03681381925339	19.1653673239644	-25.9989519297507
10.0120274029343	1.17397471418466	19.0138675272474	-25.2686817851847
10.1335408293202	1.32568184830556	18.8505545478389	-24.5153926030834
10.2240667202129	1.49339046889646	18.6751676732189	-23.7385509962799
10.2804433491578	1.67875805700502	18.4872368834145	-22.9371982941733
10.2988212143886	1.88378716314934	18.2859431411128	-22.1096713990066
10.2739952552091	2.11115899807538	18.0697839146512	-21.2529341552535
10.194572433113	2.36664931446426	17.8340354383567	-20.3575022368047
10.0568960575887	2.65117003646658	17.5772863324862	-19.4222694052023
9.88190332375923	2.95147120756356	17.3093608451039	-18.4718833916299
9.69473101920443	3.25157901478211	17.0411655967355	-17.5342378681625
9.51097275449423	3.5407642431955	16.7783479244878	-16.6258489381315
9.34262669524951	3.81053456731208	16.524628476463	-15.7585835624157
9.1991535155478	4.05407236601146	16.2824387287065	-14.9409965406137
9.08802569782893	4.26592768958657	16.053260610225	-14.1790700665531
9.01508179493882	4.44180973102169	15.8378471465773	-13.4767133851504
8.9847828855966	4.57842831722616	15.6363810482499	-12.8361361619115
9.0004119996484	4.67336513733786	15.4485957641798	-12.2581444129073
9.06423669169628	4.7249647004561	15.2738714954624	-11.7423838362284
9.17764589688848	4.73223951624748	15.1113132920478	-11.2875446810076
9.34126771823973	4.69478621497388	14.9598156422025	-10.8915368995772
9.55507237035908	4.61271051873444	14.8181164675082	-10.5516413659811
9.81846310554532	4.48655966015182	14.6848425521042	-10.264641204009
10.1303570990223	4.31726125616723	14.5585478836328	-10.0269361900691
10.4892577331144	4.10606790167606	14.4377460237054	-9.83464249841556
10.8933193689053	3.85450691356286	14.320937381776	-9.68367958690129
11.3404054573618	3.56433476567239	14.20663209507	-9.56984569470893
11.8281406783795	3.23749583009079	14.0933690931821	-9.48888318869051
12.3539576803842	2.87608509236085	13.9797318334964	-9.43653482092556
12.9151389091021	2.48231454575287	13.864361122758	-9.40859182725393
13.5088539516713	2.0584829974633	13.7459653844965	-9.40093469212808
14.1321927746622	1.6069490408786	13.6233286872503	-9.40956732074134
14.7821951973161	1.13010696497403	13.4953168117513	-9.43064528934641
15.455876911321	0.630365385954385	13.3608816043737	-9.46049878510322
16.1502523336253	0.110128398348254	13.2190638378002	-9.49565079499806
16.8623545576763	-0.428220946414063	13.0689947770141	-9.53283105747761
17.5892526500518	-0.982335015944897	12.909896628634	-9.56898624911765
18.3280665230018	-1.54991399997993	12.7410820337536	-9.60128684095616
19.0759795984522	-2.1287165042065	12.5619527484259	-9.6271310243943
19.830249465178	-2.71656848972477	12.371997641442	-9.64414607432662
20.5882167179014	-3.31137070451385	12.1707901258874	-9.65018748705818
21.347312154835	-3.91110474494179	11.957985128926	-9.64333620235176
22.1050624985649	-4.51383787719588	11.733315693247	-9.62189419244126
22.8590947940748	-5.11772674052097	11.4965892934901	-9.58437867591378
23.6071396271025	-5.72102004635099	11.2476839416721	-9.52951519090298
24.3470332958647	-6.32206037981923	10.9865441470897	-9.45622973997203
25.0767190594614	-6.91928520275514	10.7131767883202	-9.36364019833607
25.7942475769755	-7.51122715013803	10.4276469477294	-9.25104715762874
26.4977766423977	-8.09651370509836	10.1300737522815	-9.11792435921306
27.1855703120398	-8.67386633095148	9.82062625839547	-8.96390885403044
27.8559975130379	-9.2420991324283	9.49951941306153	-8.78879101013717
28.5075302138963	-9.80011711224353	9.16701011840044	-8.59250447435526
29.1387412307683	-10.3469140834217	8.82339342227407	-8.37511618082723
29.7483017363208	-10.881570292387	8.46899885342256	-8.13681648667401
30.3349785315616	-11.4032498027194	8.10418691587453	-7.87790950337068
30.897631134931	-11.9111976846819	7.72934575403265	-7.59880368183813
31.4352087372469	-12.4047370511299	7.34488799685099	-7.30000269955685
31.9504769475848	-12.8851309171413	6.9512477726587	-6.98209666078001
32.4457900205409	-13.3535584240827	6.54996878701026	-6.64793538185309
32.9156680089845	-13.8074808182916	6.14464559765747	-6.30450786978934
33.3552851632011	-14.244767458463	5.73954500784851	-5.96018173817766
33.7641604698651	-14.6654365119737	5.33839210213772	-5.62227182887633
34.1418902063365	-15.0695215919431	4.94440314395278	-5.29710271128531
34.4881424832898	-15.4570695451095	4.56031858159098	-4.99007160613399
34.8026521025266	-15.8281385328248	4.1884358863252	-4.70571118872134
35.0852157300824	-16.1827963855187	3.83064196791363	-4.44775176681011
35.3356873813208	-16.5211192106601	3.48844494803646	-4.21918239615075
35.5539742117168	-16.8431902340918	3.16300510482177	-4.02231055947163
35.7400326044359	-17.1490988546235	2.85516483171895	-3.85882009280406
35.8938645435766	-17.4389398918954	2.5654774815939	-3.72982709632664
36.0155142600281	-17.7128130077766	2.29423499212885	-3.63593361564783
36.105065135262	-17.9708222818925	2.04149421149432	-3.57727892375457
36.1626368469914	-18.2130759222829	1.80710186391243	-3.55358827390457
36.1883827394602	-18.4396860926467	1.59071811324401	-3.56421902971138
36.1824874001124	-18.6507688381188	1.39183869920662	-3.6082041107494
36.1451644235216	-18.8464440920193	1.20981563536641	-3.684292720379
36.0766543426628	-19.0268357465058	1.04387647074435	-3.79098834734871
35.9772227068535	-19.1920717705105	0.89314212783341	-3.92658405425493
35.847158284916	-19.3422843587428	0.756643339132997	-4.08919508430664
35.6867713712586	-19.4776100958409	0.633335712056229	-4.27678883321623
35.49639217157	-19.5981901199436	0.522113458334968	-4.48721224556584
35.2763692435778	-19.7041702699724	0.421821828903456	-4.71821670480568
35.0270679667417	-19.7957012007215	0.331268298737676	-4.967480493224
34.7488690126916	-19.8729384493755	0.249232548297459	-5.23262890284358
34.4421667855143	-19.936042436239	0.174475289070214	-5.51125208025625
34.1073677974181	-19.9851783811478	0.105745980223561	-5.80092068784395
33.7448889405565	-20.0205161150928	0.0417894814677676	-6.09919946050261
33.3551556094645	-20.0422297638297	-0.0186483162261781	-6.40365873060779
32.9385996200985	-20.0504972763754	-0.0768158456332693	-6.7118839840864
32.4956568600668	-20.0454997659302	-0.133952174932306	-7.02148349638395
32.0267645891761	-20.0274206233279	-0.191284256940442	-7.33009407776784
31.5323582882402	-19.9964443528021	-0.250025110312149	-7.63538493115973
31.012867924754	-19.952755065424	-0.311372945246952	-7.9350595900755
30.4687134628195	-19.8965345451721	-0.376511270994432	-8.22685585547965
29.900299385846	-19.8279597733504	-0.446610056732285	-8.5085435825158
29.3080079148547	-19.7471997543873	-0.522828065938729	-8.77792007172318
28.6921904776217	-19.6544114223864	-0.60631655490538	-9.03280267904433
28.0531567888181	-19.5497343103836	-0.698224631591157	-9.27101804856798
27.3911605936541	-19.4332835105265	-0.799706734502327	-9.4903870457297
26.7063806240459	-19.3051402017345	-0.911932954721231	-9.68870394256231
25.998894454786	-19.1653385906782	-1.03610336896622	-9.86370751780721
25.2686413898694	-19.0138473332983	-1.17346834590761	-10.0130401467437
24.5153674923062	-18.8505419957013	-1.32535830970557	-10.1341879128311
23.7385394717316	-18.6751619137682	-1.49322963806479	-10.224388387308
22.9371987564005	-18.487237116954	-1.67874096885667	-10.2804775300717
22.1096823483874	-18.2859486178608	-1.88389602290077	-10.2986034987516
21.2529541920201	-18.0697939347526	-2.11137718330092	-10.273558887934
20.3575699117601	-17.8340692685169	-2.36696136713918	-10.193948330309
19.419938780863	-17.5763410462644	-2.65293335625014	-10.0538626781833
18.4590558172964	-17.3042390638675	-2.95919504932453	-9.86934297508028
17.4989656162195	-17.0275143905071	-3.27214770759707	-9.66246545188973
16.5553772525796	-16.7520741779708	-3.58190810077819	-9.44855405369479
15.6403582884157	-16.4823044894295	-3.88027798945912	-9.24019499763045
14.7632818688846	-16.2215201961413	-4.16038979282849	-9.04789966669872
13.9313585587841	-15.9722078994251	-4.41651250307774	-8.88044800243012
13.1500024329659	-15.7361867442001	-4.6439159367629	-8.74511645691235
12.4231102186759	-15.5147266126711	-4.83876317708096	-8.64785099630284
11.7532871378214	-15.3086405934324	-4.99801920023891	-8.5934093319428
11.142036427252	-15.118360269711	-5.11937007887739	-8.58548372141555
10.5899221154725	-14.9439986556573	-5.20114986200768	-8.62681023790988
10.0967109284002	-14.7854037432428	-5.242273515524	-8.71926780913916
9.661497174032	-14.6422045989725	-5.24217496670293	-8.8639689833987
9.28281327774255	-14.5138513499374	-5.20074965322136	-9.06134364391936
8.95872791767704	-14.3996500282957	-5.11830117766476	-9.31121647223762
8.68693324792742	-14.2987930042745	-4.99549178335015	-9.61287871450656
8.46482239108586	-14.2103855777621	-4.83329643356033	-9.96515465734801
8.28955817217237	-14.1334691878277	-4.63296031424786	-10.3664631312902
8.15813391792747	-14.0670416205271	-4.39595960149258	-10.8148743067467
8.06742703772565	-14.0100745374008	-4.12396534631101	-11.3081620160619
8.01424602148366	-13.9615286033468	-3.81881033495255	-11.8438518169608
7.99537142725989	-13.9203664586653	-3.48245878512212	-12.4192650025572
8.00759138107745	-13.8855637531089	-3.11697873922826	-13.0315587575773
8.04773207005254	-13.8561184377572	-2.72451701575916	-13.6777626575341
8.11268367459765	-13.8310584921277	-2.30727657984874	-14.3548117058793
8.19942215454208	-13.8094482481888	-1.86749619437618	-15.0595761028182
8.30502727626382	-13.7903934592011	-1.40743221375427	-15.7888879379496
8.42669724253093	-13.7730452491137	-0.929342384005893	-16.5395649968841
8.56176026313741	-13.756603067246	-0.435471514836916	-17.3084318693227
8.70768338220292	-13.7403167629574	0.0719611078235609	-18.0923385426636
8.86207885692569	-13.723487885771	0.590772696970956	-18.8881766610526
9.02270836246174	-13.705470307848	1.11882645159023	-19.6928936249197
9.18748527833999	-13.685670257723	1.65403967545935	-20.5035047005228
9.35447529334301	-13.6635458467229	2.19439064269717	-21.3171033029221
9.52189554804833	-13.6386061624809	2.73792431991543	-22.1308696092196
9.68811251721346	-13.6104099973526	3.28275704943277	-22.9420776519139
9.85163881789172	-13.57856427335	3.82708029242252	-23.7481010349216
10.0111291135833	-13.5427222193789	4.36916352516389	-24.5464174072978
10.1653752698602	-13.5025813511	4.90735637580966	-25.3346118220264
10.3133009027547	-13.4578812986083	5.4400900833303	-26.1103790995242
10.4539554477796	-13.4084015223302	5.96587835459525	-26.8715253077811
10.5865078647408	-13.3539589530588	6.48331768995167	-27.6159684634033
10.7102400815271	-13.2944055878799	6.99108724219944	-28.3417385502941
10.824540268794	-13.229626069865	7.48794826857156	-29.0469769453459
10.9288960269057	-13.1595352758215	7.9727432302392	-29.7299353333668
11.0228875566432	-13.0840759330754	8.44439458899403	-30.3889741865638
11.1061808760156	-13.0032162832157	8.90190334613478	-31.0225608772792
11.1785211370113	-12.9169478079312	9.34434736421312	-31.6292674863458
11.2397260882763	-12.8252830295195	9.77087950818592	-32.2077683634176
11.2896797224854	-12.7282533963229	10.1807256386815	-32.7568374899429
11.3283261405601	-12.6259072612433	10.5731824865187	-33.275345690099
11.3556636588557	-12.5183079595904	10.9476154343178	-33.7622577299939
11.3717391799689	-12.4055319908173	11.3034562280078	-34.2166293407647
11.3766428428726	-12.2876673071789	11.640200638261	-34.6376041968648
11.3705029636472	-12.1648117110069	11.9574060893562	-35.0244108768177
11.3534812741121	-12.037071361109	12.2546892706934	-35.3763598300239
11.325768462146	-11.9045593877703	12.5317237441205	-35.6928403698252
11.2875800143861	-11.7673946149361	12.7882375583964	-35.9733177099441
11.2391523592902	-11.625700387397	13.024010880474	-36.2173300586133
11.1807393062055	-11.479603500143	13.2388736518406	-36.4244857821778
11.1126087740787	-11.3292332265216	13.432703276874	-36.5944606476737
11.0350398017537	-11.1747204413904	13.6054223490592	-36.7269951518439
10.9483198303875	-11.0161968351085	13.7569964199405	-36.8218919422392
10.8527422473721	-10.8537942139425	13.8874318148418	-36.8790133344339
10.7486041802356	-10.6876438822645	13.9967734986691	-36.8982789279744
10.6362045283014	-10.5178761017954	14.0851029944898	-36.8796633224273
10.5158422193791	-10.3446196230694	14.1525363570596	-36.8231939338176
10.3878146784314	-10.1680012842776	14.1992222030218	-36.7289489108069
10.2524164949847	-9.98814567267216	14.2253397991281	-36.5970551491622
10.1099382760076	-9.80517484377575	14.2310972095169	-36.4276864023803
9.96066567106234	-9.61920809373441	14.2167295028155	-36.2210614857614
9.80487855671043	-9.43036178027987	14.1824970196119	-35.9774425707431
9.64285036742626	-9.23874918791209	14.1286837006537	-35.6971335659176
9.47484756061366	-9.04448043308094	14.0555954759684	-35.3804785808354
9.30112920372747	-8.84766240532802	13.9635587149654	-35.0278604684515
9.12194667195933	-8.64839874054352	13.8529187374572	-34.6396994418782
8.93754344544508	-8.44678982269582	13.7240383854312	-34.216451760972
8.74815499548052	-8.24293281060011	13.5772966553102	-33.7586084841871
8.55400874978483	-8.03692168650415	13.4130873903458	-33.2666942810747
8.35532412741897	-7.82884732348194	13.2318180327098	-32.7412663007886
8.15231263454267	-7.61879756883841	13.0339084347656	-32.1829130919669
7.94517801277297	-7.40685734093736	12.8197897289238	-31.5922535693968
7.73411643248368	-7.1931087370703	12.5899032554088	-30.9699360229291
7.51931672395489	-6.97763115018376	12.3446995471875	-30.3166371641898
7.30096063983974	-6.76050139247666	12.0846373712332	-29.6330612067319
7.07922314295991	-6.54179382406511	11.8101828252229	-28.9199389753879
6.85427271396818	-6.32158048509156	11.521808488689	-28.1780270407092
6.62627167392363	-6.09993122982457	11.2199926275724	-27.4081068745238
6.39537651731124	-5.87691386145729	10.9052184510483	-26.6109840227961
6.16173825150105	-5.65259426646512	10.5779734194215	-25.7874872921402
5.92550273908143	-5.42703654752588	10.2387486018195	-24.9384679465171
5.68681103991629	-5.20030315413983	9.8880380823378	-24.0647989108296
5.4457997501658	-4.97245501021141	9.52633841322628	-23.1673739783311
5.2026013358757	-4.74355163797012	9.15414811364163	-22.2471070189671
4.95734445907965	-4.51365127771411	8.7719672124269	-21.3049311859847
4.71015429467472	-4.28281100295827	8.38029683332288	-20.3417981183677
4.46115283662077	-4.05108683065712	7.97963882096046	-19.3586771368821
4.21045919228177	-3.81853382625472	7.57049540593241	-18.3565544317527
3.95818984941709	-3.58520619610914	7.15598267478518	-17.3416597754092
3.70499823903842	-3.35164326235531	6.7424636045784	-16.3271938051947
3.45254230104084	-3.11929066264559	6.3348465646157	-15.3243243118796
3.20280627351933	-2.88988945428802	5.93574575451297	-14.3399254062856
2.95750415469645	-2.66493887369653	5.54737828545426	-13.3798596930191
2.71809916057336	-2.44571403507243	5.17159527965639	-12.4490557015612
2.48582284162615	-2.23328328575312	4.80991213493144	-11.5515834287083
2.26169374199925	-2.0285251166352	4.46353780666065	-10.6907275993549
2.04653550299882	-1.83214454245902	4.13340298610029	-9.86905832063963
1.84099432956739	-1.64468888178724	3.82018707823362	-9.08849886672337
1.64555575386956	-1.46656288026154	3.52434390445128	-8.35039038813016
1.46056064418813	-1.29804313322702	3.2461260752783	-7.65555339089357
1.28622042007454	-1.13929177512416	2.98560799627025	-7.00434587694307
1.12263144617701	-0.990369413218092	2.74270748617784	-6.39671807849935
0.969788587446148	-0.851247292323178	2.51720600063652	-5.83226375598251
0.827597917555818	-0.72181868524512	2.30876746708431	-5.3102680613416
0.695888580442831	-0.60190951076568	2.11695574745712	-4.82975199705951
0.574423811928977	-0.491288187195625	1.94125075456576	-4.38951352564371
0.46291113451	-0.389674734881982	1.78106325603063	-3.98816540544913
0.361011743644494	-0.296749145635669	1.63574840634568	-3.6241698464595
0.268349108316539	-0.212159040904537	1.50461805316499	-3.29587009443535
0.18451681234309	-0.135526643712691	1.38695186835493	-3.00151906387203
0.109085665912677	-0.0664550919757111	1.28200735782859	-2.73930514974216
0.0416101192357804	-0.00453412283738425	1.18902880676938	-2.50737535525697
-0.0183659879829197	0.0506548407912738	1.10725521864749	-2.30385587809283
-0.0713043062193086	0.0995341692257849	1.03592730751825	-2.12687030090543
-0.117667449055942	0.142526037589532	0.974293603547578	-1.97455553369536
-0.157915023005878	0.180048936716149	0.921615731608851	-1.84507565588466
-0.192500177782382	0.212514650102184	0.877172922209978	-1.73663380499234
-0.221866640779998	0.240325663912344	0.840265813003631	-1.64748225672424
-0.246446200024311	0.263872977553306	0.810219597768275	-1.57593083827306
-0.266656600575594	0.283534283051941	0.786386578079504	-1.52035381280208
-0.282899820300006	0.299672482368245	0.768148170971555	-1.47919536859201
-0.295560692018281	0.312634512812945	0.754916423765206	-1.45097384128653
-0.305005840275887	0.322750451898007	0.746135084953715	-1.43428479218875
-0.311582902322964	0.330332874200545	0.741280277632113	-1.42780305973847
-0.315620004321991	0.335676434144882	0.739860819462177	-1.43028389522913
-0.317425465293642	0.339057649983666	0.741418230617475	-1.44056328758665
-0.317287702846231	0.340734865669094	0.745526468577893	-1.45755757570014
-0.315475316293658	0.340948368733448	0.751791426065977	-1.48026244043428
-0.312237324334609	0.339920643730252	0.759850225859848	-1.50775136211857
-0.307803536027989	0.337856742210808	0.769370343698295	-1.53917362305151
-0.302385035343798	0.334944751615183	0.78004858802907	-1.57375192841877
-0.296174761084326	0.331356346832309	0.791609962955059	-1.61077971304127
-0.289348165448578	0.327247409523059	0.80380643841643	-1.64961819557083
-0.282063935945647	0.322758701596305	0.816415649419206	-1.68969323616413
-0.274464766744055	0.318016580475595	0.829239543989623	-1.73049204830932
-0.26667816686879	0.313133744988951	0.842102997504633	-1.77155981036984
-0.258817293921953	0.308210001852968	0.854852409126224	-1.81249621755909
-0.250981803203597	0.303333043802469	0.867354294253608	-1.85295201047462
-0.243258703244417	0.2985792314367	0.879493885204164	-1.89262551200736
-0.23572320983022	0.294014371811577	0.891173750741822	-1.93125920040152
-0.228439591598955	0.289694487704368	0.90231244358966	-1.96863634247411
-0.221462001224639	0.285666572312722	0.912843183690456	-2.00457770750624
-0.214835287069393	0.281969324924835	0.922712583712614	-2.03893837908731
-0.20859578098609	0.278633863812819	0.931879422136564	-2.07160467922188
-0.202772058691372	0.275684413258598	0.940313468194961	-2.10249121628871
-0.19738566980383	0.273138962222613	0.947994361975276	-2.13153806596478
-0.192451835257105	0.271009892712267	0.954910552121369	-2.15870809198329
-0.187980110355002	0.269304576401703	0.961058292787298	-2.18398441157375
-0.183975012237869	0.268025938499454	0.96644070079713	-2.20736800862326
-0.18043661097924	0.267172988258288	0.971066873344522	-2.22887549598936
-0.177361083931908	0.266741315874783	0.974951066020311	-2.24853702697528
-0.174741233295935	0.266723555837367	0.978111930480735	-2.26639435473539
-0.172566967190639	0.267109817053462	0.980571810658334	-2.28249903730156
-0.170825744781104	0.267888080321576	0.98235609606738	-2.29691078499736
-0.169502986240238	0.269044563915357	0.983492630461224	-2.30969594622525
-0.168582448522568	0.270564058216285	0.984011173855774	-2.32092612696171
-0.168046568088686	0.272430230472371	0.983942915736964	-2.33067693876435
-0.16787677185217	0.274625900874418	0.983320037116407	-2.3390268696739
-0.168053757726577	0.277133291231427	0.982175318984401	-2.3460562720725
-0.16855774623119	0.27993424759482	0.980541794629113	-2.35184646132686
-0.169368704673025	0.283010438229551	0.978452443241574	-2.35647891889348
-0.170466545461489	0.286343528360898	0.975939922204538	-2.3600345934825
-0.171831300133129	0.289915333140683	0.973036335465961	-2.36259329385982
-0.173443270669209	0.293707950277816	0.969773035421936	-2.36423316690555
-0.175283159680349	0.297703873766951	0.966180455776371	-2.36503025463383
-0.177332181011866	0.301886090127472	0.962287972902954	-2.36505812400749
-0.179572152292543	0.306238158534322	0.958123793306512	-2.36438756354436
-0.181985570909815	0.310744276183886	0.953714864863512	-2.36308634090576
-0.184555674847219	0.315389330193367	0.949086809613114	-2.36121901587475
-0.18726648976678	0.320158937282182	0.944263875968878	-2.35884680336886
-0.190102863660921	0.325039472429736	0.939268908325452	-2.35602748138359
-0.193050490336671	0.330018087646691	0.93412333214252	-2.35281533902635
-0.196095922930288	0.335082721937188	0.928847152698807	-2.34926116007039
-0.199226578583883	0.340222103468352	0.923458965820706	-2.34541223773328
-0.202430735347982	0.345425744901459	0.917975979001959	-2.34131241666064
-0.205697522305891	0.350683932776922	0.912414041441995	-2.33700215837084
-0.209016903847875	0.355987711783457	0.906787681639998	-2.33251862668845
-0.212379658956042	0.361328864680708	0.901110151289021	-2.32789578996108
-0.215777356294916	0.366699888584813	0.895393474318659	-2.32316453711474
-0.2192023258384	0.372093968268123	0.889648500035702	-2.31835280485492
-0.222647627701461	0.377504947067863	0.883884959409125	-2.31348571356398
-0.226107018784727	0.382927295944218	0.878111523638642	-2.30858570967874
-0.229574917782529	0.388356081176275	0.872335864234436	-2.30367271255472
-0.233046369049799	0.393786931134631	0.866564713919504	-2.29876426403486
-0.236517005770936	0.399216002522428	0.860803927745113	-2.29387567914062
-0.239983012824267	0.404639946432083	0.855058543884149	-2.28902019649117
-0.243441089689142	0.41005587452321	0.849332843636631	-2.28420912723282
-0.246888413699026	0.415461325588076	0.843630410246303	-2.2794520014252
-0.250322603903253	0.420854232734494	0.837954186187188	-2.27475671098329