7.01671E-15	-3.51E-15	-3.50835E-15	0
0.019189948	-1.07E-02	0.348147751	-0.700578122
0.076503063	-4.25E-02	0.690934587	-1.398939499
0.171554184	-9.53E-02	1.028467541	-2.095203788
0.303957936	-1.69E-01	1.360854788	-2.789487482
0.473328486	-2.63E-01	1.688205432	-3.481903661
0.679279218	-3.78E-01	2.010629312	-4.172561755
0.921422334	-5.12E-01	2.328236816	-4.861567314
1.199368378	-6.67E-01	2.641138705	-5.549021797
1.512725697	-8.41E-01	2.949445944	-6.235022355
1.861099846	-1.03E+00	3.253269536	-6.919661634
2.244092937	-1.25E+00	3.552720372	-7.60302758
2.661302943	-1.48E+00	3.847909078	-8.285203246
3.112322959	-1.73E+00	4.138945871	-8.966266617
3.596740429	-2.00E+00	4.425940422	-9.64629043
4.11413634	-2.29E+00	4.709001718	-10.325342
4.664084393	-2.59E+00	4.988237933	-11.00348307
5.246150151	-2.92E+00	5.263756299	-11.68076964
5.859890171	-3.26E+00	5.535662979	-12.35725181
6.504851127	-3.62E+00	5.804062947	-13.03297364
7.180568922	-3.99E+00	6.06905987	-13.70797303
7.886567799	-4.38E+00	6.330755985	-14.38228154
8.622359453	-4.79E+00	6.589251986	-15.05592431
9.387442148	-5.22E+00	6.844646909	-15.72891991
10.18129984	-5.66E+00	7.097038021	-16.40128024
11.00340132	-6.12E+00	7.346520704	-17.07301042
11.85319936	-6.59E+00	7.593188348	-17.74410871
12.73012988	-7.08E+00	7.837132243	-18.41456641
13.63361116	-7.59E+00	8.078441466	-19.08436779
14.56304303	-8.10E+00	8.317202778	-19.75349002
15.51780614	-8.64E+00	8.553500516	-20.42190311
16.49726121	-9.18E+00	8.78741649	-21.08956989
17.50074839	-9.74E+00	9.019029875	-21.75644594
18.52758653	-1.03E+01	9.248417109	-22.42247961
19.57707261	-1.09E+01	9.475651792	-23.08761201
20.64848118	-1.15E+01	9.700804584	-23.75177696
21.74106378	-1.21E+01	9.923943103	-24.41490109
22.85404845	-1.27E+01	10.14513183	-25.07690381
23.98663935	-1.34E+01	10.36443199	-25.7376974
25.1380163	-1.40E+01	10.5819015	-26.39718704
26.30733447	-1.47E+01	10.79759482	-27.05527091
27.4937241	-1.54E+01	11.01156288	-27.71184025
28.69629024	-1.60E+01	11.22385301	-28.36677948
29.91411259	-1.67E+01	11.4345088	-29.01996635
31.14624543	-1.74E+01	11.64357005	-29.67127198
32.39171749	-1.81E+01	11.85107264	-30.32056111
33.64953202	-1.88E+01	12.05704848	-30.96769217
34.91866687	-1.96E+01	12.26152539	-31.61251749
36.19807463	-2.03E+01	12.46452703	-32.25488349
37.48668285	-2.10E+01	12.66607281	-32.89463082
38.78339433	-2.18E+01	12.86617779	-33.53159462
40.08708754	-2.25E+01	13.06485263	-34.16560467
41.39661701	-2.33E+01	13.26210346	-34.79648566
42.71081394	-2.40E+01	13.45793185	-35.42405739
44.02848676	-2.48E+01	13.65233468	-36.048135
45.34842188	-2.56E+01	13.8453041	-36.6685292
46.66938445	-2.63E+01	14.0368274	-37.28504653
47.99011932	-2.71E+01	14.226887	-37.89748961
49.30935197	-2.79E+01	14.41546032	-38.50565734
50.62578962	-2.86E+01	14.60251971	-39.10934522
51.93812244	-2.94E+01	14.78803239	-39.70834553
53.2450248	-3.02E+01	14.97196037	-40.3024476
54.54515672	-3.10E+01	15.15426036	-40.89143808
55.83716534	-3.17E+01	15.33488373	-41.47510116
57.11968658	-3.25E+01	15.51377639	-42.05321878
58.3913468	-3.33E+01	15.69087875	-42.62557092
59.65076473	-3.40E+01	15.86612566	-43.19193577
60.89655335	-3.48E+01	16.03944629	-43.75208999
62.127322	-3.56E+01	16.21076412	-44.3058089
63.34167851	-3.63E+01	16.37999683	-44.85286668
64.53823157	-3.70E+01	16.54705626	-45.39303658
65.71559304	-3.78E+01	16.71184832	-45.92609109
66.87238051	-3.85E+01	16.87427296	-46.45180214
68.00721987	-3.92E+01	17.03422409	-46.96994121
69.11874801	-3.99E+01	17.19158952	-47.48027955
70.20561563	-4.07E+01	17.34625091	-47.98258827
71.26649009	-4.13E+01	17.49808375	-48.4766385
72.30005835	-4.20E+01	17.64695726	-48.96220151
73.30502997	-4.27E+01	17.79273439	-49.4390488
74.2801402	-4.33E+01	17.93527177	-49.90695224
75.22415304	-4.40E+01	18.0744197	-50.36568412
76.13586437	-4.46E+01	18.21002208	-50.81501725
77.01410512	-4.52E+01	18.34191645	-51.25472503
77.85774433	-4.58E+01	18.46993396	-51.68458153
78.66569234	-4.64E+01	18.59389937	-52.10436151
79.4369038	-4.70E+01	18.71363108	-52.5138405
80.17038072	-4.75E+01	18.82894116	-52.91279487
80.86517538	-4.80E+01	18.93963534	-53.30100182
81.52039318	-4.85E+01	19.04551315	-53.67823943
82.13519541	-4.90E+01	19.14636792	-54.04428675
82.70880177	-4.95E+01	19.24198691	-54.39892379
83.2404929	-4.99E+01	19.33215139	-54.74193156
83.7296126	-5.04E+01	19.41663678	-55.07309216
84.17556993	-5.08E+01	19.4952128	-55.39218879
84.57784117	-5.11E+01	19.56764367	-55.69900584
84.93597141	-5.15E+01	19.63368824	-55.99332894
85.24957609	-5.18E+01	19.69310029	-56.27494505
85.51834217	-5.21E+01	19.74562875	-56.54364259
85.74202916	-5.24E+01	19.79101801	-56.7992115
85.92046983	-5.26E+01	19.82900821	-57.04144344
86.0535707	-5.29E+01	19.85933564	-57.27013189
86.14131229	-5.31E+01	19.88173309	-57.48507239
86.1837491	-5.32E+01	19.89593033	-57.68606274
86.18100934	-5.34E+01	19.90165456	-57.87290321
86.13329443	-5.35E+01	19.89863093	-58.04539687
86.04087829	-5.36E+01	19.88658314	-58.20334991
85.90410632	-5.37E+01	19.865234	-58.34657193
85.72339429	-5.37E+01	19.83430616	-58.47487643
85.49922687	-5.37E+01	19.79352278	-58.58808119
85.23215614	-5.37E+01	19.7426083	-58.68600882
84.92279974	-5.37E+01	19.68128931	-58.76848724
84.57183905	-5.36E+01	19.60929537	-58.83535033
84.18001702	-5.35E+01	19.52635998	-58.88643858
83.74813602	-5.34E+01	19.4322216	-58.92159976
83.27705547	-5.33E+01	19.32662461	-58.94068971
82.76768943	-5.31E+01	19.20932054	-58.94357319
82.22100407	-5.30E+01	19.08006914	-58.9301247
81.63801501	-5.28E+01	18.93863962	-58.90022948
81.01978473	-5.25E+01	18.78481196	-58.85378447
80.36741975	-5.23E+01	18.6183782	-58.79069939
79.68206796	-5.20E+01	18.43914381	-58.71089783
78.96491578	-5.17E+01	18.24692911	-58.6143184
78.21718537	-5.14E+01	18.04157075	-58.50091595
77.44013185	-5.11E+01	17.82292314	-58.37066281
76.63504048	-5.08E+01	17.59086001	-58.22355005
75.80322395	-5.04E+01	17.3452759	-58.0595888
74.94601957	-5.00E+01	17.08608775	-57.87881158
74.06478661	-4.97E+01	16.81323635	-57.68127359
73.16090365	-4.93E+01	16.52668795	-57.4670541
72.23576595	-4.88E+01	16.2264357	-57.23625771
71.29078294	-4.84E+01	15.91250114	-56.98901566
70.32737569	-4.80E+01	15.58493556	-56.72548709
69.34697459	-4.75E+01	15.2438214	-56.44586018
68.35101693	-4.71E+01	14.88927344	-56.15035333
67.34094466	-4.66E+01	14.52143998	-55.83921612
66.31820227	-4.61E+01	14.1405039	-55.51273027
65.2842346	-4.57E+01	13.74668348	-55.17121045
64.24048489	-4.52E+01	13.34023321	-54.81500488
63.18839279	-4.47E+01	12.92144436	-54.44449586
62.12939255	-4.42E+01	12.49064531	-54.06010009
61.06491116	-4.37E+01	12.04820183	-53.66226878
59.9963667	-4.32E+01	11.59451697	-53.25148762
58.92516664	-4.27E+01	11.13003086	-52.82827644
57.8527063	-4.22E+01	10.65522022	-52.39318874
56.78036725	-4.17E+01	10.17059762	-51.9468109
55.7095159	-4.12E+01	9.676710512	-51.48976124
54.64150198	-4.07E+01	9.174140011	-51.02268877
53.57765716	-4.02E+01	8.663499436	-50.54627174
52.51929366	-3.97E+01	8.145432604	-50.06121593
51.4677028	-3.92E+01	7.6206119	-49.56825277
50.42415365	-3.87E+01	7.089736125	-49.0681372
49.38989159	-3.82E+01	6.553528158	-48.56164533
48.36613683	-3.77E+01	6.01273242	-48.049572
47.35408293	-3.73E+01	5.468112198	-47.53272808
46.35489519	-3.68E+01	4.920446832	-47.01193776
45.36970902	-3.63E+01	4.370528797	-46.48803561
44.39962815	-3.59E+01	3.819160718	-45.96186373
43.44572277	-3.54E+01	3.267152342	-45.43426872
42.50902752	-3.50E+01	2.715317504	-44.90609873
41.59053934	-3.46E+01	2.164471109	-44.37820049
40.69121517	-3.42E+01	1.615426179	-43.85141644
39.81196951	-3.38E+01	1.068990982	-43.32658189
38.95367176	-3.34E+01	0.525966269	-42.80452238
38.1171435	-3.30E+01	-0.012857335	-42.28605109
37.30315555	-3.26E+01	-0.546701789	-41.7719665
36.5124249	-3.23E+01	-1.074803893	-41.26305016
35.7456116	-3.19E+01	-1.596417354	-40.76006474
35.00331557	-3.16E+01	-2.110814624	-40.26375224
34.28607335	-3.12E+01	-2.617288517	-39.77483247
33.59435496	-3.09E+01	-3.115153583	-39.29400173
32.92856085	-3.06E+01	-3.603747246	-38.82193179
32.28901912	-3.04E+01	-4.082430705	-38.35926902
31.67598289	-3.01E+01	-4.550589591	-37.90663384
31.08962829	-2.98E+01	-5.007634403	-37.46462037
30.53005273	-2.96E+01	-5.453000715	-37.03379628
29.99727396	-2.93E+01	-5.886149176	-36.61470289
29.49122977	-2.91E+01	-6.306565315	-36.20785542
29.01177851	-2.89E+01	-6.713759156	-35.81374348
28.55870056	-2.87E+01	-7.107264674	-35.43283169
28.13170072	-2.85E+01	-7.486639098	-35.06556044
27.73041169	-2.84E+01	-7.851462077	-34.71234681
27.35439857	-2.82E+01	-8.20133474	-34.3735856
27.00316445	-2.81E+01	-8.535878649	-34.04965043
26.67615697	-2.79E+01	-8.854734682	-33.74089496
26.37277595	-2.78E+01	-9.157561847	-33.4476541
26.09238179	-2.77E+01	-9.444036052	-33.1702454
25.83430477	-2.76E+01	-9.713848849	-32.90897029
25.59785494	-2.75E+01	-9.966706157	-32.66411549
25.38233258	-2.74E+01	-10.202327	-32.43595429
25.18703894	-2.73E+01	-10.42044223	-32.22474793
25.01128735	-2.72E+01	-10.62079333	-32.03074687
24.85441422	-2.72E+01	-10.80313119	-31.85419201
24.71579011	-2.71E+01	-10.96721501	-31.69531595
24.59483049	-2.71E+01	-11.11281119	-31.55434405
24.49100621	-2.70E+01	-11.23969238	-31.43149552
24.40385346	-2.70E+01	-11.34763652	-31.32698435
24.33298323	-2.70E+01	-11.43642608	-31.24102019
24.27809007	-2.69E+01	-11.50584732	-31.17380909
24.23896012	-2.69E+01	-11.55568971	-31.1255541
24.21547838	-2.69E+01	-11.5857455	-31.09645579
24.20763504	-2.69E+01	-11.59580934	-31.08671258
24.21024562	-2.69E+01	-11.58638418	-31.09556496
24.21803498	-2.69E+01	-11.55823313	-31.12200894
24.23092859	-2.69E+01	-11.51154016	-31.1658828
24.24883784	-2.69E+01	-11.44648532	-31.22703568
24.27166064	-2.69E+01	-11.36324385	-31.30532825
24.29928202	-2.69E+01	-11.2619851	-31.40063371
24.33157482	-2.69E+01	-11.14287105	-31.51283904
24.36840034	-2.69E+01	-11.00605469	-31.6418466
24.40960904	-2.69E+01	-10.85167817	-31.78757584
24.45504125	-2.69E+01	-10.67987069	-31.94996522
24.50452788	-2.69E+01	-10.49074646	-32.12897432
24.55789114	-2.69E+01	-10.2844024	-32.32458588
24.61494524	-2.69E+01	-10.06091589	-32.53680806
24.67549713	-2.70E+01	-9.8203425	-32.76567648
24.73934715	-2.70E+01	-9.562713747	-33.01125645
24.80628978	-2.70E+01	-9.288034912	-33.27364487
24.87611426	-2.70E+01	-8.996282975	-33.55297219
24.94860527	-2.70E+01	-8.687404681	-33.8494041
25.02354356	-2.70E+01	-8.36131477	-34.16314304
25.10070657	-2.70E+01	-8.017894407	-34.4944295
25.17986902	-2.70E+01	-7.656989834	-34.84354299
25.26080344	-2.70E+01	-7.278411276	-35.21080281
25.34328077	-2.70E+01	-6.88193212	-35.59656838
25.42707081	-2.70E+01	-6.467288397	-36.00123935
25.51194275	-2.70E+01	-6.034178595	-36.42525519
25.5976656	-2.70E+01	-5.582263811	-36.86909449
25.68400863	-2.69E+01	-5.111168285	-37.33327379
25.7707418	-2.69E+01	-4.620480327	-37.818346
25.85763609	-2.69E+01	-4.109753669	-38.3248983
25.94446392	-2.69E+01	-3.578509267	-38.85354956
26.03099941	-2.69E+01	-3.026237583	-39.40494734
26.11701877	-2.69E+01	-2.452401373	-39.97976419
26.20230049	-2.69E+01	-1.856439028	-40.57869352
26.28662572	-2.69E+01	-1.237768484	-41.20244481
26.36977841	-2.68E+01	-0.595791768	-41.85173823
26.45154561	-2.68E+01	0.070099802	-42.52729854
26.53171765	-2.68E+01	0.760519706	-43.22984839
26.61008834	-2.68E+01	1.476079544	-43.96010076
26.68645518	-2.67E+01	2.217381566	-44.7187508
26.76061945	-2.67E+01	2.985010328	-45.50646666
26.83238646	-2.67E+01	3.779523463	-46.32387966
26.90156562	-2.66E+01	4.601441506	-47.17157345
26.96797059	-2.66E+01	5.451236739	-48.05007235
27.03141943	-2.65E+01	6.329321052	-48.95982872
27.09173467	-2.65E+01	7.236032819	-49.90120949
27.14874343	-2.64E+01	8.171622789	-50.8744818
27.20227753	-2.64E+01	9.136239084	-51.87979775
27.25217355	-2.63E+01	10.12991137	-52.91717855
27.29827294	-2.63E+01	11.15253432	-53.98649799
27.34042207	-2.62E+01	12.20385066	-55.08746558
27.37847233	-2.61E+01	13.28343387	-56.21960952
27.41228016	-2.61E+01	14.39067099	-57.38225978
27.44170716	-2.60E+01	15.52474591	-58.57453184
27.46662009	-2.59E+01	16.68462347	-59.79531123
27.48689099	-2.58E+01	17.869035	-61.04323963
27.50239714	-2.58E+01	19.07646572	-62.31670299
27.51302121	-2.57E+01	20.30514474	-63.61382214
27.51865123	-2.56E+01	21.55303817	-64.93244663
27.51918064	-2.55E+01	22.81784587	-66.27015234
27.51450836	-2.54E+01	24.0970026	-67.62424331
27.50453878	-2.53E+01	25.38768377	-68.99175837
27.48918182	-2.52E+01	26.68681635	-70.36948284
27.46835297	-2.51E+01	27.99109513	-71.75396554
27.44197325	-2.50E+01	29.29700422	-73.14154103
27.40996931	-2.49E+01	30.60084375	-74.52835704
27.3722734	-2.47E+01	31.89876142	-75.9104066
27.3288234	-2.46E+01	33.18678815	-77.28356427
27.27956283	-2.45E+01	34.46087723	-78.64362572
27.22444086	-2.44E+01	35.71694592	-79.98634968
27.16341233	-2.42E+01	36.95091848	-81.30750116
27.0964377	-2.41E+01	38.1587695	-82.60289494
27.02348312	-2.39E+01	39.33656647	-83.86843796
26.94452039	-2.38E+01	40.48051041	-85.10016981
26.85952693	-2.37E+01	41.58697368	-86.29430012
26.7684858	-2.35E+01	42.65253408	-87.44724214
26.67138569	-2.33E+01	43.67400479	-88.55564185
26.56822087	-2.32E+01	44.64845936	-89.61640216
26.45899117	-2.30E+01	45.57325193	-90.62670197
26.34370199	-2.29E+01	46.44603232	-91.58401009
26.22236422	-2.27E+01	47.26475628	-92.48609405
26.09499423	-2.25E+01	48.02769111	-93.33102423
25.96161381	-2.23E+01	48.73341705	-94.1171736
25.82225016	-2.22E+01	49.38082482	-94.84321359
25.67693581	-2.20E+01	49.96910994	-95.50810661
25.52570857	-2.18E+01	50.4977642	-96.1110957
25.36861148	-2.16E+01	50.96656475	-96.65169187
25.20569275	-2.14E+01	51.37556137	-97.12965971
25.03700569	-2.12E+01	51.72506225	-97.54500145
24.86260862	-2.10E+01	52.01561863	-97.89794023
24.68256484	-2.08E+01	52.24800859	-98.1889026
24.49694251	-2.06E+01	52.4232203	-98.41850073
24.30581457	-2.04E+01	52.54243483	-98.58751453
24.10925868	-2.02E+01	52.60700875	-98.69687384
23.90735711	-2.00E+01	52.61845661	-98.74764092
23.70019662	-1.97E+01	52.5784335	-98.74099331
23.48786841	-1.95E+01	52.48871758	-98.67820723
23.270468	-1.93E+01	52.35119291	-98.56064163
23.04809507	-1.91E+01	52.16783248	-98.38972288
22.82085345	-1.88E+01	51.9406816	-98.1669303
22.58885092	-1.86E+01	51.67184173	-97.89378254
22.35219912	-1.84E+01	51.36345478	-97.57182487
22.11101345	-1.82E+01	51.01768817	-97.20261748
21.86541291	-1.79E+01	50.63672039	-96.78772474
21.61552002	-1.77E+01	50.22272754	-96.32870566
21.36146065	-1.74E+01	49.77787063	-95.82710532
21.1033639	-1.72E+01	49.30428396	-95.2844475
20.84136198	-1.70E+01	48.80406445	-94.70222844
20.57559008	-1.67E+01	48.27926208	-94.08191164
20.30618618	-1.65E+01	47.73187148	-93.4249238
20.03329099	-1.62E+01	47.16382465	-92.73265183
19.75704777	-1.60E+01	46.57698487	-92.00644075
19.47760215	-1.57E+01	45.97314168	-91.24759258
19.19510208	-1.55E+01	45.35400705	-90.45736608
18.90969759	-1.52E+01	44.72121257	-89.63697718
18.62154073	-1.50E+01	44.07630761	-88.78760011
18.33078536	-1.47E+01	43.42075852	-87.9103691
18.03758704	-1.44E+01	42.7559485	-87.00638054
17.74210288	-1.42E+01	42.08317845	-86.07669549
17.4444914	-1.39E+01	41.40366829	-85.12234253
17.14491237	-1.37E+01	40.71855897	-84.14432074
16.84352671	-1.34E+01	40.02891497	-83.14360285
16.54049627	-1.32E+01	39.3357271	-82.12113845
16.23598379	-1.29E+01	38.63991575	-81.07785709
15.93015266	-1.26E+01	37.94233422	-80.01467145
15.62316688	-1.24E+01	37.24377237	-78.93248026
15.31519084	-1.21E+01	36.54496021	-77.83217116
15.00638924	-1.19E+01	35.84657163	-76.71462333
14.69692694	-1.16E+01	35.1492281	-75.58070989
14.38696881	-1.14E+01	34.45350224	-74.43130012
14.07667967	-1.11E+01	33.75992139	-73.26726142
13.76622409	-1.09E+01	33.068971	-72.08946097
13.4557663	-1.06E+01	32.38109789	-70.89876722
13.14547009	-1.03E+01	31.69671332	-69.6960511
12.83549867	-1.01E+01	31.01619594	-68.48218689
12.52601456	-9.84E+00	30.33989447	-67.25805303
12.21717952	-9.59E+00	29.6681303	-66.02453249
11.90915437	-9.34E+00	29.00119976	-64.78251304
11.60209898	-9.10E+00	28.33937635	-63.53288726
11.29617211	-8.85E+00	27.68291264	-62.27655235
10.99153133	-8.61E+00	27.03204214	-61.01440968
10.68833297	-8.36E+00	26.38698083	-59.74736425
10.38673198	-8.12E+00	25.74792871	-58.47632388
10.08688189	-7.88E+00	25.115071	-57.20219828
9.78893472	-7.65E+00	24.48857934	-55.92589794
9.493040921	-7.41E+00	23.86861281	-54.64833289
9.199349298	-7.18E+00	23.25531875	-53.37041134
8.908006955	-6.95E+00	22.64883356	-52.09303814
8.619159239	-6.72E+00	22.04928336	-50.81711319
8.33294969	-6.49E+00	21.45678445	-49.54352975
8.049519994	-6.27E+00	20.87144384	-48.27317261
7.769009941	-6.05E+00	20.29335954	-47.00691622
7.491557391	-5.83E+00	19.72262086	-45.74562283
7.217298241	-5.61E+00	19.15930855	-44.49014041
6.946366402	-5.40E+00	18.603495	-43.24130073
6.678893772	-5.19E+00	18.05524422	-41.99991722
6.415010224	-4.99E+00	17.51461184	-40.76678303
6.154843595	-4.78E+00	16.98164507	-39.54266885
5.898519676	-4.58E+00	16.45638255	-38.32832093
5.646162213	-4.38E+00	15.93885421	-37.12445901
5.397892909	-4.19E+00	15.42908098	-35.9317743
5.153831431	-4.00E+00	14.92707459	-34.75092751
4.914095424	-3.81E+00	14.43283723	-33.58254685
4.678800525	-3.63E+00	13.94636118	-32.42722616
4.448060388	-3.45E+00	13.46762843	-31.28552302
4.221986705	-3.27E+00	12.99661023	-30.15795696
4.000689239	-3.10E+00	12.53326666	-29.04500766
3.784275857	-2.93E+00	12.07754604	-27.94711328
3.572852568	-2.77E+00	11.62938445	-26.86466875
3.366523562	-2.61E+00	11.18870512	-25.79802423
3.16539126	-2.45E+00	10.75541781	-24.74748352
2.969556357	-2.30E+00	10.32941818	-23.7133026
2.779117876	-2.15E+00	9.910587085	-22.69568814
2.594173226	-2.01E+00	9.498789898	-21.69479619
2.414818254	-1.87E+00	9.093875754	-20.71073074
2.24114731	-1.74E+00	8.695676808	-19.74354254
2.073253306	-1.61E+00	8.304007457	-18.79322778
1.911227785	-1.48E+00	7.918663563	-17.85972696
1.755160985	-1.36E+00	7.539421653	-16.94292376
1.605141907	-1.24E+00	7.166038128	-16.04264398
1.461258386	-1.13E+00	6.798248477	-15.15865455
1.323597164	-1.03E+00	6.435766508	-14.29066262
1.192243958	-9.23E-01	6.078283602	-13.43831477
1.067283533	-8.27E-01	5.725468006	-12.6011963
0.948799777	-7.35E-01	5.376964176	-11.77883061
0.83687577	-6.48E-01	5.032392185	-10.97067881
0.731593858	-5.67E-01	4.691347207	-10.17613942
0.633035722	-4.90E-01	4.353399092	-9.394548297
0.541282448	-4.19E-01	4.018092057	-8.625178717
0.456414595	-3.53E-01	3.684944497	-7.867241772
0.378512259	-2.93E-01	3.353448939	-7.119886967
0.307655142	-2.38E-01	3.023072157	-6.382203123
0.243922602	-1.89E-01	2.693255454	-5.653219588
0.187393721	-1.45E-01	2.363415138	-4.93190777
0.138147349	-1.07E-01	2.032943188	-4.217183022
0.09626216	-7.45E-02	1.701208137	-3.507906877
0.061816689	-4.79E-02	1.367556163	-2.80288965
0.034889378	-2.70E-02	1.031312405	-2.100893411
0.015558604	-1.20E-02	0.691782499	-1.400635315
0.003902703	-3.02E-03	0.34825433	-0.70079128
1.59028E-14	-1.59E-14	0	0