7.02E-15	-3.50835E-15	-3.50835E-15	0.00E+00
7.01E-01	-0.352495478	0.000266968	-2.68E-03
1.40E+00	-0.708524271	0.001064299	-1.07E-02
2.10E+00	-1.068483652	0.002386635	-2.39E-02
2.80E+00	-1.432760957	0.004228614	-4.24E-02
3.50E+00	-1.801732796	0.006584865	-6.60E-02
4.20E+00	-2.175764319	0.009450006	-9.47E-02
4.90E+00	-2.555208549	0.012818633	-1.28E-01
5.61E+00	-2.940405765	0.016685313	-1.67E-01
6.33E+00	-3.33168295	0.021044577	-2.11E-01
7.04E+00	-3.729353283	0.025890907	-2.59E-01
7.77E+00	-4.133715698	0.031218728	-3.13E-01
8.49E+00	-4.545054482	0.037022393	-3.71E-01
9.23E+00	-4.963638932	0.04329617	-4.34E-01
9.97E+00	-5.38972305	0.050034232	-5.02E-01
1.07E+01	-5.82354529	0.057230642	-5.74E-01
1.15E+01	-6.265328337	0.064879338	-6.50E-01
1.23E+01	-6.715278939	0.072974118	-7.32E-01
1.30E+01	-7.173587759	0.081508625	-8.17E-01
1.38E+01	-7.640429269	0.090476336	-9.07E-01
1.46E+01	-8.115961675	0.099870542	-1.00E+00
1.54E+01	-8.600326866	0.109684332	-1.10E+00
1.62E+01	-9.093650387	0.119910585	-1.20E+00
1.71E+01	-9.596041442	0.130541945	-1.31E+00
1.79E+01	-10.10759291	0.141570816	-1.42E+00
1.88E+01	-10.62838137	0.152989339	-1.54E+00
1.96E+01	-11.15846717	0.164789381	-1.66E+00
2.05E+01	-11.69789449	0.176962521	-1.78E+00
2.14E+01	-12.24669141	0.189500035	-1.91E+00
2.23E+01	-12.80486999	0.202392883	-2.04E+00
2.32E+01	-13.37242639	0.215631696	-2.17E+00
2.41E+01	-13.94934096	0.229206764	-2.31E+00
2.50E+01	-14.53557835	0.243108021	-2.45E+00
2.60E+01	-15.13108763	0.257325037	-2.60E+00
2.69E+01	-15.7358024	0.271847007	-2.74E+00
2.79E+01	-16.34964091	0.286662737	-2.90E+00
2.89E+01	-16.97250621	0.301760639	-3.05E+00
2.99E+01	-17.60428624	0.317128718	-3.21E+00
3.09E+01	-18.24485399	0.332754567	-3.37E+00
3.19E+01	-18.89406759	0.348625359	-3.54E+00
3.29E+01	-19.55177049	0.364727837	-3.70E+00
3.39E+01	-20.21779151	0.381048314	-3.88E+00
3.49E+01	-20.89194504	0.397572661	-4.05E+00
3.60E+01	-21.57403113	0.414286309	-4.23E+00
3.70E+01	-22.26383559	0.431174242	-4.40E+00
3.81E+01	-22.96113016	0.448220993	-4.59E+00
3.92E+01	-23.66567255	0.465410648	-4.77E+00
4.02E+01	-24.37720665	0.482726839	-4.96E+00
4.13E+01	-25.09546253	0.500152747	-5.15E+00
4.24E+01	-25.82015664	0.517671102	-5.34E+00
4.35E+01	-26.55099185	0.535264185	-5.53E+00
4.45E+01	-27.28765757	0.552913831	-5.73E+00
4.56E+01	-28.02982984	0.570601432	-5.93E+00
4.67E+01	-28.77717142	0.588307942	-6.13E+00
4.78E+01	-29.52933186	0.606013882	-6.33E+00
4.89E+01	-30.28594762	0.623699345	-6.53E+00
5.00E+01	-31.04664211	0.641344006	-6.74E+00
5.11E+01	-31.8110258	0.658927128	-6.94E+00
5.21E+01	-32.57869625	0.676427572	-7.15E+00
5.32E+01	-33.34923828	0.693823805	-7.36E+00
5.43E+01	-34.12222395	0.711093915	-7.57E+00
5.54E+01	-34.89721272	0.728215617	-7.78E+00
5.64E+01	-35.67375152	0.745166271	-8.00E+00
5.75E+01	-36.45137486	0.761922892	-8.21E+00
5.85E+01	-37.22960495	0.778462166	-8.43E+00
5.96E+01	-38.00795186	0.794760464	-8.64E+00
6.06E+01	-38.78591366	0.810793861	-8.86E+00
6.16E+01	-39.56297662	0.82653815	-9.08E+00
6.26E+01	-40.33861547	0.84196886	-9.30E+00
6.36E+01	-41.11229363	0.857061278	-9.52E+00
6.46E+01	-41.88346356	0.871790466	-9.73E+00
6.55E+01	-42.6515671	0.88613128	-9.95E+00
6.65E+01	-43.41603596	0.900058397	-1.02E+01
6.74E+01	-44.1762922	0.91354633	-1.04E+01
6.83E+01	-44.93174882	0.926569457	-1.06E+01
6.92E+01	-45.68181047	0.939102041	-1.08E+01
7.01E+01	-46.42587419	0.951118257	-1.10E+01
7.09E+01	-47.16333034	0.962592216	-1.13E+01
7.17E+01	-47.8935636	0.97349799	-1.15E+01
7.25E+01	-48.61595407	0.983809644	-1.17E+01
7.33E+01	-49.32987855	0.993501257	-1.19E+01
7.41E+01	-50.03471192	1.002546954	-1.21E+01
7.48E+01	-50.72982869	1.010920937	-1.24E+01
7.55E+01	-51.41460462	1.018597509	-1.26E+01
7.62E+01	-52.08841863	1.025551112	-1.28E+01
7.68E+01	-52.75065463	1.03175635	-1.30E+01
7.74E+01	-53.4007037	1.03718803	-1.32E+01
7.80E+01	-54.03796628	1.041821184	-1.34E+01
7.86E+01	-54.66185448	1.045631113	-1.36E+01
7.91E+01	-55.27179454	1.048593412	-1.38E+01
7.96E+01	-55.86722935	1.050684009	-1.40E+01
8.01E+01	-56.44762106	1.051879196	-1.42E+01
8.05E+01	-57.01245368	1.052155669	-1.44E+01
8.09E+01	-57.56123585	1.05149056	-1.46E+01
8.13E+01	-58.09350343	1.049861475	-1.48E+01
8.16E+01	-58.60882216	1.047246528	-1.50E+01
8.19E+01	-59.10679031	1.043624382	-1.52E+01
8.22E+01	-59.58704114	1.038974282	-1.54E+01
8.25E+01	-60.0492453	1.033276095	-1.56E+01
8.27E+01	-60.49311311	1.026510349	-1.58E+01
8.29E+01	-60.91839659	1.018658265	-1.60E+01
8.30E+01	-61.32489141	1.009701804	-1.62E+01
8.32E+01	-61.7124385	0.999623698	-1.63E+01
8.32E+01	-62.08092545	0.988407492	-1.65E+01
8.33E+01	-62.43028772	0.976037581	-1.67E+01
8.33E+01	-62.76050944	0.962499249	-1.69E+01
8.34E+01	-63.07162405	0.947778705	-1.70E+01
8.33E+01	-63.36371452	0.931863126	-1.72E+01
8.33E+01	-63.63691335	0.91474069	-1.74E+01
8.32E+01	-63.89140225	0.896400617	-1.75E+01
8.31E+01	-64.12741146	0.876833202	-1.77E+01
8.30E+01	-64.3452189	0.856029858	-1.78E+01
8.28E+01	-64.5451489	0.833983147	-1.80E+01
8.26E+01	-64.72757074	0.810686818	-1.81E+01
8.24E+01	-64.89289692	0.786135844	-1.83E+01
8.22E+01	-65.04158124	0.760326454	-1.84E+01
8.19E+01	-65.17411656	0.733256167	-1.86E+01
8.17E+01	-65.29103249	0.704923827	-1.87E+01
8.14E+01	-65.39289281	0.675329635	-1.88E+01
8.11E+01	-65.48029284	0.644475177	-1.90E+01
8.08E+01	-65.5538566	0.612363458	-1.91E+01
8.04E+01	-65.61423395	0.57899893	-1.92E+01
8.01E+01	-65.66209755	0.544387518	-1.93E+01
7.97E+01	-65.6981399	0.50853665	-1.94E+01
7.93E+01	-65.72307022	0.471455279	-1.96E+01
7.89E+01	-65.7376114	0.433153908	-1.97E+01
7.85E+01	-65.74249688	0.393644612	-1.98E+01
7.81E+01	-65.73846761	0.35294106	-1.99E+01
7.77E+01	-65.72626903	0.311058533	-2.00E+01
7.72E+01	-65.70664805	0.26801394	-2.01E+01
7.68E+01	-65.68035014	0.223825837	-2.02E+01
7.64E+01	-65.64811648	0.178514437	-2.03E+01
7.59E+01	-65.61068115	0.132101621	-2.03E+01
7.55E+01	-65.5687685	0.084610954	-2.04E+01
7.50E+01	-65.52309047	0.036067685	-2.05E+01
7.46E+01	-65.47434419	-0.013501244	-2.06E+01
7.41E+01	-65.42320954	-0.064067195	-2.06E+01
7.37E+01	-65.37034691	-0.115599833	-2.07E+01
7.32E+01	-65.31639504	-0.16806713	-2.08E+01
7.28E+01	-65.26196903	-0.221435365	-2.08E+01
7.23E+01	-65.20765846	-0.275669133	-2.09E+01
7.19E+01	-65.15402561	-0.330731353	-2.10E+01
7.15E+01	-65.10160391	-0.38658328	-2.10E+01
7.10E+01	-65.05089643	-0.443184517	-2.11E+01
7.06E+01	-65.00237463	-0.500493033	-2.11E+01
7.02E+01	-64.95647716	-0.558465183	-2.12E+01
6.98E+01	-64.91360891	-0.617055728	-2.12E+01
6.94E+01	-64.87414016	-0.67621786	-2.12E+01
6.90E+01	-64.83840591	-0.735903229	-2.13E+01
6.86E+01	-64.8067054	-0.796061975	-2.13E+01
6.83E+01	-64.77930175	-0.856642756	-2.14E+01
6.79E+01	-64.75642186	-0.917592791	-2.14E+01
6.76E+01	-64.73825633	-0.978857888	-2.14E+01
6.72E+01	-64.7249597	-1.040382494	-2.14E+01
6.69E+01	-64.71665077	-1.102109735	-2.15E+01
6.66E+01	-64.7134131	-1.16398146	-2.15E+01
6.63E+01	-64.71529565	-1.225938296	-2.15E+01
6.60E+01	-64.7223136	-1.287919693	-2.15E+01
6.58E+01	-64.73444933	-1.349863984	-2.15E+01
6.55E+01	-64.75165343	-1.411708441	-2.15E+01
6.53E+01	-64.77384599	-1.473389331	-2.15E+01
6.50E+01	-64.80091787	-1.534841985	-2.16E+01
6.48E+01	-64.83273218	-1.596000856	-2.16E+01
6.46E+01	-64.86912575	-1.656799594	-2.16E+01
6.44E+01	-64.90991077	-1.71717111	-2.16E+01
6.42E+01	-64.95487646	-1.777047653	-2.16E+01
6.40E+01	-65.00379079	-1.836360881	-2.16E+01
6.39E+01	-65.05640225	-1.895041942	-2.16E+01
6.37E+01	-65.11244165	-1.953021555	-2.16E+01
6.36E+01	-65.17162394	-2.010230086	-2.16E+01
6.34E+01	-65.23365002	-2.066597639	-2.16E+01
6.33E+01	-65.29820857	-2.12205414	-2.16E+01
6.32E+01	-65.36497785	-2.176529424	-2.15E+01
6.31E+01	-65.43362745	-2.229953331	-2.15E+01
6.30E+01	-65.50382005	-2.282255792	-2.15E+01
6.29E+01	-65.5752131	-2.333366931	-2.15E+01
6.28E+01	-65.64746048	-2.383217156	-2.15E+01
6.27E+01	-65.72021409	-2.431737261	-2.15E+01
6.27E+01	-65.79312537	-2.478858523	-2.15E+01
6.26E+01	-65.86584679	-2.524512809	-2.15E+01
6.26E+01	-65.93803323	-2.568632675	-2.15E+01
6.25E+01	-66.00934336	-2.611151471	-2.15E+01
6.25E+01	-66.07944087	-2.65200345	-2.15E+01
6.24E+01	-66.14799572	-2.691123874	-2.14E+01
6.24E+01	-66.21468527	-2.728449122	-2.14E+01
6.24E+01	-66.27919536	-2.7639168	-2.14E+01
6.23E+01	-66.34122136	-2.797465854	-2.14E+01
6.23E+01	-66.40046913	-2.829036678	-2.14E+01
6.23E+01	-66.45665592	-2.858571228	-2.14E+01
6.23E+01	-66.50951132	-2.886013133	-2.14E+01
6.22E+01	-66.55877802	-2.911307812	-2.14E+01
6.22E+01	-66.60421265	-2.934402581	-2.14E+01
6.22E+01	-66.64558654	-2.955246773	-2.14E+01
6.22E+01	-66.6826865	-2.973791846	-2.14E+01
6.22E+01	-66.71531549	-2.989991499	-2.14E+01
6.22E+01	-66.74329336	-3.003801786	-2.14E+01
6.22E+01	-66.76645757	-3.015181221	-2.14E+01
6.22E+01	-66.78466384	-3.024090901	-2.13E+01
6.22E+01	-66.7977869	-3.030494604	-2.13E+01
6.22E+01	-66.80572113	-3.034358908	-2.13E+01
6.22E+01	-66.80838132	-3.035653293	-2.13E+01
6.22E+01	-66.80635891	-3.033016839	-2.13E+01
6.22E+01	-66.8003159	-3.025119757	-2.14E+01
6.22E+01	-66.79028453	-3.011946917	-2.14E+01
6.22E+01	-66.77629167	-2.99343981	-2.14E+01
6.22E+01	-66.75835908	-2.969498306	-2.14E+01
6.22E+01	-66.73650352	-2.939982508	-2.14E+01
6.22E+01	-66.71073702	-2.904714698	-2.15E+01
6.23E+01	-66.68106705	-2.863481396	-2.15E+01
6.23E+01	-66.64749669	-2.816035547	-2.16E+01
6.23E+01	-66.61002485	-2.762098844	-2.16E+01
6.23E+01	-66.56864648	-2.701364204	-2.17E+01
6.24E+01	-66.52335272	-2.63349841	-2.18E+01
6.24E+01	-66.47413116	-2.558144931	-2.19E+01
6.24E+01	-66.42096595	-2.474926917	-2.20E+01
6.25E+01	-66.36383807	-2.383450378	-2.21E+01
6.25E+01	-66.3027255	-2.283307533	-2.22E+01
6.25E+01	-66.23760337	-2.174080327	-2.24E+01
6.26E+01	-66.16844422	-2.055344084	-2.25E+01
6.26E+01	-66.09521813	-1.926671285	-2.27E+01
6.27E+01	-66.01789297	-1.787635419	-2.28E+01
6.27E+01	-65.93643451	-1.637814885	-2.30E+01
6.28E+01	-65.85080668	-1.476796892	-2.32E+01
6.28E+01	-65.76097172	-1.304181309	-2.35E+01
6.29E+01	-65.66689036	-1.119584418	-2.37E+01
6.29E+01	-65.56852201	-0.922642513	-2.40E+01
6.29E+01	-65.46582494	-0.713015315	-2.43E+01
6.30E+01	-65.35875648	-0.490389132	-2.46E+01
6.30E+01	-65.24727315	-0.25447975	-2.49E+01
6.31E+01	-65.13133087	-0.005035014	-2.52E+01
6.31E+01	-65.01088512	0.258162925	-2.56E+01
6.32E+01	-64.88589113	0.535295697	-2.60E+01
6.32E+01	-64.756304	0.826507153	-2.64E+01
6.33E+01	-64.62207893	1.131902142	-2.68E+01
6.33E+01	-64.48317133	1.451545609	-2.73E+01
6.33E+01	-64.33953702	1.785461997	-2.77E+01
6.34E+01	-64.19113236	2.13363492	-2.82E+01
6.34E+01	-64.03791441	2.496007085	-2.88E+01
6.34E+01	-63.87984111	2.872480411	-2.93E+01
6.35E+01	-63.71687138	3.262916329	-2.98E+01
6.35E+01	-63.54896531	3.667136214	-3.04E+01
6.35E+01	-63.37608429	4.084921927	-3.10E+01
6.36E+01	-63.19819112	4.516016427	-3.16E+01
6.36E+01	-63.0152502	4.960124435	-3.23E+01
6.36E+01	-62.82722761	5.416913131	-3.29E+01
6.36E+01	-62.63409127	5.886012858	-3.36E+01
6.36E+01	-62.43581104	6.367017828	-3.43E+01
6.36E+01	-62.23235884	6.859486825	-3.50E+01
6.36E+01	-62.0237088	7.362943894	-3.57E+01
6.36E+01	-61.80983731	7.876879027	-3.65E+01
6.36E+01	-61.59072318	8.400748847	-3.72E+01
6.36E+01	-61.36634769	8.933977291	-3.80E+01
6.36E+01	-61.13669472	9.475956316	-3.87E+01
6.36E+01	-60.90175081	10.02604663	-3.95E+01
6.36E+01	-60.66150527	10.58357847	-4.03E+01
6.36E+01	-60.41595022	11.14785241	-4.11E+01
6.35E+01	-60.16508071	11.71814031	-4.19E+01
6.35E+01	-59.90889473	12.29368624	-4.28E+01
6.35E+01	-59.64739329	12.87370762	-4.36E+01
6.34E+01	-59.38058049	13.45739642	-4.44E+01
6.34E+01	-59.10846354	14.04392044	-4.52E+01
6.33E+01	-58.83105279	14.63242487	-4.61E+01
6.32E+01	-58.5483618	15.22203381	-4.69E+01
6.32E+01	-58.26040731	15.81185211	-4.78E+01
6.31E+01	-57.96720933	16.4009673	-4.86E+01
6.30E+01	-57.66879107	16.98845164	-4.94E+01
6.29E+01	-57.365179	17.57336441	-5.02E+01
6.28E+01	-57.05640283	18.15475435	-5.10E+01
6.27E+01	-56.7424955	18.73166217	-5.19E+01
6.26E+01	-56.42349315	19.30312333	-5.27E+01
6.25E+01	-56.09943514	19.86817087	-5.34E+01
6.24E+01	-55.77036396	20.42583838	-5.42E+01
6.23E+01	-55.43632525	20.9751631	-5.50E+01
6.21E+01	-55.09736773	21.51518911	-5.57E+01
6.20E+01	-54.75354314	22.04497054	-5.65E+01
6.18E+01	-54.40490622	22.56357488	-5.72E+01
6.17E+01	-54.05151461	23.07008632	-5.79E+01
6.15E+01	-53.69342885	23.56360904	-5.86E+01
6.14E+01	-53.33071221	24.0432705	-5.92E+01
6.12E+01	-52.9634307	24.50822472	-5.99E+01
6.10E+01	-52.59165298	24.95765541	-6.05E+01
6.08E+01	-52.21545021	25.39077903	-6.11E+01
6.06E+01	-51.83489603	25.80684774	-6.16E+01
6.04E+01	-51.45006645	26.20515217	-6.22E+01
6.02E+01	-51.06103974	26.58502402	-6.27E+01
6.00E+01	-50.66789633	26.94583844	-6.31E+01
5.98E+01	-50.27071871	27.28701626	-6.36E+01
5.95E+01	-49.86959136	27.60802588	-6.40E+01
5.93E+01	-49.46460057	27.90838498	-6.44E+01
5.90E+01	-49.0558344	28.18766194	-6.48E+01
5.88E+01	-48.64338253	28.44547701	-6.51E+01
5.85E+01	-48.22733617	28.68150311	-6.54E+01
5.82E+01	-47.80778792	28.89546647	-6.56E+01
5.80E+01	-47.38483167	29.08714686	-6.59E+01
5.77E+01	-46.95856252	29.25637762	-6.60E+01
5.74E+01	-46.52907659	29.40304533	-6.62E+01
5.71E+01	-46.09647097	29.52708927	-6.63E+01
5.68E+01	-45.6608436	29.62850058	-6.64E+01
5.65E+01	-45.22229311	29.70732117	-6.64E+01
5.61E+01	-44.78091879	29.76364239	-6.64E+01
5.58E+01	-44.33682038	29.79760348	-6.64E+01
5.55E+01	-43.89009806	29.80938984	-6.64E+01
5.51E+01	-43.44085227	29.79923108	-6.63E+01
5.48E+01	-42.98918365	29.76739896	-6.61E+01
5.44E+01	-42.53519292	29.71420514	-6.60E+01
5.41E+01	-42.07898079	29.63999887	-6.57E+01
5.37E+01	-41.62064784	29.54516455	-6.55E+01
5.33E+01	-41.16029445	29.43011926	-6.52E+01
5.29E+01	-40.69802072	29.29531022	-6.49E+01
5.25E+01	-40.23392634	29.14121226	-6.46E+01
5.22E+01	-39.76811055	28.96832524	-6.42E+01
5.17E+01	-39.30067202	28.77717156	-6.38E+01
5.13E+01	-38.83170881	28.56829364	-6.33E+01
5.09E+01	-38.36131825	28.34225152	-6.28E+01
5.05E+01	-37.88959693	28.09962046	-6.23E+01
5.01E+01	-37.41664056	27.8409887	-6.18E+01
4.97E+01	-36.94254397	27.56695522	-6.12E+01
4.92E+01	-36.46740101	27.27812771	-6.06E+01
4.88E+01	-35.99130451	26.97512057	-6.00E+01
4.83E+01	-35.51434622	26.65855303	-5.94E+01
4.79E+01	-35.03661678	26.32904743	-5.87E+01
4.74E+01	-34.55820562	25.98722759	-5.80E+01
4.69E+01	-34.07920098	25.63371729	-5.72E+01
4.65E+01	-33.59968985	25.26913892	-5.65E+01
4.60E+01	-33.11975791	24.89411218	-5.57E+01
4.55E+01	-32.63948954	24.50925292	-5.49E+01
4.50E+01	-32.15896774	24.11517216	-5.41E+01
4.45E+01	-31.67827417	23.71247507	-5.32E+01
4.41E+01	-31.19748906	23.30176018	-5.24E+01
4.36E+01	-30.71669123	22.88361867	-5.15E+01
4.31E+01	-30.23595808	22.45863365	-5.06E+01
4.25E+01	-29.75536555	22.02737966	-4.97E+01
4.20E+01	-29.27498812	21.59042214	-4.87E+01
4.15E+01	-28.79489883	21.14831706	-4.78E+01
4.10E+01	-28.31516922	20.70161053	-4.68E+01
4.05E+01	-27.8358694	20.25083853	-4.59E+01
3.99E+01	-27.35706797	19.7965267	-4.49E+01
3.94E+01	-26.87883211	19.33919014	-4.39E+01
3.89E+01	-26.40122751	18.87933329	-4.29E+01
3.83E+01	-25.92431844	18.4174498	-4.19E+01
3.78E+01	-25.44816771	17.95402253	-4.09E+01
3.72E+01	-24.97283672	17.48952349	-3.99E+01
3.67E+01	-24.49838547	17.02441384	-3.89E+01
3.61E+01	-24.02487255	16.55914395	-3.78E+01
3.56E+01	-23.5523552	16.09415343	-3.68E+01
3.50E+01	-23.0808893	15.62987121	-3.58E+01
3.44E+01	-22.61052941	15.16671564	-3.48E+01
3.39E+01	-22.14132881	14.70509455	-3.37E+01
3.33E+01	-21.67333947	14.24540545	-3.27E+01
3.27E+01	-21.20661214	13.78803557	-3.17E+01
3.22E+01	-20.74119635	13.33336208	-3.07E+01
3.16E+01	-20.27714046	12.88175216	-2.96E+01
3.10E+01	-19.81449166	12.43356322	-2.86E+01
3.04E+01	-19.35329604	11.98914304	-2.76E+01
2.98E+01	-18.89359858	11.54882991	-2.66E+01
2.92E+01	-18.43544326	11.11295286	-2.56E+01
2.86E+01	-17.97887301	10.68183177	-2.47E+01
2.80E+01	-17.5239298	10.2557776	-2.37E+01
2.74E+01	-17.07065469	9.835092567	-2.27E+01
2.68E+01	-16.6190878	9.420070321	-2.18E+01
2.62E+01	-16.16926844	9.010996139	-2.09E+01
2.56E+01	-15.72123509	8.608147128	-1.99E+01
2.50E+01	-15.27502544	8.211792415	-1.90E+01
2.44E+01	-14.83067648	7.822193354	-1.81E+01
2.38E+01	-14.38822449	7.439603728	-1.72E+01
2.31E+01	-13.9477051	7.064269955	-1.64E+01
2.25E+01	-13.50915334	6.696431303	-1.55E+01
2.19E+01	-13.07260369	6.336320099	-1.47E+01
2.13E+01	-12.63809008	5.984161947	-1.39E+01
2.06E+01	-12.20564598	5.64017595	-1.31E+01
2.00E+01	-11.77530441	5.304574934	-1.23E+01
1.94E+01	-11.34709801	4.977565669	-1.16E+01
1.87E+01	-10.92105906	4.659349105	-1.08E+01
1.81E+01	-10.49721951	4.3501206	-1.01E+01
1.75E+01	-10.07561108	4.050070157	-9.41E+00
1.68E+01	-9.65626522	3.759382665	-8.74E+00
1.62E+01	-9.239213219	3.478238134	-8.09E+00
1.55E+01	-8.824486205	3.206811941	-7.46E+00
1.49E+01	-8.412115206	2.945275076	-6.85E+00
1.42E+01	-8.002131177	2.693794384	-6.26E+00
1.36E+01	-7.594565049	2.452532817	-5.70E+00
1.29E+01	-7.189447763	2.221649678	-5.17E+00
1.23E+01	-6.786810308	2.001300871	-4.66E+00
1.16E+01	-6.386683764	1.791639144	-4.17E+00
1.09E+01	-5.989099334	1.59281434	-3.71E+00
1.03E+01	-5.594088386	1.404973634	-3.27E+00
9.60E+00	-5.201682487	1.228261778	-2.86E+00
8.93E+00	-4.811913444	1.062821332	-2.47E+00
8.25E+00	-4.424813335	0.908792901	-2.11E+00
7.58E+00	-4.040414552	0.76631535	-1.78E+00
6.90E+00	-3.658749831	0.635526031	-1.48E+00
6.22E+00	-3.279852293	0.516560984	-1.20E+00
5.54E+00	-2.90375548	0.40955514	-9.53E-01
4.86E+00	-2.53049339	0.314642505	-7.32E-01
4.17E+00	-2.160100512	0.231956336	-5.40E-01
3.48E+00	-1.792611871	0.161629303	-3.76E-01
2.79E+00	-1.428063056	0.103793628	-2.42E-01
2.09E+00	-1.066490268	0.058581218	-1.36E-01
1.40E+00	-0.707930351	0.026123771	-6.08E-02
7.01E-01	-0.352420841	0.006552859	-1.52E-02
1.59E-14	-1.59028E-14	1.20742E-06	-2.41E-06