-4.15296E-06	4.38341E-06	-4.68102E-06	-3.64522E-06
0.20470716	-0.053129912	0.08088153	-0.260865629
0.378359519	-0.093265261	0.155532901	-0.497559688
0.508697981	-0.116562732	0.221049325	-0.698226759
0.589580129	-0.121303627	0.276150996	-0.856403362
0.62051268	-0.10762376	0.321235769	-0.971046604
0.605719418	-0.07710571	0.358207217	-1.046068369
0.55291907	-0.032310066	0.390165165	-1.089630941
0.472005707	0.023676659	0.421251341	-1.113704729
0.37380472	0.087616434	0.456898682	-1.134210831
0.269016827	0.156392501	0.504385008	-1.171467995
0.167394556	0.227194966	0.573220494	-1.250088839
0.077154976	0.29764843	0.674956238	-1.397661281
0.004611851	0.365905571	0.822432177	-1.642393056
-0.045998465	0.430715095	1.028746667	-2.010400882
-0.072515429	0.491453285	1.306176817	-2.52321546
-0.074687259	0.548102062	1.665152927	-3.19580397
-0.053859383	0.601165634	2.113335189	-4.035230301
-0.012565175	0.651527674	2.654869145	-5.039993679
0.045909649	0.700264456	3.289932724	-6.200037136
0.117916283	0.748454958	4.014625213	-7.497312511
0.199737626	0.797046467	4.821139594	-8.906705763
0.28777452	0.846813704	5.698141636	-10.39718103
0.378639825	0.898397706	6.631338619	-11.93312258
0.469190416	0.952374369	7.60425055	-13.47590548
0.556524494	1.009306238	8.599164888	-14.98568511
0.637970343	1.069753584	9.598201608	-16.4233127
0.711091558	1.134242836	10.58437991	-17.75221487
0.773719536	1.203207411	11.54257481	-18.94005933
0.824005766	1.276922745	12.46027375	-19.96006952
0.860481001	1.355456482	13.32807751	-20.79191264
0.882112011	1.438652635	14.13992342	-21.4221398
0.888350602	1.526160685	14.89304296	-21.84420822
0.879172521	1.617504788	15.58770211	-22.05817198
0.855102152	1.712176162	16.22678131	-22.07013675
0.817211723	1.809732208	16.81521875	-21.89152178
0.767077888	1.909891653	17.35931153	-21.53812276
0.706682367	2.012613977	17.86589237	-21.02895359
0.638262286	2.118146289	18.34148141	-20.38489758
0.564139406	2.22702386	18.79159915	-19.62731795
0.486561299	2.3400246	19.22040732	-18.77683279
0.40757042	2.458094323	19.63070208	-17.852397
0.328904329	2.582267448	20.02415692	-16.87075267
0.251932235	2.713602917	20.40170201	-15.84627836
0.177635417	2.853142996	20.76395674	-14.79120284
0.106629009	3.001891269	21.11162028	-13.71602004
0.039207817	3.160799954	21.44576403	-12.62996511
-0.024602821	3.330755724	21.76811861	-11.54167842
-0.084998928	3.512556147	22.08148194	-10.46024545
-0.142352413	3.706875578	22.3901073	-9.396284854
-0.197167172	3.914226679	22.69965515	-8.362231744
-0.25003358	4.13492497	23.01641116	-7.371207347
-0.301577571	4.369060789	23.34595999	-6.434836356
-0.352407807	4.616484489	23.69194496	-5.561246621
-0.40307075	4.876813238	24.05545863	-4.75430712
-0.454020687	5.14946278	24.43510394	-4.014145517
-0.505604996	5.433697432	24.82743899	-3.338332398
-0.558056529	5.728684944	25.22753894	-2.72316697
-0.611479392	6.033544069	25.62952514	-2.164745385
-0.665824083	6.347380544	26.02699945	-1.659672157
-0.720867527	6.66931495	26.41337852	-1.205391508
-0.776217966	6.998507636	26.78214826	-0.800194462
-0.831350138	7.334183794	27.12705785	-0.443003779
-0.885667086	7.675662268	27.44226375	-0.133045946
-0.938586267	8.022391283	27.72243205	0.130495894
-0.989637837	8.373983717	27.96281337	0.348770901
-1.038544751	8.730233883	28.15930259	0.523437702
-1.085254797	9.091102367	28.30848307	0.656708301
-1.129914001	9.456667705	28.40765028	0.751257479
-1.172787594	9.827053081	28.45482296	0.810003353
-1.214141583	10.20234008	28.44875013	0.835815861
-1.254095315	10.58247072	28.38891805	0.831278628
-1.292448296	10.96712273	28.27563672	0.798546842
-1.328495741	11.35556044	28.11032664	0.739274076
-1.360964053	11.74655427	27.89591139	0.654768722
-1.388469136	12.13859922	27.63700591	0.546530015
-1.410814222	12.53058315	27.33968419	0.41695922
-1.430471349	12.92256493	27.01080982	0.269926375
-1.452581747	13.31585846	26.65710817	0.110926493
-1.482152914	13.71179567	26.28435871	-0.053440791
-1.519180797	14.10952783	25.89703024	-0.216640065
-1.554634404	14.50429321	25.49838398	-0.373579516
-1.569848941	14.8873703	25.09088593	-0.52176564
-1.539151485	15.2475762	24.67674886	-0.662013857
-1.433850701	15.57334573	24.25837819	-0.798517332
-1.226105276	15.85464245	23.83848328	-0.938101433
-0.892020933	16.08434833	23.41977175	-1.088760663
-0.413692978	16.25889282	23.00435939	-1.257854344
0.219889932	16.37795077	22.59313772	-1.450399267
1.01292436	16.44323791	22.18531867	-1.667793424
1.963571928	16.45667855	21.77828226	-1.907156969
3.065123311	16.41844971	21.36776848	-2.161355262
4.307197892	16.3255225	20.9483984	-2.419672746
5.6767011	16.17116981	20.51445986	-2.669010722
7.158488885	15.94551976	20.0608346	-2.895399509
8.735903425	15.63687627	19.58389677	-3.085576891
10.39134364	15.2334228	19.08221092	-3.228403965
12.10689382	14.72499315	18.55690602	-3.315951785
13.86493552	14.10466177	18.01167958	-3.344167427
15.64865441	13.36994015	17.45246105	-3.313097619
17.44239379	12.52341107	16.88681464	-3.226702353
19.23186002	11.57272245	16.32318158	-3.092321673
21.0042129	10.52997949	15.77006426	-2.919876443
22.7480684	9.410678173	15.23524961	-2.72090369
24.45342534	8.232386334	14.72514773	-2.507538092
26.11153932	7.013387692	14.24428794	-2.291540451
27.71481099	5.771451675	13.79498941	-2.083453925
29.25676166	4.522799384	13.37721992	-1.891948554
30.73207856	3.281264523	12.98866022	-1.72338936
32.1365853	2.057638089	12.62497734	-1.58163424
33.46697999	0.859217066	12.28028146	-1.468045177
34.72034309	-0.310396709	11.94771478	-1.381685302
35.89358736	-1.451212791	11.6201062	-1.319668457
36.9830245	-2.566476083	11.29061771	-1.277619857
37.98410523	-3.662002576	10.95330831	-1.250199485
38.89134278	-4.74528731	10.60355568	-1.231638715
39.69845372	-5.824533724	10.23830407	-1.216244574
40.39868871	-6.907720407	9.856134251	-1.198834658
40.98524063	-8.001724865	9.457170607	-1.175075783
41.45164515	-9.111538097	9.042855499	-1.141707509
41.79214484	-10.23965741	8.615630838	-1.096640017
42.00199472	-11.38573191	8.17856984	-1.038929774
42.07768923	-12.54649205	7.735005623	-0.9686574
42.01710701	-13.7159586	7.288204579	-0.886749198
41.81959172	-14.88589511	6.841120841	-0.794782473
41.48600401	-16.04642625	6.396245801	-0.694799589
41.01876379	-17.18669458	5.955543943	-0.58914295
40.42185379	-18.29543576	5.520448746	-0.4803143
39.70071949	-19.36145117	5.091889491	-0.370853672
38.86201567	-20.37407836	4.670337166	-0.2632309
37.91321595	-21.3237741	4.255871864	-0.159742734
36.86217273	-22.20278069	3.848255132	-0.062404025
35.71672849	-23.00568445	3.446954085	0.027184172
34.48443456	-23.72966333	3.051055338	0.108010866
33.17238931	-24.37435698	2.659076787	0.179869608
31.78719486	-24.94145807	2.268813017	0.243514209
30.33502792	-25.43419269	1.877389682	0.300586274
28.82181023	-25.85681819	1.481589177	0.353210152
27.25344165	-26.21421127	1.078352181	0.403354901
25.63603538	-26.51158708	0.665265728	0.452253951
23.97610108	-26.75435791	0.240876679	0.500138283
22.28066367	-26.94810218	-0.195215428	0.546313106
20.55734899	-27.09858926	-0.642448014	0.589452066
18.81447973	-27.21180536	-1.099508385	0.627968639
17.06122485	-27.29395053	-1.564613258	0.660356178
15.3078532	-27.35140466	-2.035815893	0.685437241
13.56606634	-27.39064225	-2.511317998	0.702508974
11.84922055	-27.41802272	-2.989754503	0.711381175
10.17222734	-27.43940599	-3.470408683	0.712309093
8.551097	-27.45965157	-3.953326019	0.705849825
7.002234944	-27.48212819	-4.439309822	0.692683939
5.541634816	-27.50834543	-4.929796714	0.673434362
4.184095684	-27.53775471	-5.426634843	0.648505936
2.942553315	-27.56768745	-5.931804195	0.617957672
1.827600887	-27.59334204	-6.447118419	0.581409788
0.847278582	-27.60776043	-6.973944128	0.537992343
0.00712838	-27.60188353	-7.512971431	0.48634543
-0.689737547	-27.56489184	-8.064059356	0.424665296
-1.242939071	-27.48494672	-8.6261494	0.350756223
-1.65540954	-27.35032811	-9.197219443	0.262027709
-1.933586368	-27.15087555	-9.774291845	0.155431727
-2.086913493	-26.8793462	-10.35357387	0.027431784
-2.127085067	-26.53216045	-10.93077844	-0.125916708
-2.067306503	-26.10947805	-11.50153391	-0.30885667
-1.921242213	-25.61509518	-12.0616928	-0.525998012
-1.70140562	-25.05653754	-12.60740758	-0.782688506
-1.417587446	-24.44511843	-13.13497415	-1.085583258
-1.076351036	-23.79546027	-13.64050266	-1.443150581
-0.681933283	-23.12436529	-14.11945372	-1.865851825
-0.237965666	-22.44934893	-14.56609799	-2.36580398
0.250767145	-21.78714155	-14.97304093	-2.955860797
0.777011322	-21.15230682	-15.33097356	-3.648295494
1.330379993	-20.55611378	-15.62872353	-4.453488756
1.897393922	-20.00582218	-15.85360195	-5.378972604
2.462143485	-19.5044533	-15.99206511	-6.428839604
3.007374403	-19.05097011	-16.03079466	-7.603133394
3.51575786	-18.64071139	-15.95821699	-8.896866286
3.971164298	-18.26598587	-15.76610524	-10.29900146
4.359848292	-17.91684212	-15.45062832	-11.79235745
4.671464546	-17.58202904	-15.0124584	-13.35507228
4.899805248	-17.25006111	-14.45611444	-14.96324074
5.043165627	-16.91024335	-13.78906323	-16.59358823
5.104303719	-16.55353324	-13.02095778	-18.22525346
5.090023715	-16.17316771	-12.16303724	-19.84052944
5.010458623	-15.76502402	-11.22756724	-21.42484606
4.878138838	-15.32771431	-10.22728232	-22.96625331
4.706916511	-14.86242509	-9.174880314	-24.45458941
4.510812	-14.37251715	-8.082618028	-25.88052558
4.302889952	-13.86292683	-6.961993543	-27.23471466
4.094331452	-13.33945312	-5.823445937	-28.50727862
3.893854606	-12.80803963	-4.676018877	-29.68778669
3.707512739	-12.27414182	-3.527009897	-30.76570005
3.538766119	-11.74223056	-2.381686758	-31.73110129
3.38868459	-11.21546063	-1.243139131	-32.57549079
3.256197547	-10.69552795	-0.112293009	-33.29247776
3.138411466	-10.18272507	1.011884336	-33.8782336
3.031067709	-9.676171098	2.131950333	-34.33161104
2.929149952	-9.174155289	3.251328813	-34.65390524
2.827522356	-8.674514474	4.373526611	-34.84833417
2.721391402	-8.174974075	5.501414815	-34.91940171
2.606469158	-7.673427304	6.636747191	-34.87230057
2.47895438	-7.168188373	7.779946841	-34.71239415
2.335559349	-6.65825494	8.930066867	-34.44474685
2.173691102	-6.143530178	10.08479595	-34.07373329
1.991741684	-5.624909765	11.24041735	-33.60278608
1.789375118	-5.104198328	12.39171397	-33.03426026
1.567709857	-4.583889635	13.53188668	-32.36936285
1.329343119	-4.066860786	14.65258269	-31.60817366
1.078203203	-3.556022181	15.74411244	-30.74982961
0.81924497	-3.053963206	16.79587853	-29.7929084
0.558032539	-2.562636438	17.79698047	-28.73598713
0.300275052	-2.083121263	18.73691638	-27.57829919
0.051378486	-1.61549639	19.60628985	-26.32038156
-0.1839566	-1.158823693	20.3974438	-24.96461115
-0.402081646	-0.711222434	21.10496814	-23.51556054
-0.600644399	-0.270028507	21.72605427	-21.98014615
-0.778630327	0.167935272	22.2606897	-20.3675901
-0.936114025	0.605963096	22.71169065	-18.68926661
-1.073777346	1.047007713	23.08457135	-16.9585299
-1.192438866	1.493314179	23.38726853	-15.19060625
-1.292829576	1.946284749	23.6297784	-13.40260287
-1.375636607	2.406584556	23.82377938	-11.61365164
-1.441684936	2.874393377	23.98226491	-9.845125081
-1.492126772	3.349695503	24.11912876	-8.120739977
-1.528556838	3.832529228	24.2486114	-6.466303425
-1.553010124	4.32314586	24.3845546	-4.908924083
-1.567830285	4.822051989	24.53948523	-3.475666438
-1.575434778	5.32993812	24.72361261	-2.191778154
-1.578034742	5.847524624	24.94385706	-1.078720699
-1.577368674	6.375365594	25.20303827	-0.152280578
-1.574487175	6.913647156	25.4993374	0.57897296
-1.569606461	7.462016158	25.82610162	1.114681137
-1.56203044	8.019474714	26.17200083	1.463034019
-1.550117599	8.584358884	26.52150805	1.640411455
-1.531282419	9.154392634	26.85570412	1.67027145
-1.502095498	9.726802777	27.15342018	1.581410035
-1.458555479	10.29848878	27.39268727	1.406032918
-1.396473523	10.86621447	27.55247022	1.177927264
-1.31176286	11.42671946	27.61454605	0.930685072
-1.200383081	11.97661713	27.56509021	0.695958821
-1.057838216	12.51205595	27.39557879	0.50167613
-0.878394474	13.02829611	27.10304678	0.370062447
-0.65429845	13.51940931	26.68996971	0.315705901
-0.375200075	13.97824157	26.16394804	0.344235014
-0.028069938	14.39677557	25.53724595	0.452006241
0.401598597	14.76719741	24.8261689	0.626844862
0.926668142	15.08375342	24.0502551	0.849649878
1.554666469	15.344385	23.23126553	0.096581249
2.286251759	15.55061244	22.39194416	0.341570498
3.11638527	15.70568175	21.55451929	0.558971264
4.036270557	15.81247201	20.73902569	0.726153986
5.035468328	15.87167631	19.9617309	0.825714808
6.10535658	15.87954057	19.23408004	0.84693536
7.243354836	15.82541932	18.56249404	0.786331789
8.45542406	15.69065492	17.94902253	0.647379513
9.755282168	15.4499241	17.39242859	0.439611984
11.16062044	15.07498247	16.88918437	0.677292695
12.6876825	14.5396968	16.43415223	0.877832345
14.34580121	13.82494191	16.02100835	0.560106052
16.13311915	12.9223193	15.64254132	0.242817148
18.0341881	11.8361784	15.29093506	-0.056957103
20.01969668	10.58381514	14.95809743	-0.324927175
22.04824361	9.193992275	14.63604712	-0.550392454
24.06985799	7.704088098	14.31733144	-0.726656375
26.03077102	6.156274852	13.99541824	-0.851052073
27.87870637	4.593216698	13.66498862	-0.924585985
29.56783166	3.053866436	13.32207734	-0.951247026
31.06263216	1.569949241	12.96407321	-0.937116847
32.34022875	0.163604796	12.5896493	-0.889475604
33.39097608	-1.15358476	12.19867548	-0.816048019
34.2175249	-2.380274549	11.79210373	-0.724422466
34.8327697	-3.524044783	11.37178229	-0.621607164
35.25713069	-4.599401905	10.94017623	-0.513699302
35.51555992	-5.62536247	10.50002702	-0.405675755
35.63465937	-6.622940559	10.05402511	-0.301312044
35.64037668	-7.612963185	9.604564971	-0.203217694
35.55661077	-8.614557011	9.15361094	-0.112960063
35.40445586	-9.644194796	8.702657775	-0.031230727
35.2012425	-10.71473463	8.252753119	0.041989231
34.95872232	-11.83397221	7.804559216	0.107276705
34.68074922	-13.00292047	7.358442781	0.165617147
34.36181586	-14.21475335	6.914578652	0.21825058
33.98757939	-15.45520237	6.473049508	0.266504771
33.53724269	-16.7042781	6.033927417	0.311614169
32.98686527	-17.93860622	5.597325255	0.354549948
32.3127644	-19.13378064	5.163407084	0.395901185
31.49448766	-20.26647006	4.732353114	0.435832087
30.51710836	-21.31624784	4.304284673	0.474118462
29.3727877	-22.2671517	3.879161067	0.51025268
28.06159415	-23.10885316	3.456666902	0.543592392
26.591549	-23.83723745	3.036117228	0.573520489
24.97791685	-24.45429603	2.616408135	0.599588764
23.24187608	-24.9674057	2.196027743	0.621622052
21.40880878	-25.38817993	1.773124152	0.639764361
19.50649037	-25.7311089	1.34561095	0.654467575
17.56341883	-26.01217547	0.911283383	0.66644307
15.60746594	-26.24758793	0.467920578	0.676594348
13.66501537	-26.45273837	0.013356451	0.685932428
11.76063181	-26.64142116	-0.454485539	0.695469538
9.917039227	-26.8252287	-0.937579844	0.70609057
8.15513784	-27.01305399	-1.437783588	0.718400171
6.494110363	-27.21080282	-1.956801129	0.732547722
4.951806072	-27.42145004	-2.496125271	0.748055463
3.545146478	-27.64529838	-3.056960961	0.763689998
2.28996809	-27.88010605	-3.640139949	0.777411995
1.200193562	-28.12098694	-4.246034352	0.786427933
0.28670941	-28.3602565	-4.874465275	0.787341967
-0.443777528	-28.5873983	-5.524566657	0.776355073
-0.989539339	-28.78937057	-6.194552554	0.749419943
-1.35383164	-28.95141212	-6.881426632	0.70229651
-1.544296917	-29.05810658	-7.580831571	0.630567853
-1.572233851	-29.09436719	-8.287294267	0.529748123
-1.451821515	-29.04632637	-8.994892489	0.395485416
-1.199590268	-28.90211996	-9.697979112	0.223615169
-0.834591218	-28.65241053	-10.39153008	0.009786736
-0.378883475	-28.29080077	-11.07099498	-0.251352469
0.14269215	-27.8146309	-11.73177403	-0.567136724
0.704025307	-27.22636044	-12.36849296	-0.947572609
1.28012506	-26.53500856	-12.97427486	-1.405297958
1.849301127	-25.7566879	-13.54020845	-1.954670901
2.394211371	-24.91355605	-14.05511792	-2.610295575
2.901691831	-24.0313198	-14.50565096	-3.385468975
3.361973257	-23.13609457	-14.87674175	-4.290763362
3.767934535	-22.25151941	-15.15259867	-5.332555454
4.114707052	-21.39671618	-15.31825216	-6.511375009
4.399617748	-20.58530069	-15.36131958	-7.820591779
4.622297127	-19.82533555	-15.27336255	-9.246435836
4.784760358	-19.11989841	-15.05034447	-10.76996196
4.891319552	-18.46789718	-14.69221951	-12.37039752
4.948259179	-17.86488902	-14.20222584	-14.02822246
4.963295397	-17.30383403	-13.58645431	-15.72655352
4.944909908	-16.77582559	-12.85376401	-17.45074224
4.901663642	-16.270849	-12.01576738	-19.18700154
4.841569666	-15.77857055	-11.08662077	-20.92088109
4.771573901	-15.2891106	-10.08249265	-22.63612773
4.697172884	-14.79373408	-9.020719057	-24.31420082
4.622187235	-14.28539505	-7.918762914	-25.93448678
4.548701664	-13.75909289	-6.793140546	-27.47509375
4.477169936	-13.21202772	-5.6584625	-28.9140196
4.406657577	-12.64356356	-4.526681568	-30.2304723
4.335166387	-12.05501819	-3.406590708	-31.40615098
4.259977432	-11.44930721	-2.303592293	-32.42632842
4.177970803	-10.83048317	-1.219744417	-33.2806232
4.085914681	-10.20322979	-0.154055351	-33.96341746
3.98073617	-9.572382109	0.897020526	-34.47390859
3.859777115	-8.942532232	1.938912698	-34.81577189
3.721014949	-8.317745625	2.978124752	-34.99645084
3.563217533	-7.701379838	4.0213672	-35.02618059
3.386009738	-7.095982689	5.074733381	-34.91688302
3.189853646	-6.503251117	6.142992585	-34.68104999
2.975972177	-5.924047773	7.229045227	-34.33071225
2.7462565	-5.358482732	8.333564391	-33.87657932
2.503180708	-4.806054682	9.454827543	-33.3274139
2.249720523	-4.265819169	10.58872249	-32.68967258
1.989259518	-3.736542496	11.72890236	-31.96740856
1.725470596	-3.216815774	12.86706962	-31.16240509
1.462170997	-2.70512224	13.9934143	-30.27457424
1.203155678	-2.199861158	15.09734055	-29.30287462
0.952020478	-1.699341115	16.16858183	-28.2469648
0.7119959	-1.201764944	17.19841168	-27.10908159
0.485812176	-0.705227198	18.18025432	-25.89485348
0.27560233	-0.207731974	19.1091313	-24.61197374
0.08283822	0.292770375	19.9801707	-23.26712142
-0.091701979	0.798324433	20.78727091	-21.863157
-0.247933187	1.31088238	21.52293065	-20.39849682
-0.386446524	1.832191436	22.17930829	-18.86880709
-0.508533706	2.363689354	22.74993088	-17.26996328
-0.616364656	2.906505536	23.23145201	-15.60122305
-0.713351532	3.461673374	23.6249891	-13.86786698
-0.80438235	4.030481371	23.93670858	-12.08282592
-0.895331043	4.614642608	24.17757179	-10.26712549
-0.991508712	5.215936141	24.362447	-8.449292502
-1.095492276	5.835342631	24.50888188	-6.663981788
-1.205471786	6.472188998	24.63567409	-4.949956807
-1.315039926	7.123829075	24.76126176	-3.347466609
-1.414353746	7.785920177	24.90201033	-1.895170556
-1.492052095	8.453069604	25.07056317	-0.626931053
-1.537618294	9.119760789	25.27444468	0.431139748
-1.544081812	9.78155913	25.51507433	1.263011981
-1.510297672	10.43625118	25.78727719	1.86415749
-1.441281102	11.08414546	26.07927944	2.241963758
-1.345478387	11.72689717	26.37324067	2.415197555
-1.229739804	12.36513437	26.64658393	2.412492622
-1.094740312	12.99620968	26.87427956	2.269875091
-0.933248514	13.61328629	27.03171521	2.02769949
-0.73125783	14.20579271	27.09743	1.727520369
-0.47053429	14.76061895	27.05515893	1.40914084
-0.131412312	15.26364098	26.89500133	1.107909737
0.304791004	15.7013509	26.61376952	0.852467178
0.854181725	16.06224607	26.21469062	0.663176512
1.529673144	16.3375961	25.70667149	0.551323299
2.34106397	16.5214262	25.1033242	0.518998058
3.295288101	16.60986275	24.4219037	0.559563911
4.396392794	16.60022456	23.68223553	0.658678041
5.645119173	16.49026434	22.90562012	0.795863516
7.03827505	16.27778935	22.11362833	0.946653698
8.56811769	15.96075073	21.32675698	0.085258375
10.22182002	15.53785137	20.56308318	0.687459778
11.98110991	15.00959812	19.83714851	0.733279599
13.82241184	14.37939714	19.15924841	0.709009626
15.71787253	13.65409894	18.53518799	0.608365889
17.63721052	12.84373296	17.96646462	0.932708099
19.54993206	11.96064864	17.45077258	0.690418502
21.42756825	11.01837468	16.98270714	0.39562859
23.24575339	10.03041053	16.55456601	0.066514223
24.98586303	9.009147818	16.15718132	-0.276624371
26.63586198	7.965080396	15.78074343	-0.613296662
28.1901149	6.906347126	15.41558567	-0.924589977
29.64812879	5.838569059	15.05288877	-1.194624172
31.01251638	4.764935114	14.6852537	-1.411590372
32.28672547	3.686502656	14.30709629	-1.568318677
33.47306312	2.602667174	13.91483403	-1.662367483
34.57132751	1.511740599	13.50686508	-1.695682667
35.57813471	0.411582692	13.08337376	-1.673922291
36.48690052	-0.699793145	12.64601797	-1.60555922
37.28839965	-1.823759375	12.1975441	-1.500868716
37.97177557	-2.96082386	11.74135072	-1.370900797
38.52579801	-4.110537166	11.28102358	-1.226529424
38.94015845	-5.271489978	10.81989446	-1.077651939
39.20665979	-6.441402284	10.36069038	-0.932580619
39.32017325	-7.617307724	9.905317665	-0.797639908
39.27919806	-8.795765725	9.454789497	-0.676972893
39.08591008	-9.973020118	9.009281328	-0.572557714
38.74574269	-11.14507583	8.568275946	-0.484420053
38.26666005	-12.3076989	8.130744128	-0.411001543
37.65830283	-13.4563647	7.695323353	-0.349626122
36.93114875	-14.58621016	7.260494684	-0.297003663
36.09577209	-15.69206604	6.82477528	-0.249704322
35.16223729	-16.768639	6.386940104	-0.204540412
34.13963912	-17.81086562	5.946273701	-0.158833223
33.03586985	-18.81439689	5.502801889	-0.110579597
31.85788527	-19.77618411	5.057386185	-0.058521876
30.61273869	-20.69516522	4.611593585	-0.002112165
29.30917185	-21.57290649	4.167381828	0.058597829
27.95899922	-22.41384862	3.726721257	0.123066412
26.57740568	-23.22478634	3.291251107	0.190330726
25.18134161	-24.0132489	2.862011125	0.25907231
23.78533867	-24.78451139	2.439260765	0.327729982
22.39558502	-25.53783	2.02239667	0.394655263
21.00562177	-26.26392148	1.609975949	0.458266251
19.5967863	-26.94548449	1.199837093	0.517164681
18.1431427	-27.56049668	0.789293986	0.570204065
16.61837282	-28.08666933	0.375369436	0.616509177
15.0023561	-28.50562452	-0.044967844	0.655456568
13.28610985	-28.80596628	-0.474594674	0.686635117
11.47449817	-28.98488746	-0.916077715	0.709803881
9.586659022	-29.04830017	-1.371590236	0.724859389
7.654456548	-29.00972598	-1.842924107	0.731839904
5.71949637	-28.88834229	-2.331608854	0.730993773
3.829372753	-28.7066194	-2.839081406	0.722851787
2.033750673	-28.48786015	-3.36675843	0.708121126
0.380652901	-28.25375902	-3.915855289	0.68721594
-1.086771794	-28.02211693	-4.486953822	0.659487971
-2.332727221	-27.8051176	-5.079544773	0.622567216
-3.330473357	-27.60861501	-5.691773874	0.572190936
-4.063307311	-27.43255096	-6.320397711	0.502472539
-4.524638786	-27.27225911	-6.960834874	0.406308396
-4.717322412	-27.12008532	-7.607275167	0.275727751
-4.652916818	-26.96669535	-8.252908671	0.102163224
-4.351238859	-26.80184681	-8.890333653	-0.123331157
-3.840070763	-26.61476813	-9.512097739	-0.409937569
-3.154556087	-26.3944443	-10.11120936	-0.767060841
-2.33571496	-26.13017755	-10.68142168	-1.204394163
-1.428005823	-25.81252918	-11.21715947	-1.731850439
-0.476457073	-25.43434419	-11.71308246	-2.359162428
0.476045495	-24.99147702	-12.16340353	-3.095189337
1.390967319	-24.48305764	-12.56119444	-3.947118978
2.235710748	-23.91137057	-12.89797429	-4.919659494
2.984609443	-23.28151249	-13.16381002	-6.014214147
3.619421772	-22.60097905	-13.3479681	-7.228131659
4.12939798	-21.87925505	-13.43995973	-8.554255534
4.510959858	-21.12738897	-13.43071651	-9.980945093
4.767034531	-20.35749859	-13.31363844	-11.49255915
4.906129272	-19.58218606	-13.08535132	-13.07023577
4.941260069	-18.81388713	-12.74612635	-14.69276434
4.888803832	-18.06421557	-12.29996481	-16.33743234
4.767277534	-17.34337394	-11.75434709	-17.98083848
4.596041056	-16.65967972	-11.11966386	-19.59969854
4.393979734	-16.01922762	-10.40841694	-21.17161849
4.178286791	-15.4256917	-9.63434541	-22.67574422
3.963478363	-14.88026257	-8.811622792	-24.09320576
3.760718887	-14.38171922	-7.954172173	-25.40737007
3.577464343	-13.92664427	-7.075041344	-26.60402123
3.417403535	-13.50978452	-6.185767452	-27.67159868
3.280685457	-13.12452611	-5.295766834	-28.6015205
3.164425203	-12.7634211	-4.411906658	-29.38849228
3.06345312	-12.41871129	-3.538399394	-30.03066405
2.971221532	-12.08282897	-2.677026132	-30.52955751
2.880753011	-11.74886428	-1.827600958	-30.88975715
2.78551601	-11.4109731	-0.98858088	-31.11839393
2.680133641	-11.06468781	-0.157737263	-31.22447407
2.560868505	-10.70710134	0.667187156	-31.21812296
2.425870251	-10.3369156	1.487913902	-31.10985009
2.275200043	-9.954362873	2.305273007	-30.91002926
2.110656993	-9.561015282	3.119148833	-30.62875374
1.935443582	-9.159505329	3.928616578	-30.27587414
1.753724298	-8.753191243	4.731949616	-29.86068561
1.570141645	-8.34580629	5.526248845	-29.39088114
1.389348579	-7.94112303	6.306819237	-28.87103965
1.215600301	-7.542648477	7.066784512	-28.30153611
1.052431597	-7.153355799	7.797353914	-27.67861237
0.902436659	-6.77546224	8.488707496	-26.99556755
0.76716354	-6.410276053	9.131174328	-26.2445262
0.647120093	-6.058137991	9.71639295	-25.41827482
0.54185713	-5.718463782	10.23825692	-24.5118405
0.450078909	-5.389868367	10.6935509	-23.52363438
0.369762751	-5.070346622	11.08225161	-22.45608752
0.29831696	-4.757497129	11.4074974	-21.31576745
0.232813241	-4.448781579	11.6752462	-20.11300061
0.170293306	-4.141803344	11.89367166	-18.86106701
0.108108278	-3.834572115	12.07238774	-17.57509217
0.044231947	-3.525708427	12.22162075	-16.2708207
-0.022506834	-3.214545898	12.35144411	-14.9634716
-0.092307121	-2.901118443	12.47115166	-13.66682237
-0.16439506	-2.586060489	12.58879008	-12.39257879
-0.237116665	-2.270468508	12.71083974	-11.15002879
-0.308109645	-1.95575283	12.84203988	-9.945981693
-0.374556258	-1.64347047	12.98537006	-8.785005527
-0.433507148	-1.33511791	13.14219096	-7.669939975
-0.482229288	-1.031890234	13.31252212	-6.60260201
-0.518509076	-0.734446247	13.49541672	-5.584569018
-0.540859693	-0.442728397	13.68939195	-4.617938727
-0.548618844	-0.155875335	13.892877	-3.705997766
-0.54194582	0.127753973	14.10462358	-2.853729691
-0.521733863	0.410451512	14.32398195	-2.068044864
-0.489456766	0.694957968	14.55093712	-1.357602971
-0.446974114	0.984231065	14.78586758	-0.732183356
-0.396328481	1.281232212	15.0290735	-0.201662132
-0.339564296	1.588763696	15.28015786	0.225284089
-0.278574653	1.909348811	15.53733897	0.542601853
-0.214952598	2.245115698	15.79683372	0.748131225
-0.149804521	2.597647961	16.05262904	0.84413455
-0.083504999	2.96778985	16.296875	0.836713779
-0.0154321	3.355425883	16.52064609	0.734702392
0.056248919	3.759270829	16.71466483	0.548881297
0.134721535	4.176682792	16.86994509	0.291605703
0.224580682	4.603495355	16.9784498	-0.023442466
0.331818442	5.033906224	17.0337019	-0.381455062
0.46370667	5.460510841	17.03127932	-0.76668722
0.628561154	5.874571486	16.96921232	-1.16277025
0.83534892	6.266603717	16.8482725	-1.55327106
1.09302582	6.627347062	16.67204216	-1.922520424
1.409635786	6.948977477	16.44665247	-2.256596523
1.791582308	7.226062262	16.18019886	-2.544232782
2.243489141	7.455784809	15.88192838	-2.777441452
2.768585503	7.637441334	15.56130798	-2.951807154
3.369214548	7.771551133	15.22709869	-3.066503798
4.047091297	7.858934607	14.88656058	-3.12404957
4.803147313	7.899994102	14.54488738	-3.129786701
5.637070019	7.894280226	14.20494772	-3.091132053
6.546804664	7.840317902	13.867377	-3.016711392
7.528281193	7.735632046	13.53100561	-2.915498965
8.575483582	7.576943767	13.1935499	-2.796058589
9.680748951	7.36057466	12.85244627	-2.665959957
10.83506754	7.083088199	12.50567941	-2.531417635
12.02823434	6.74208698	12.15245415	-2.397157689
13.2488619	6.336980295	11.79359981	-2.266477336
14.4843941	5.869521991	11.43166047	-2.141445159
15.72125674	5.344006912	11.07068724	-2.023188055
16.94510734	4.767154737	10.71579555	-1.912214296
18.14095929	4.147827593	10.3725813	-1.808721593
19.29295493	3.496762529	10.04650465	-1.712839081
20.38388957	2.826353337	9.742343892	-1.624768706
21.39503417	2.150267113	9.463790234	-1.544823691
22.30675036	1.482688176	9.213206024	-1.473385004
23.09983209	0.837271898	8.991526862	-1.410799128
23.75714239	0.22607237	8.798269757	-1.357238329
24.26514843	-0.34133658	8.63161978	-1.31255439
24.61509431	-0.858428748	8.488586326	-1.276165178
24.80365876	-1.32194393	8.365229797	-1.247003537
24.83304357	-1.731781407	8.256959347	-1.223542179
24.71053362	-2.090630821	8.158891222	-1.203898037
24.44764964	-2.403416524	8.066237482	-1.18600701
24.0590546	-2.676626766	7.974680314	-1.16784048
23.56137954	-2.917592277	7.880684718	-1.147618696
22.97211807	-3.133777995	7.781711168	-1.123979929
22.30870159	-3.332147756	7.676306548	-1.096083944
21.58781036	-3.518645995	7.564069229	-1.063644205
20.82491735	-3.697817744	7.445499389	-1.026893352
20.03402015	-3.8725699	7.321757303	-0.986493958
19.2275105	-4.04407296	7.194359855	-0.943409777
18.41616868	-4.211813341	7.064854549	-0.898756881
17.60929007	-4.373805021	6.934519296	-0.853656053
16.81490112	-4.526936904	6.804136624	-0.809104402
16.03995664	-4.667392088	6.673879852	-0.765884008
15.29039674	-4.791054183	6.543324625	-0.724523396
14.57099985	-4.893832315	6.411565946	-0.68531116
13.8850702	-4.971887169	6.277393928	-0.648339615
13.2340631	-5.021784203	6.139476395	-0.613552667
12.6172549	-5.040612296	5.996514163	-0.580790773
12.03155734	-5.026103675	5.847362736	-0.549837845
11.4716248	-4.976795807	5.691136205	-0.520457347
10.93048535	-4.892259868	5.527305727	-0.492392893
10.40080835	-4.77331682	5.355771326	-0.465344291
9.876497617	-4.622041574	5.176857048	-0.438976572
9.353923977	-4.441385453	4.9912461	-0.413103868
8.8321495	-4.234421786	4.800045192	-0.388319431
8.312071703	-4.003467358	4.60512435	-0.367063929
7.795219663	-3.749539669	4.409474114	-0.354385735
7.283082697	-3.472492991	4.217154789	-0.357556804
6.777171691	-3.171754038	4.032775732	-0.384579366
6.279448529	-2.84727516	3.860751326	-0.442271603
5.792758213	-2.500326068	3.704538962	-0.534531405
5.321083277	-2.133904417	3.565957219	-0.661070035
4.869528961	-1.752721719	3.444686518	-0.816758435
4.443971573	-1.362855234	3.33809976	-0.991710348
4.050388775	-0.971208239	3.241514095	-1.172140965
3.694028069	-0.584898948	3.148799492	-1.341842486
3.378626564	-0.210665571	3.053179637	-1.483981362
3.105847693	0.145640179	2.948063769	-1.582914296
2.87501844	0.479418563	2.827785869	-1.625769099
2.683178073	0.787525432	2.688167015	-1.603607919
2.525402791	1.06832001	2.526857756	-1.512079657
2.39534788	1.321575328	2.343453142	-1.351552452
2.285932876	1.548275976	2.139399719	-1.126780003
2.190079287	1.750336027	1.917733857	-0.846199516
2.101402647	1.930279149	1.682701336	-0.826199516
2.014768845	1.870279149	1.439307897	-0.806199516
1.926650356	1.810279149	1.192849042	-0.786199516
1.835255769	1.750279149	0.948470542	-0.766199516
1.740442323	1.690279149	0.710809761	-0.746199516
1.643443976	1.630279149	0.483753639	-0.726199516
1.546461522	1.570279149	0.270327982	-0.706199516
1.452178442	1.510279149	0.172713273	-0.686199516
1.363282778	1.450279149	0.162713273	-0.666199516
1.282076535	1.390279149	0.152713273	-0.646199516
1.210216604	1.330279149	0.142713273	-0.626199516
1.148553919	1.270279149	0.132713273	-0.606199516
1.097009683	1.210279149	0.122713273	-0.586199516
1.054503853	1.150279149	0.112713273	-0.566199516
1.01901581	1.090279149	0.102713273	-0.546199516
0.987818034	1.030279149	0.092713273	-0.526199516
0.957844518	0.970279149	0.082713273	-0.506199516
0.926109401	0.910279149	0.072713273	-0.486199516
0.890089731	0.850279149	0.062713273	-0.466199516
0.848015439	0.790279149	0.052713273	-0.446199516
0.799039868	0.730279149	0.042713273	-0.426199516
0.743277434	0.670279149	0.032713273	-0.406199516
0.681707415	0.610279149	0.022713273	-0.386199516
0.615973742	0.550279149	0.012713273	-0.366199516
0.548136725	0.490279149	0.002713273	-0.346199516
0.480418869	0.430279149	0.002213273	-0.326199516
0.414962715	0.370279149	0.001713273	-0.306199516
0.353633454	0.310279149	0.001213273	-0.286199516
0.297910291	0.250279149	0.000713273	-0.266199516
0.248866736	0.190279149	0.000213273	-0.246199516
0.207193645	0.130279149	-0.000286727	-0.226199516
0.17321954	0.070279149	-0.000786727	-0.206199516
0.146909982	0.010279149	-0.001286727	-0.186199516
0.127855654	-0.049720851	-0.001786727	-0.166199516
0	0	0	0