100	-105.2	105.2	-100
99.9992037	-105.2549602	105.2549602	-99.9992037
99.99684802	-105.3139266	105.3139266	-99.99684802
99.99298276	-105.3767537	105.3767537	-99.99298276
99.98765773	-105.4432956	105.4432956	-99.98765773
99.98092273	-105.5134068	105.5134068	-99.98092273
99.97282759	-105.5869414	105.5869414	-99.97282759
99.96342209	-105.6637538	105.6637538	-99.96342209
99.95275607	-105.7436983	105.7436983	-99.95275607
99.94087931	-105.8266292	105.8266292	-99.94087931
99.92784163	-105.9124007	105.9124007	-99.92784163
99.91369285	-106.0008673	106.0008673	-99.91369285
99.89848276	-106.0918832	106.0918832	-99.89848276
99.88226117	-106.1853026	106.1853026	-99.88226117
99.86507791	-106.2809799	106.2809799	-99.86507791
99.84698276	-106.3787695	106.3787695	-99.84698276
99.82802554	-106.4785255	106.4785255	-99.82802554
99.80825607	-106.5801023	106.5801023	-99.80825607
99.78772414	-106.6833542	106.6833542	-99.78772414
99.76647957	-106.7881356	106.7881356	-99.76647957
99.74457216	-106.8943006	106.8943006	-99.74457216
99.72205172	-107.0017036	107.0017036	-99.72205172
99.69896807	-107.1101989	107.1101989	-99.69896807
99.67537101	-107.2196408	107.2196408	-99.67537101
99.65131034	-107.3298835	107.3298835	-99.65131034
99.62683589	-107.4407815	107.4407815	-99.62683589
99.60199745	-107.552189	107.552189	-99.60199745
99.57684483	-107.6639603	107.6639603	-99.57684483
99.55142784	-107.7759497	107.7759497	-99.55142784
99.5257963	-107.8880115	107.8880115	-99.5257963
99.5	-108	108	-99.5
99.47178448	-108.1117695	108.1117695	-99.47178448
99.43910345	-108.2231743	108.2231743	-99.43910345
99.40231897	-108.3340687	108.3340687	-99.40231897
99.3617931	-108.444307	108.444307	-99.3617931
99.31788793	-108.5537435	108.5537435	-99.31788793
99.27096552	-108.6622325	108.6622325	-99.27096552
99.22138793	-108.7696283	108.7696283	-99.22138793
99.16951724	-108.8757853	108.8757853	-99.16951724
99.11571552	-108.9805576	108.9805576	-99.11571552
99.06034483	-109.0837996	109.0837996	-99.06034483
99.00376724	-109.1853657	109.1853657	-99.00376724
98.94634483	-109.28511	109.28511	-98.94634483
98.88843966	-109.382887	109.382887	-98.88843966
98.83041379	-109.4785509	109.4785509	-98.83041379
98.77262931	-109.5719559	109.5719559	-98.77262931
98.71544828	-109.6629565	109.6629565	-98.71544828
98.65923276	-109.7514069	109.7514069	-98.65923276
98.60434483	-109.8371614	109.8371614	-98.60434483
98.55114655	-109.9200744	109.9200744	-98.55114655
98.5	-110	110	-98.5
98.45015349	-110.0768569	110.0768569	-98.45015349
98.40060145	-110.1508207	110.1508207	-98.40060145
98.35132506	-110.2221312	110.2221312	-98.35132506
98.30230554	-110.2910283	110.2910283	-98.30230554
98.2535241	-110.3577519	110.3577519	-98.2535241
98.20496193	-110.4225417	110.4225417	-98.20496193
98.15660024	-110.4856377	110.4856377	-98.15660024
98.10842024	-110.5472798	110.5472798	-98.10842024
98.06040313	-110.6077077	110.6077077	-98.06040313
98.01253012	-110.6671614	110.6671614	-98.01253012
97.96478241	-110.7258807	110.7258807	-97.96478241
97.9171412	-110.7841054	110.7841054	-97.9171412
97.86958771	-110.8420755	110.8420755	-97.86958771
97.82210313	-110.9000308	110.9000308	-97.82210313
97.77466867	-110.958211	110.958211	-97.77466867
97.72726554	-111.0168562	111.0168562	-97.72726554
97.67987494	-111.0762062	111.0762062	-97.67987494
97.63247807	-111.1365007	111.1365007	-97.63247807
97.58505614	-111.1979798	111.1979798	-97.58505614
97.53759036	-111.2608831	111.2608831	-97.53759036
97.49006193	-111.3254507	111.3254507	-97.49006193
97.44245205	-111.3919223	111.3919223	-97.44245205
97.39474193	-111.4605378	111.4605378	-97.39474193
97.34691277	-111.5315371	111.5315371	-97.34691277
97.29894578	-111.60516	111.60516	-97.29894578
97.25082217	-111.6816464	111.6816464	-97.25082217
97.20252313	-111.7612362	111.7612362	-97.20252313
97.15402988	-111.8441691	111.8441691	-97.15402988
97.10532361	-111.9306852	111.9306852	-97.10532361
97.05638554	-112.0210241	112.0210241	-97.05638554
97.00719687	-112.1154259	112.1154259	-97.00719687
96.9577388	-112.2141302	112.2141302	-96.9577388
96.90799253	-112.3173771	112.3173771	-96.90799253
96.85793928	-112.4254063	112.4254063	-96.85793928
96.80756024	-112.5384578	112.5384578	-96.80756024
96.75683663	-112.6567713	112.6567713	-96.75683663
96.70574964	-112.7805868	112.7805868	-96.70574964
96.65428048	-112.9101441	112.9101441	-96.65428048
96.60241036	-113.045683	113.045683	-96.60241036
96.55012048	-113.1874434	113.1874434	-96.55012048
96.49739205	-113.3356652	113.3356652	-96.49739205
96.44420627	-113.4905883	113.4905883	-96.44420627
96.39054434	-113.6524524	113.6524524	-96.39054434
96.33638747	-113.8214975	113.8214975	-96.33638747
96.28171687	-113.9979634	113.9979634	-96.28171687
96.22651373	-114.1820899	114.1820899	-96.22651373
96.17075928	-114.374117	114.374117	-96.17075928
96.1144347	-114.5742845	114.5742845	-96.1144347
96.0575212	-114.7828322	114.7828322	-96.0575212
96	-115	115	-96
95.94265239	-115.2258532	115.2258532	-95.94265239
95.88616488	-115.4597589	115.4597589	-95.88616488
95.83037645	-115.7009096	115.7009096	-95.83037645
95.77512609	-115.9484977	115.9484977	-95.77512609
95.72025279	-116.2017159	116.2017159	-95.72025279
95.66559553	-116.4597565	116.4597565	-95.66559553
95.6109933	-116.7218122	116.7218122	-95.6109933
95.55628509	-116.9870753	116.9870753	-95.55628509
95.50130988	-117.2547385	117.2547385	-95.50130988
95.44590666	-117.5239942	117.5239942	-95.44590666
95.38991441	-117.794035	117.794035	-95.38991441
95.33317213	-118.0640533	118.0640533	-95.33317213
95.27551881	-118.3332416	118.3332416	-95.27551881
95.21679342	-118.6007925	118.6007925	-95.21679342
95.15683495	-118.8658984	118.8658984	-95.15683495
95.0954824	-119.1277519	119.1277519	-95.0954824
95.03257474	-119.3855455	119.3855455	-95.03257474
94.96795097	-119.6384717	119.6384717	-94.96795097
94.90145008	-119.885723	119.885723	-94.90145008
94.83291104	-120.1264919	120.1264919	-94.83291104
94.76217284	-120.3599708	120.3599708	-94.76217284
94.68907448	-120.5853524	120.5853524	-94.68907448
94.61345494	-120.8018291	120.8018291	-94.61345494
94.53515321	-121.0085935	121.0085935	-94.53515321
94.45400827	-121.2048379	121.2048379	-94.45400827
94.36985911	-121.389755	121.389755	-94.36985911
94.28254471	-121.5625373	121.5625373	-94.28254471
94.19190407	-121.7223772	121.7223772	-94.19190407
94.09777617	-121.8684673	121.8684673	-94.09777617
94	-122	122	-94
93.92570286	-121.9224447	121.9224447	-93.92570286
93.85103713	-121.8459854	121.8459854	-93.85103713
93.77600325	-121.7706101	121.7706101	-93.77600325
93.70060169	-121.6963068	121.6963068	-93.70060169
93.6248329	-121.6230636	121.6230636	-93.6248329
93.54869732	-121.5508685	121.5508685	-93.54869732
93.47219541	-121.4797096	121.4797096	-93.47219541
93.39532762	-121.4095748	121.4095748	-93.39532762
93.31809441	-121.3404524	121.3404524	-93.31809441
93.24049622	-121.2723302	121.2723302	-93.24049622
93.16253351	-121.2051963	121.2051963	-93.16253351
93.08420673	-121.1390389	121.1390389	-93.08420673
93.00551634	-121.0738459	121.0738459	-93.00551634
92.92646278	-121.0096053	121.0096053	-92.92646278
92.84704651	-120.9463053	120.9463053	-92.84704651
92.76726798	-120.8839338	120.8839338	-92.76726798
92.68712764	-120.8224789	120.8224789	-92.68712764
92.60662595	-120.7619286	120.7619286	-92.60662595
92.52576336	-120.7022711	120.7022711	-92.52576336
92.44454031	-120.6434942	120.6434942	-92.44454031
92.36295727	-120.5855862	120.5855862	-92.36295727
92.28101468	-120.5285349	120.5285349	-92.28101468
92.198713	-120.4723286	120.4723286	-92.198713
92.11605268	-120.4169551	120.4169551	-92.11605268
92.03303417	-120.3624026	120.3624026	-92.03303417
91.94965792	-120.308659	120.308659	-91.94965792
91.86592439	-120.2557125	120.2557125	-91.86592439
91.78183403	-120.2035511	120.2035511	-91.78183403
91.69738729	-120.1521628	120.1521628	-91.69738729
91.61258462	-120.1015356	120.1015356	-91.61258462
91.52742648	-120.0516577	120.0516577	-91.52742648
91.44191332	-120.002517	120.002517	-91.44191332
91.35604559	-119.9541016	119.9541016	-91.35604559
91.26982374	-119.9063996	119.9063996	-91.26982374
91.18324822	-119.8593989	119.8593989	-91.18324822
91.09631949	-119.8130877	119.8130877	-91.09631949
91.00903801	-119.7674539	119.7674539	-91.00903801
90.92140421	-119.7224857	119.7224857	-90.92140421
90.83341856	-119.678171	119.678171	-90.83341856
90.74508151	-119.6344979	119.6344979	-90.74508151
90.6563935	-119.5914544	119.5914544	-90.6563935
90.567355	-119.5490287	119.5490287	-90.567355
90.47796645	-119.5072086	119.5072086	-90.47796645
90.3882283	-119.4659823	119.4659823	-90.3882283
90.29814102	-119.4253379	119.4253379	-90.29814102
90.20770504	-119.3852633	119.3852633	-90.20770504
90.11692083	-119.3457466	119.3457466	-90.11692083
90.02578884	-119.3067759	119.3067759	-90.02578884
89.93430951	-119.2683391	119.2683391	-89.93430951
89.8424833	-119.2304244	119.2304244	-89.8424833
89.75031067	-119.1930198	119.1930198	-89.75031067
89.65779206	-119.1561133	119.1561133	-89.65779206
89.56492793	-119.1196929	119.1196929	-89.56492793
89.47171873	-119.0837468	119.0837468	-89.47171873
89.37816491	-119.0482629	119.0482629	-89.37816491
89.28426692	-119.0132293	119.0132293	-89.28426692
89.19002522	-118.9786341	118.9786341	-89.19002522
89.09544026	-118.9444652	118.9444652	-89.09544026
89.00051249	-118.9107108	118.9107108	-89.00051249
88.90524237	-118.8773588	118.8773588	-88.90524237
88.80963034	-118.8443973	118.8443973	-88.80963034
88.71367686	-118.8118144	118.8118144	-88.71367686
88.61738238	-118.7795981	118.7795981	-88.61738238
88.52074736	-118.7477364	118.7477364	-88.52074736
88.42377224	-118.7162175	118.7162175	-88.42377224
88.32645747	-118.6850292	118.6850292	-88.32645747
88.22880352	-118.6541597	118.6541597	-88.22880352
88.13081083	-118.6235971	118.6235971	-88.13081083
88.03247986	-118.5933293	118.5933293	-88.03247986
87.93381105	-118.5633444	118.5633444	-87.93381105
87.83480486	-118.5336305	118.5336305	-87.83480486
87.73546175	-118.5041755	118.5041755	-87.73546175
87.63578215	-118.4749676	118.4749676	-87.63578215
87.53576654	-118.4459948	118.4459948	-87.53576654
87.43541535	-118.417245	118.417245	-87.43541535
87.33472905	-118.3887065	118.3887065	-87.33472905
87.23370808	-118.3603671	118.3603671	-87.23370808
87.1323529	-118.332215	118.332215	-87.1323529
87.03066395	-118.3042382	118.3042382	-87.03066395
86.92864169	-118.2764248	118.2764248	-86.92864169
86.82628658	-118.2487627	118.2487627	-86.82628658
86.72359907	-118.2212401	118.2212401	-86.72359907
86.6205796	-118.1938449	118.1938449	-86.6205796
86.51722863	-118.1665652	118.1665652	-86.51722863
86.41354661	-118.1393891	118.1393891	-86.41354661
86.309534	-118.1123046	118.1123046	-86.309534
86.20519125	-118.0852997	118.0852997	-86.20519125
86.1005188	-118.0583625	118.0583625	-86.1005188
85.99551712	-118.0314811	118.0314811	-85.99551712
85.89018665	-118.0046434	118.0046434	-85.89018665
85.78452785	-117.9778376	117.9778376	-85.78452785
85.67854117	-117.9510516	117.9510516	-85.67854117
85.57222706	-117.9242735	117.9242735	-85.57222706
85.46558597	-117.8974913	117.8974913	-85.46558597
85.35861836	-117.8706932	117.8706932	-85.35861836
85.25132467	-117.843867	117.843867	-85.25132467
85.14370537	-117.817001	117.817001	-85.14370537
85.0357609	-117.7900831	117.7900831	-85.0357609
84.92749172	-117.7631013	117.7631013	-84.92749172
84.81889827	-117.7360438	117.7360438	-84.81889827
84.70998101	-117.7088985	117.7088985	-84.70998101
84.6007404	-117.6816535	117.6816535	-84.6007404
84.49117688	-117.6542968	117.6542968	-84.49117688
84.38129091	-117.6268165	117.6268165	-84.38129091
84.27108294	-117.5992007	117.5992007	-84.27108294
84.16055342	-117.5714373	117.5714373	-84.16055342
84.0497028	-117.5435144	117.5435144	-84.0497028
83.93853154	-117.5154201	117.5154201	-83.93853154
83.82704009	-117.4871424	117.4871424	-83.82704009
83.7152289	-117.4586693	117.4586693	-83.7152289
83.60309842	-117.4299889	117.4299889	-83.60309842
83.49064911	-117.4010893	117.4010893	-83.49064911
83.37788142	-117.3719584	117.3719584	-83.37788142
83.2647958	-117.3425843	117.3425843	-83.2647958
83.1513927	-117.3129551	117.3129551	-83.1513927
83.03767258	-117.2830588	117.2830588	-83.03767258
82.92363588	-117.2528835	117.2528835	-82.92363588
82.80928307	-117.2224171	117.2224171	-82.80928307
82.69461459	-117.1916478	117.1916478	-82.69461459
82.57963089	-117.1605635	117.1605635	-82.57963089
82.46433243	-117.1291524	117.1291524	-82.46433243
82.34871965	-117.0974025	117.0974025	-82.34871965
82.23279302	-117.0653017	117.0653017	-82.23279302
82.11655299	-117.0328382	117.0328382	-82.11655299
82	-117	117	-82
81.88313451	-116.9667751	116.9667751	-81.88313451
81.76595697	-116.9331517	116.9331517	-81.76595697
81.64846783	-116.8991176	116.8991176	-81.64846783
81.53066755	-116.864661	116.864661	-81.53066755
81.41255658	-116.8297699	116.8297699	-81.41255658
81.29413537	-116.7944324	116.7944324	-81.29413537
81.17540437	-116.7586365	116.7586365	-81.17540437
81.05636404	-116.7223702	116.7223702	-81.05636404
80.93701483	-116.6856216	116.6856216	-80.93701483
80.81735718	-116.6483788	116.6483788	-80.81735718
80.69739156	-116.6106297	116.6106297	-80.69739156
80.57711841	-116.5723624	116.5723624	-80.57711841
80.45653819	-116.533565	116.533565	-80.45653819
80.33565135	-116.4942255	116.4942255	-80.33565135
80.21445834	-116.454332	116.454332	-80.21445834
80.09295961	-116.4138724	116.4138724	-80.09295961
79.97115562	-116.3728349	116.3728349	-79.97115562
79.84904682	-116.3312074	116.3312074	-79.84904682
79.72663366	-116.2889781	116.2889781	-79.72663366
79.60391659	-116.246135	116.246135	-79.60391659
79.48089607	-116.202666	116.202666	-79.48089607
79.35757255	-116.1585593	116.1585593	-79.35757255
79.23394648	-116.1138029	116.1138029	-79.23394648
79.11001831	-116.0683848	116.0683848	-79.11001831
78.98578849	-116.0222932	116.0222932	-78.98578849
78.86125749	-115.9755159	115.9755159	-78.86125749
78.73642574	-115.9280411	115.9280411	-78.73642574
78.61129371	-115.8798568	115.8798568	-78.61129371
78.48586184	-115.8309511	115.8309511	-78.48586184
78.36013058	-115.781312	115.781312	-78.36013058
78.2341004	-115.7309275	115.7309275	-78.2341004
78.10777174	-115.6797857	115.6797857	-78.10777174
77.98114505	-115.6278747	115.6278747	-77.98114505
77.85422079	-115.5751824	115.5751824	-77.85422079
77.7269994	-115.5216969	115.5216969	-77.7269994
77.59948135	-115.4674063	115.4674063	-77.59948135
77.47166708	-115.4122986	115.4122986	-77.47166708
77.34355705	-115.3563619	115.3563619	-77.34355705
77.21515171	-115.2995841	115.2995841	-77.21515171
77.0864515	-115.2419534	115.2419534	-77.0864515
76.95745689	-115.1834578	115.1834578	-76.95745689
76.82816832	-115.1240852	115.1240852	-76.82816832
76.69858626	-115.0638239	115.0638239	-76.69858626
76.56871114	-115.0026617	115.0026617	-76.56871114
76.43854342	-114.9405868	114.9405868	-76.43854342
76.30808356	-114.8775872	114.8775872	-76.30808356
76.177332	-114.813651	114.813651	-76.177332
76.04628921	-114.7487661	114.7487661	-76.04628921
75.91495562	-114.6829206	114.6829206	-75.91495562
75.7833317	-114.6161026	114.6161026	-75.7833317
75.65141789	-114.5483002	114.5483002	-75.65141789
75.51921466	-114.4795012	114.4795012	-75.51921466
75.38672244	-114.4096939	114.4096939	-75.38672244
75.2539417	-114.3388663	114.3388663	-75.2539417
75.12087289	-114.2670063	114.2670063	-75.12087289
74.98751645	-114.194102	114.194102	-74.98751645
74.85387284	-114.1201415	114.1201415	-74.85387284
74.71994251	-114.0451129	114.0451129	-74.71994251
74.58572592	-113.9690041	113.9690041	-74.58572592
74.45122352	-113.8918032	113.8918032	-74.45122352
74.31643576	-113.8134982	113.8134982	-74.31643576
74.18136309	-113.7340773	113.7340773	-74.18136309
74.04600596	-113.6535283	113.6535283	-74.04600596
73.91036483	-113.5718395	113.5718395	-73.91036483
73.77444015	-113.4889988	113.4889988	-73.77444015
73.63823237	-113.4049942	113.4049942	-73.63823237
73.50174195	-113.3198139	113.3198139	-73.50174195
73.36496933	-113.2334458	113.2334458	-73.36496933
73.22791497	-113.145878	113.145878	-73.22791497
73.09057932	-113.0570985	113.0570985	-73.09057932
72.95296283	-112.9670954	112.9670954	-72.95296283
72.81506596	-112.8758568	112.8758568	-72.81506596
72.67688916	-112.7833706	112.7833706	-72.67688916
72.53843288	-112.6896249	112.6896249	-72.53843288
72.39969757	-112.5946078	112.5946078	-72.39969757
72.26068368	-112.4983073	112.4983073	-72.26068368
72.12139168	-112.4007114	112.4007114	-72.12139168
71.981822	-112.3018083	112.3018083	-71.981822
71.8419751	-112.2015858	112.2015858	-71.8419751
71.70185144	-112.1000321	112.1000321	-71.70185144
71.56145147	-111.9971353	111.9971353	-71.56145147
71.42077563	-111.8928833	111.8928833	-71.42077563
71.27982439	-111.7872642	111.7872642	-71.27982439
71.13859818	-111.680266	111.680266	-71.13859818
70.99709748	-111.5718769	111.5718769	-70.99709748
70.85532272	-111.4620848	111.4620848	-70.85532272
70.71327437	-111.3508777	111.3508777	-70.71327437
70.57095287	-111.2382438	111.2382438	-70.57095287
70.42835867	-111.1241711	111.1241711	-70.42835867
70.28549223	-111.0086475	111.0086475	-70.28549223
70.142354	-110.8916612	110.8916612	-70.142354
69.99894444	-110.7732002	110.7732002	-69.99894444
69.85526399	-110.6532526	110.6532526	-69.85526399
69.7113131	-110.5318063	110.5318063	-69.7113131
69.56709224	-110.4088494	110.4088494	-69.56709224
69.42260185	-110.2843701	110.2843701	-69.42260185
69.27784238	-110.1583562	110.1583562	-69.27784238
69.13281429	-110.0307959	110.0307959	-69.13281429
68.98751803	-109.9016772	109.9016772	-68.98751803
68.84195405	-109.7709881	109.7709881	-68.84195405
68.6961228	-109.6387167	109.6387167	-68.6961228
68.55002474	-109.5048511	109.5048511	-68.55002474
68.40366032	-109.3693792	109.3693792	-68.40366032
68.25702998	-109.2322892	109.2322892	-68.25702998
68.1101342	-109.093569	109.093569	-68.1101342
67.9629734	-108.9532067	108.9532067	-67.9629734
67.81554806	-108.8111904	108.8111904	-67.81554806
67.66785861	-108.667508	108.667508	-67.66785861
67.51990552	-108.5221477	108.5221477	-67.51990552
67.37168923	-108.3750975	108.3750975	-67.37168923
67.2232102	-108.2263453	108.2263453	-67.2232102
67.07446888	-108.0758794	108.0758794	-67.07446888
66.92546583	-107.9236883	107.9236883	-66.92546583
66.77620428	-107.7697746	107.7697746	-66.77620428
66.62669008	-107.6141549	107.6141549	-66.62669008
66.47692921	-107.4568464	107.4568464	-66.47692921
66.32692765	-107.2978664	107.2978664	-66.32692765
66.17669138	-107.137232	107.137232	-66.17669138
66.02622636	-106.9749603	106.9749603	-66.02622636
65.87553858	-106.8110687	106.8110687	-65.87553858
65.72463402	-106.6455742	106.6455742	-65.72463402
65.57351866	-106.4784942	106.4784942	-65.57351866
65.42219846	-106.3098457	106.3098457	-65.42219846
65.27067941	-106.139646	106.139646	-65.27067941
65.11896748	-105.9679122	105.9679122	-65.11896748
64.96706865	-105.7946617	105.7946617	-64.96706865
64.8149889	-105.6199114	105.6199114	-64.8149889
64.6627342	-105.4436788	105.4436788	-64.6627342
64.51031054	-105.2659809	105.2659809	-64.51031054
64.35772388	-105.0868349	105.0868349	-64.35772388
64.20498021	-104.906258	104.906258	-64.20498021
64.05208551	-104.7242675	104.7242675	-64.05208551
63.89904574	-104.5408805	104.5408805	-63.89904574
63.74586689	-104.3561143	104.3561143	-63.74586689
63.59255493	-104.1699859	104.1699859	-63.59255493
63.43911584	-103.9825127	103.9825127	-63.43911584
63.2855556	-103.7937118	103.7937118	-63.2855556
63.13188019	-103.6036003	103.6036003	-63.13188019
62.97809558	-103.4121956	103.4121956	-62.97809558
62.82420774	-103.2195148	103.2195148	-62.82420774
62.67022266	-103.025575	103.025575	-62.67022266
62.51614632	-102.8303935	102.8303935	-62.51614632
62.36198468	-102.6339875	102.6339875	-62.36198468
62.20774373	-102.4363741	102.4363741	-62.20774373
62.05342944	-102.2375706	102.2375706	-62.05342944
61.8990478	-102.0375942	102.0375942	-61.8990478
61.74460477	-101.836462	101.836462	-61.74460477
61.59010634	-101.6341913	101.6341913	-61.59010634
61.43555847	-101.4307992	101.4307992	-61.43555847
61.28096716	-101.2263029	101.2263029	-61.28096716
61.12633837	-101.0207197	101.0207197	-61.12633837
60.97167809	-100.8140667	100.8140667	-60.97167809
60.81699228	-100.6063611	100.6063611	-60.81699228
60.66228694	-100.3976201	100.3976201	-60.66228694
60.50756802	-100.187861	100.187861	-60.50756802
60.35284152	-99.9771008	99.9771008	-60.35284152
60.1981134	-99.76535684	99.76535684	-60.1981134
60.04338965	-99.55264626	99.55264626	-60.04338965
59.88867624	-99.33898627	99.33898627	-59.88867624
59.73397915	-99.12439407	99.12439407	-59.73397915
59.57930435	-98.90888683	98.90888683	-59.57930435
59.42465783	-98.69248177	98.69248177	-59.42465783
59.27004555	-98.47519608	98.47519608	-59.27004555
59.11547351	-98.25704694	98.25704694	-59.11547351
58.96094766	-98.03805156	98.03805156	-58.96094766
58.806474	-97.81822712	97.81822712	-58.806474
58.65205849	-97.59759084	97.59759084	-58.65205849
58.49770712	-97.37615988	97.37615988	-58.49770712
58.34342587	-97.15395146	97.15395146	-58.34342587
58.1892207	-96.93098277	96.93098277	-58.1892207
58.03509759	-96.707271	96.707271	-58.03509759
57.88106253	-96.48283335	96.48283335	-57.88106253
57.72712149	-96.25768701	96.25768701	-57.72712149
57.57328044	-96.03184918	96.03184918	-57.57328044
57.41954537	-95.80533704	95.80533704	-57.41954537
57.26592225	-95.5781678	95.5781678	-57.26592225
57.11241706	-95.35035865	95.35035865	-57.11241706
56.95903577	-95.12192679	95.12192679	-56.95903577
56.80578436	-94.8928894	94.8928894	-56.80578436
56.65266881	-94.66326369	94.66326369	-56.65266881
56.4996951	-94.43306685	94.43306685	-56.4996951
56.3468692	-94.20231607	94.20231607	-56.3468692
56.19419709	-93.97102854	93.97102854	-56.19419709
56.04168475	-93.73922147	93.73922147	-56.04168475
55.88933815	-93.50691205	93.50691205	-55.88933815
55.73716327	-93.27411747	93.27411747	-55.73716327
55.58516609	-93.04085492	93.04085492	-55.58516609
55.43335258	-92.80714161	92.80714161	-55.43335258
55.28172873	-92.57299472	92.57299472	-55.28172873
55.1303005	-92.33843145	92.33843145	-55.1303005
54.97907388	-92.103469	92.103469	-54.97907388
54.82805484	-91.86812455	91.86812455	-54.82805484
54.67724937	-91.63241531	91.63241531	-54.67724937
54.52666343	-91.39635847	91.39635847	-54.52666343
54.376303	-91.15997122	91.15997122	-54.376303
54.22617406	-90.92327076	90.92327076	-54.22617406
54.07628259	-90.68627428	90.68627428	-54.07628259
53.92663457	-90.44899898	90.44899898	-53.92663457
53.77723597	-90.21146205	90.21146205	-53.77723597
53.62809276	-89.97368069	89.97368069	-53.62809276
53.47921094	-89.73567208	89.73567208	-53.47921094
53.33059646	-89.49745344	89.49745344	-53.33059646
53.18225532	-89.25904194	89.25904194	-53.18225532
53.03419348	-89.02045479	89.02045479	-53.03419348
52.88641692	-88.78170918	88.78170918	-52.88641692
52.73893163	-88.5428223	88.5428223	-52.73893163
52.59174357	-88.30381135	88.30381135	-52.59174357
52.44485873	-88.06469353	88.06469353	-52.44485873
52.29828308	-87.82548602	87.82548602	-52.29828308
52.1520226	-87.58620603	87.58620603	-52.1520226
52.00608326	-87.34687074	87.34687074	-52.00608326
51.86047105	-87.10749736	87.10749736	-51.86047105
51.71519194	-86.86810307	86.86810307	-51.71519194
51.5702519	-86.62870507	86.62870507	-51.5702519
51.42565692	-86.38932056	86.38932056	-51.42565692
51.28141297	-86.14996673	86.14996673	-51.28141297
51.13752603	-85.91066078	85.91066078	-51.13752603
50.99400207	-85.67141989	85.67141989	-50.99400207
50.85084707	-85.43226127	85.43226127	-50.85084707
50.70806701	-85.19320211	85.19320211	-50.70806701
50.56566787	-84.9542596	84.9542596	-50.56566787
50.42365562	-84.71545094	84.71545094	-50.42365562
50.28203624	-84.47679333	84.47679333	-50.28203624
50.14081571	-84.23830395	84.23830395	-50.14081571
50	-84	84	-50
49.85959028	-83.76189652	83.76189652	-49.85959028
49.71956847	-83.52399986	83.52399986	-49.71956847
49.57991168	-83.28631424	83.28631424	-49.57991168
49.44059702	-83.04884385	83.04884385	-49.44059702
49.30160159	-82.8115929	82.8115929	-49.30160159
49.16290251	-82.5745656	82.5745656	-49.16290251
49.02447688	-82.33776614	82.33776614	-49.02447688
48.88630181	-82.10119873	82.10119873	-48.88630181
48.74835442	-81.86486756	81.86486756	-48.74835442
48.61061181	-81.62877686	81.62877686	-48.61061181
48.47305109	-81.39293081	81.39293081	-48.47305109
48.33564937	-81.15733362	81.15733362	-48.33564937
48.19838375	-80.92198949	80.92198949	-48.19838375
48.06123135	-80.68690263	80.68690263	-48.06123135
47.92416928	-80.45207724	80.45207724	-47.92416928
47.78717464	-80.21751751	80.21751751	-47.78717464
47.65022455	-79.98322767	79.98322767	-47.65022455
47.51329611	-79.7492119	79.7492119	-47.51329611
47.37636643	-79.51547442	79.51547442	-47.37636643
47.23941262	-79.28201941	79.28201941	-47.23941262
47.10241179	-79.0488511	79.0488511	-47.10241179
46.96534104	-78.81597368	78.81597368	-46.96534104
46.8281775	-78.58339134	78.58339134	-46.8281775
46.69089826	-78.35110831	78.35110831	-46.69089826
46.55348043	-78.11912877	78.11912877	-46.55348043
46.41590113	-77.88745694	77.88745694	-46.41590113
46.27813746	-77.65609701	77.65609701	-46.27813746
46.14016653	-77.42505319	77.42505319	-46.14016653
46.00196545	-77.19432968	77.19432968	-46.00196545
45.86351133	-76.96393069	76.96393069	-45.86351133
45.72478128	-76.73386041	76.73386041	-45.72478128
45.58575241	-76.50412305	76.50412305	-45.58575241
45.44640182	-76.27472282	76.27472282	-45.44640182
45.30670663	-76.04566391	76.04566391	-45.30670663
45.16664395	-75.81695053	75.81695053	-45.16664395
45.02619087	-75.58858688	75.58858688	-45.02619087
44.88532452	-75.36057717	75.36057717	-44.88532452
44.74402199	-75.1329256	75.1329256	-44.74402199
44.60226041	-74.90563637	74.90563637	-44.60226041
44.46001688	-74.67871368	74.67871368	-44.46001688
44.3172685	-74.45216174	74.45216174	-44.3172685
44.17399239	-74.22598475	74.22598475	-44.17399239
44.03016565	-74.00018692	74.00018692	-44.03016565
43.8857654	-73.77477244	73.77477244	-43.8857654
43.74076875	-73.54974552	73.54974552	-43.74076875
43.59515279	-73.32511036	73.32511036	-43.59515279
43.44889464	-73.10087117	73.10087117	-43.44889464
43.30197142	-72.87703215	72.87703215	-43.30197142
43.15436022	-72.65359749	72.65359749	-43.15436022
43.00603816	-72.43057142	72.43057142	-43.00603816
42.85698235	-72.20795812	72.20795812	-42.85698235
42.70716989	-71.9857618	71.9857618	-42.70716989
42.5565779	-71.76398666	71.76398666	-42.5565779
42.40518348	-71.54263691	71.54263691	-42.40518348
42.25296374	-71.32171675	71.32171675	-42.25296374
42.0998958	-71.10123038	71.10123038	-42.0998958
41.94595675	-70.88118201	70.88118201	-41.94595675
41.79112372	-70.66157584	70.66157584	-41.79112372
41.6353738	-70.44241607	70.44241607	-41.6353738
41.4786841	-70.2237069	70.2237069	-41.4786841
41.32103175	-70.00545254	70.00545254	-41.32103175
41.16239384	-69.78765719	69.78765719	-41.16239384
41.00274748	-69.57032506	69.57032506	-41.00274748
40.84206978	-69.35346034	69.35346034	-40.84206978
40.68033786	-69.13706724	69.13706724	-40.68033786
40.51752881	-68.92114997	68.92114997	-40.51752881
40.35361976	-68.70571272	68.70571272	-40.35361976
40.1885878	-68.49075969	68.49075969	-40.1885878
40.02241005	-68.2762951	68.2762951	-40.02241005
39.85506362	-68.06232315	68.06232315	-39.85506362
39.68652561	-67.84884803	67.84884803	-39.68652561
39.51677313	-67.63587396	67.63587396	-39.51677313
39.3457833	-67.42340512	67.42340512	-39.3457833
39.17353322	-67.21144574	67.21144574	-39.17353322
39	-67	67	-39
38.82516807	-66.78907048	66.78907048	-38.82516807
38.64905112	-66.57865322	66.57865322	-38.64905112
38.47167016	-66.36874262	66.36874262	-38.47167016
38.29304622	-66.15933309	66.15933309	-38.29304622
38.1132003	-65.95041903	65.95041903	-38.1132003
37.93215342	-65.74199483	65.74199483	-37.93215342
37.74992659	-65.53405492	65.53405492	-37.74992659
37.56654083	-65.32659369	65.32659369	-37.56654083
37.38201714	-65.11960554	65.11960554	-37.38201714
37.19637655	-64.91308488	64.91308488	-37.19637655
37.00964007	-64.70702612	64.70702612	-37.00964007
36.8218287	-64.50142365	64.50142365	-36.8218287
36.63296347	-64.29627188	64.29627188	-36.63296347
36.44306539	-64.09156522	64.09156522	-36.44306539
36.25215546	-63.88729807	63.88729807	-36.25215546
36.06025472	-63.68346483	63.68346483	-36.06025472
35.86738416	-63.48005991	63.48005991	-35.86738416
35.6735648	-63.27707771	63.27707771	-35.6735648
35.47881766	-63.07451264	63.07451264	-35.47881766
35.28316375	-62.8723591	62.8723591	-35.28316375
35.08662408	-62.67061149	62.67061149	-35.08662408
34.88921967	-62.46926422	62.46926422	-34.88921967
34.69097153	-62.26831169	62.26831169	-34.69097153
34.49190068	-62.06774831	62.06774831	-34.49190068
34.29202812	-61.86756848	61.86756848	-34.29202812
34.09137488	-61.6677666	61.6677666	-34.09137488
33.88996196	-61.46833708	61.46833708	-33.88996196
33.68781038	-61.26927433	61.26927433	-33.68781038
33.48494115	-61.07057274	61.07057274	-33.48494115
33.28137529	-60.87222672	60.87222672	-33.28137529
33.07713382	-60.67423067	60.67423067	-33.07713382
32.87223773	-60.476579	60.476579	-32.87223773
32.66670805	-60.27926612	60.27926612	-32.66670805
32.4605658	-60.08228642	60.08228642	-32.4605658
32.25383198	-59.88563432	59.88563432	-32.25383198
32.04652761	-59.6893042	59.6893042	-32.04652761
31.8386737	-59.49329049	59.49329049	-31.8386737
31.63029127	-59.29758758	59.29758758	-31.63029127
31.42140132	-59.10218988	59.10218988	-31.42140132
31.21202489	-58.90709179	58.90709179	-31.21202489
31.00218297	-58.71228771	58.71228771	-31.00218297
30.79189658	-58.51777205	58.51777205	-30.79189658
30.58118673	-58.32353922	58.32353922	-30.58118673
30.37007445	-58.12958361	58.12958361	-30.37007445
30.15858073	-57.93589963	57.93589963	-30.15858073
29.9467266	-57.74248169	57.74248169	-29.9467266
29.73453308	-57.54932419	57.54932419	-29.73453308
29.52202116	-57.35642154	57.35642154	-29.52202116
29.30921187	-57.16376813	57.16376813	-29.30921187
29.09612623	-56.97135837	56.97135837	-29.09612623
28.88278523	-56.77918666	56.77918666	-28.88278523
28.66920991	-56.58724742	56.58724742	-28.66920991
28.45542127	-56.39553504	56.39553504	-28.45542127
28.24144032	-56.20404393	56.20404393	-28.24144032
28.02728808	-56.01276849	56.01276849	-28.02728808
27.81298557	-55.82170313	55.82170313	-27.81298557
27.59855379	-55.63084225	55.63084225	-27.59855379
27.38401377	-55.44018025	55.44018025	-27.38401377
27.1693865	-55.24971154	55.24971154	-27.1693865
26.95469302	-55.05943052	55.05943052	-26.95469302
26.73995432	-54.8693316	54.8693316	-26.73995432
26.52519143	-54.67940917	54.67940917	-26.52519143
26.31042536	-54.48965766	54.48965766	-26.31042536
26.09567713	-54.30007145	54.30007145	-26.09567713
25.88096774	-54.11064495	54.11064495	-25.88096774
25.66631821	-53.92137257	53.92137257	-25.66631821
25.45174955	-53.73224871	53.73224871	-25.45174955
25.23728278	-53.54326778	53.54326778	-25.23728278
25.02293891	-53.35442417	53.35442417	-25.02293891
24.80873896	-53.1657123	53.1657123	-24.80873896
24.59470393	-52.97712656	52.97712656	-24.59470393
24.38085485	-52.78866136	52.78866136	-24.38085485
24.16721272	-52.60031111	52.60031111	-24.16721272
23.95379856	-52.41207021	52.41207021	-23.95379856
23.74063339	-52.22393306	52.22393306	-23.74063339
23.52773821	-52.03589407	52.03589407	-23.52773821
23.31513405	-51.84794764	51.84794764	-23.31513405
23.1028419	-51.66008818	51.66008818	-23.1028419
22.8908828	-51.47231008	51.47231008	-22.8908828
22.67927775	-51.28460776	51.28460776	-22.67927775
22.46804776	-51.09697561	51.09697561	-22.46804776
22.25721385	-50.90940805	50.90940805	-22.25721385
22.04679704	-50.72189947	50.72189947	-22.04679704
21.83681833	-50.53444428	50.53444428	-21.83681833
21.62729875	-50.34703689	50.34703689	-21.62729875
21.41825929	-50.15967169	50.15967169	-21.41825929
21.20972099	-49.9723431	49.9723431	-21.20972099
21.00170484	-49.78504551	49.78504551	-21.00170484
20.79423187	-49.59777333	49.59777333	-20.79423187
20.58732309	-49.41052096	49.41052096	-20.58732309
20.38099951	-49.22328282	49.22328282	-20.38099951
20.17528215	-49.03605329	49.03605329	-20.17528215
19.97019202	-48.84882679	48.84882679	-19.97019202
19.76575013	-48.66159772	48.66159772	-19.76575013
19.5619775	-48.47436049	48.47436049	-19.5619775
19.35889514	-48.28710949	48.28710949	-19.35889514
19.15652407	-48.09983914	48.09983914	-19.15652407
18.95488529	-47.91254383	47.91254383	-18.95488529
18.75399983	-47.72521797	47.72521797	-18.75399983
18.55388869	-47.53785597	47.53785597	-18.55388869
18.35457289	-47.35045222	47.35045222	-18.35457289
18.15607344	-47.16300114	47.16300114	-18.15607344
17.95841137	-46.97549713	46.97549713	-17.95841137
17.76160767	-46.78793458	46.78793458	-17.76160767
17.56568336	-46.60030791	46.60030791	-17.56568336
17.37065947	-46.41261152	46.41261152	-17.37065947
17.17655699	-46.22483981	46.22483981	-17.17655699
16.98339696	-46.03698719	46.03698719	-16.98339696
16.79120037	-45.84904806	45.84904806	-16.79120037
16.59998824	-45.66101683	45.66101683	-16.59998824
16.40978159	-45.47288789	45.47288789	-16.40978159
16.22060143	-45.28465566	45.28465566	-16.22060143
16.03246877	-45.09631454	45.09631454	-16.03246877
15.84540464	-44.90785892	44.90785892	-15.84540464
15.65943003	-44.71928322	44.71928322	-15.65943003
15.47456597	-44.53058184	44.53058184	-15.47456597
15.29083346	-44.34174919	44.34174919	-15.29083346
15.10825353	-44.15277966	44.15277966	-15.10825353
14.92684719	-43.96366767	43.96366767	-14.92684719
14.74663545	-43.7744076	43.7744076	-14.74663545
14.56763931	-43.58499388	43.58499388	-14.56763931
14.38987981	-43.39542091	43.39542091	-14.38987981
14.21337795	-43.20568308	43.20568308	-14.21337795
14.03815474	-43.0157748	43.0157748	-14.03815474
13.8642312	-42.82569048	42.82569048	-13.8642312
13.69162834	-42.63542452	42.63542452	-13.69162834
13.52036718	-42.44497132	42.44497132	-13.52036718
13.35046873	-42.25432529	42.25432529	-13.35046873
13.181954	-42.06348083	42.06348083	-13.181954
13.01484401	-41.87243235	41.87243235	-13.01484401
12.84915976	-41.68117425	41.68117425	-12.84915976
12.68492229	-41.48970094	41.48970094	-12.68492229
12.52215259	-41.29800681	41.29800681	-12.52215259
12.36087168	-41.10608627	41.10608627	-12.36087168
12.20110058	-40.91393374	40.91393374	-12.20110058
12.04286029	-40.7215436	40.7215436	-12.04286029
11.88617184	-40.52891026	40.52891026	-11.88617184
11.73105624	-40.33602814	40.33602814	-11.73105624
11.57753449	-40.14289163	40.14289163	-11.57753449
11.42562762	-39.94949513	39.94949513	-11.42562762
11.27535664	-39.75583306	39.75583306	-11.27535664
11.12674256	-39.56189981	39.56189981	-11.12674256
10.97980639	-39.36768979	39.36768979	-10.97980639
10.83456916	-39.1731974	39.1731974	-10.83456916
10.69105186	-38.97841705	38.97841705	-10.69105186
10.54927552	-38.78334314	38.78334314	-10.54927552
10.40926115	-38.58797008	38.58797008	-10.40926115
10.27102977	-38.39229226	38.39229226	-10.27102977
10.13460238	-38.1963041	38.1963041	-10.13460238
10	-38	38	-10
9.867236196	-37.80336969	37.80336969	-9.867236196
9.736294726	-37.60638427	37.60638427	-9.736294726
9.6071519	-37.40901016	37.40901016	-9.6071519
9.479784028	-37.21121378	37.21121378	-9.479784028
9.354167419	-37.01296155	37.01296155	-9.354167419
9.230278382	-36.8142199	36.8142199	-9.230278382
9.108093228	-36.61495524	36.61495524	-9.108093228
8.987588266	-36.41513401	36.41513401	-8.987588266
8.868739805	-36.21472263	36.21472263	-8.868739805
8.751524156	-36.01368752	36.01368752	-8.751524156
8.635917627	-35.81199509	35.81199509	-8.635917627
8.521896529	-35.60961179	35.60961179	-8.521896529
8.409437172	-35.40650402	35.40650402	-8.409437172
8.298515864	-35.20263821	35.20263821	-8.298515864
8.189108915	-34.99798079	34.99798079	-8.189108915
8.081192636	-34.79249818	34.79249818	-8.081192636
7.974743335	-34.58615679	34.58615679	-7.974743335
7.869737323	-34.37892306	34.37892306	-7.869737323
7.766150908	-34.17076341	34.17076341	-7.766150908
7.663960401	-33.96164426	33.96164426	-7.663960401
7.563142111	-33.75153202	33.75153202	-7.563142111
7.463672349	-33.54039314	33.54039314	-7.463672349
7.365527422	-33.32819403	33.32819403	-7.365527422
7.268683642	-33.1149011	33.1149011	-7.268683642
7.173117317	-32.9004808	32.9004808	-7.173117317
7.078804758	-32.68489953	32.68489953	-7.078804758
6.985722274	-32.46812372	32.46812372	-6.985722274
6.893846174	-32.2501198	32.2501198	-6.893846174
6.803152769	-32.03085418	32.03085418	-6.803152769
6.713618367	-31.8102933	31.8102933	-6.713618367
6.62521928	-31.58840357	31.58840357	-6.62521928
6.537931815	-31.36515141	31.36515141	-6.537931815
6.451732283	-31.14050326	31.14050326	-6.451732283
6.366596993	-30.91442553	30.91442553	-6.366596993
6.282502256	-30.68688464	30.68688464	-6.282502256
6.19942438	-30.45784703	30.45784703	-6.19942438
6.117339675	-30.2272791	30.2272791	-6.117339675
6.036224452	-29.9951473	29.9951473	-6.036224452
5.956055019	-29.76141803	29.76141803	-5.956055019
5.876807686	-29.52605772	29.52605772	-5.876807686
5.798458763	-29.28903279	29.28903279	-5.798458763
5.72098456	-29.05030968	29.05030968	-5.72098456
5.644361385	-28.80985479	28.80985479	-5.644361385
5.568565549	-28.56763456	28.56763456	-5.568565549
5.493573362	-28.32361541	28.32361541	-5.493573362
5.419361133	-28.07776375	28.07776375	-5.419361133
5.345905171	-27.83004602	27.83004602	-5.345905171
5.273181787	-27.58042864	27.58042864	-5.273181787
5.201167289	-27.32887802	27.32887802	-5.201167289
5.129837988	-27.0753606	27.0753606	-5.129837988
5.059170193	-26.81984279	26.81984279	-5.059170193
4.989140214	-26.56229102	26.56229102	-4.989140214
4.91972436	-26.30267171	26.30267171	-4.91972436
4.850898941	-26.04095129	26.04095129	-4.850898941
4.782640267	-25.77709617	25.77709617	-4.782640267
4.714924648	-25.51107278	25.51107278	-4.714924648
4.647728392	-25.24284755	25.24284755	-4.647728392
4.58102781	-24.9723869	24.9723869	-4.58102781
4.514799211	-24.69965724	24.69965724	-4.514799211
4.449018904	-24.42462501	24.42462501	-4.449018904
4.383663201	-24.14725663	24.14725663	-4.383663201
4.318708409	-23.86751851	23.86751851	-4.318708409
4.254130839	-23.58537709	23.58537709	-4.254130839
4.189906801	-23.30079878	23.30079878	-4.189906801
4.126012603	-23.01375001	23.01375001	-4.126012603
4.062424556	-22.7241972	22.7241972	-4.062424556
3.999118969	-22.43210678	22.43210678	-3.999118969
3.936072152	-22.13744516	22.13744516	-3.936072152
3.873260415	-21.84017877	21.84017877	-3.873260415
3.810660067	-21.54027404	21.54027404	-3.810660067
3.748247417	-21.23769739	21.23769739	-3.748247417
3.685998776	-20.93241523	20.93241523	-3.685998776
3.623890453	-20.624394	20.624394	-3.623890453
3.561898758	-20.31360012	20.31360012	-3.561898758
3.5	-20	20	-3.5
3.438170489	-19.68356008	19.68356008	-3.438170489
3.376386534	-19.36424677	19.36424677	-3.376386534
3.314624446	-19.0420265	19.0420265	-3.314624446
3.252860533	-18.71686569	18.71686569	-3.252860533
3.191071106	-18.38873077	18.38873077	-3.191071106
3.129232474	-18.05758815	18.05758815	-3.129232474
3.067320947	-17.72340426	17.72340426	-3.067320947
3.005312834	-17.38614553	17.38614553	-3.005312834
2.943184445	-17.04577838	17.04577838	-2.943184445
2.88091209	-16.70226922	16.70226922	-2.88091209
2.818472078	-16.35558449	16.35558449	-2.818472078
2.755840718	-16.00569061	16.00569061	-2.755840718
2.692994322	-15.65255399	15.65255399	-2.692994322
2.629909197	-15.29614107	15.29614107	-2.629909197
2.566561654	-14.93641826	14.93641826	-2.566561654
2.502928003	-14.57335199	14.57335199	-2.502928003
2.438984552	-14.20690868	14.20690868	-2.438984552
2.374707612	-13.83705476	13.83705476	-2.374707612
2.310073493	-13.46375664	13.46375664	-2.310073493
2.245058503	-13.08698076	13.08698076	-2.245058503
2.179638953	-12.70669353	12.70669353	-2.179638953
2.113791152	-12.32286137	12.32286137	-2.113791152
2.04749141	-11.93545072	11.93545072	-2.04749141
1.980716037	-11.54442799	11.54442799	-1.980716037
1.913441341	-11.1497596	11.1497596	-1.913441341
1.845643634	-10.75141199	10.75141199	-1.845643634
1.777299223	-10.34935156	10.34935156	-1.777299223
1.70838442	-9.943544756	9.943544756	-1.70838442
1.638875533	-9.533957987	9.533957987	-1.638875533
1.568748872	-9.120557679	9.120557679	-1.568748872
1.497980747	-8.703310256	8.703310256	-1.497980747
1.426547468	-8.282182141	8.282182141	-1.426547468
1.354425344	-7.857139756	7.857139756	-1.354425344
1.281590684	-7.428149526	7.428149526	-1.281590684
1.208019799	-6.995177872	6.995177872	-1.208019799
1.133688998	-6.558191219	6.558191219	-1.133688998
1.058574591	-6.117155989	6.117155989	-1.058574591
0.982652887	-5.672038604	5.672038604	-0.982652887
0.905900196	-5.22280549	5.22280549	-0.905900196
0.828292827	-4.769423067	4.769423067	-0.828292827
0.749807091	-4.31185776	4.31185776	-0.749807091
0.670419296	-3.850075992	3.850075992	-0.670419296
0.590105753	-3.384044185	3.384044185	-0.590105753
0.508842771	-2.913728763	2.913728763	-0.508842771
0.426606659	-2.439096148	2.439096148	-0.426606659
0.343373728	-1.960112765	1.960112765	-0.343373728
0.259120287	-1.476745035	1.476745035	-0.259120287
0.173822646	-0.988959382	0.988959382	-0.173822646
0.087457113	-0.496722229	0.496722229	-0.087457113
-4.44089E-16	0	0	4.44089E-16