0	0	0	0
1.81254E-08	-8.17295E-08	8.17295E-08	-1.81254E-08
2.98067E-07	-1.3426E-06	1.3426E-06	-2.98067E-07
2.44119E-06	-1.09831E-05	1.09831E-05	-2.44119E-06
1.3358E-05	-6.00197E-05	6.00197E-05	-1.3358E-05
5.52614E-05	-0.000247943	0.000247943	-5.52614E-05
0.000185345	-0.000830299	0.000830299	-0.000185345
0.000527384	-0.002358586	0.002358586	-0.000527384
0.001314321	-0.005867465	0.005867465	-0.001314321
0.002937016	-0.013086798	0.013086798	-0.002937016
0.005990992	-0.026641553	0.026641553	-0.005990992
0.011311338	-0.050195575	0.050195575	-0.011311338
0.01998633	-0.088497823	0.088497823	-0.01998633
0.033342737	-0.147301196	0.147301196	-0.033342737
0.052899683	-0.233142044	0.233142044	-0.052899683
0.080292563	-0.352989365	0.352989365	-0.080292563
0.117173009	-0.513792688	0.513792688	-0.117173009
0.165094563	-0.721973529	0.721973529	-0.165094563
0.225396011	-0.982914765	0.982914765	-0.225396011
0.299094989	-1.300504258	1.300504258	-0.299094989
0.386803465	-1.676783553	1.676783553	-0.386803465
0.488674263	-2.111740783	2.111740783	-0.488674263
0.604384347	-2.603270687	2.603270687	-0.604384347
0.733156556	-3.147306364	3.147306364	-0.733156556
0.873817422	-3.738109204	3.738109204	-0.873817422
1.024885103	-4.36868759	4.36868759	-1.024885103
1.184678668	-5.031303058	5.031303058	-1.184678668
1.351438241	-5.718015641	5.718015641	-1.351438241
1.523444978	-6.421218622	6.421218622	-1.523444978
1.699130447	-7.134116502	7.134116502	-1.699130447
1.877166591	-7.851107988	7.851107988	-1.877166591
2.056529813	-8.568047016	8.568047016	-2.056529813
2.236535552	-9.282367908	9.282367908	-2.236535552
2.416842699	-9.993074375	9.993074375	-2.416842699
2.597430112	-10.70060514	10.70060514	-2.597430112
2.778550101	-11.40660052	11.40660052	-2.778550101
2.960665732	-12.11360305	12.11360305	-2.960665732
3.144380101	-12.82473052	12.82473052	-3.144380101
3.330365867	-13.5433596	13.5433596	-3.330365867
3.519302578	-14.27285352	14.27285352	-3.519302578
3.711827521	-15.01635825	15.01635825	-3.711827521
3.908503504	-15.77667913	15.77667913	-3.908503504
4.10980437	-16.55623797	16.55623797	-4.10980437
4.316116616	-17.35709862	17.35709862	-4.316116616
4.527753542	-18.18104078	18.18104078	-4.527753542
4.744977082	-19.02965684	19.02965684	-4.744977082
4.968022055	-19.90444604	19.90444604	-4.968022055
5.197117807	-20.80688299	20.80688299	-5.197117807
5.432503242	-21.73844414	21.73844414	-5.432503242
5.674432538	-22.70058305	22.70058305	-5.674432538
5.923170508	-23.69465432	23.69465432	-5.923170508
6.178978101	-24.7217936	24.7217936	-6.178978101
6.442089937	-25.78276743	25.78276743	-6.442089937
6.712686788	-26.8778109	26.8778109	-6.712686788
6.990866452	-28.00647255	28.00647255	-6.990866452
7.276616619	-29.16748514	29.16748514	-7.276616619
7.56979294	-30.35867745	30.35867745	-7.56979294
7.870104866	-31.57693808	31.57693808	-7.870104866
8.17711083	-32.81823581	32.81823581	-8.17711083
8.490223351	-34.0776956	34.0776956	-8.490223351
8.808723539	-35.34972365	35.34972365	-8.808723539
9.13178359	-36.62817019	36.62817019	-9.13178359
9.458495129	-37.90651593	37.90651593	-9.458495129
9.787900835	-39.17806665	39.17806665	-9.787900835
10.1190267	-40.43614151	40.43614151	-10.1190267
10.45091253	-41.67424399	41.67424399	-10.45091253
10.78263877	-42.88620939	42.88620939	-10.78263877
11.11334863	-44.06632878	44.06632878	-11.11334863
11.44226507	-45.20945356	45.20945356	-11.44226507
11.76870288	-46.3110877	46.3110877	-11.76870288
12.09207659	-47.36747372	47.36747372	-12.09207659
12.41190499	-48.375676	48.375676	-12.41190499
12.72781291	-49.3336606	49.3336606	-12.72781291
13.03953103	-50.2403661	50.2403661	-13.03953103
13.34689387	-51.09575635	51.09575635	-13.34689387
13.64983604	-51.90084425	51.90084425	-13.64983604
13.94838669	-52.65767577	52.65767577	-13.94838669
14.24266189	-53.36926631	53.36926631	-14.24266189
14.53285485	-54.03948536	54.03948536	-14.53285485
14.81922406	-54.67289117	54.67289117	-14.81922406
15.10207941	-55.27452271	55.27452271	-15.10207941
15.38176685	-55.84966108	55.84966108	-15.38176685
15.65865228	-56.40357682	56.40357682	-15.65865228
15.93310541	-56.94128128	56.94128128	-15.93310541
16.20548457	-57.46730052	57.46730052	-16.20548457
16.47612331	-57.9854885	57.9854885	-16.47612331
16.7453196	-58.49889255	58.49889255	-16.7453196
17.01332823	-59.00967959	59.00967959	-17.01332823
17.28035673	-59.51912598	59.51912598	-17.28035673
17.54656485	-60.02766856	60.02766856	-17.54656485
17.81206746	-60.53500901	60.53500901	-17.81206746
18.07694029	-61.04026008	61.04026008	-18.07694029
18.34122792	-61.54211901	61.54211901	-18.34122792
18.60495319	-62.03905244	62.03905244	-18.60495319
18.8681271	-62.52947723	62.52947723	-18.8681271
19.13075851	-63.01192323	63.01192323	-19.13075851
19.39286278	-63.48516659	63.48516659	-19.39286278
19.65446878	-63.94832603	63.94832603	-19.65446878
19.91562387	-64.40091796	64.40091796	-19.91562387
20.17639676	-64.84287058	64.84287058	-20.17639676
20.43687809	-65.2745002	65.2745002	-20.43687809
20.69717903	-65.69645649	65.69645649	-20.69717903
20.95742832	-66.10964469	66.10964469	-20.95742832
21.217768	-66.5151345	66.5151345	-21.217768
21.47834858	-66.91406519	66.91406519	-21.47834858
21.73932396	-67.30755578	67.30755578	-21.73932396
22.00084667	-67.69662773	67.69662773	-22.00084667
22.26306386	-68.08214572	68.08214572	-22.26306386
22.52611417	-68.46477959	68.46477959	-22.52611417
22.79012581	-68.84498857	68.84498857	-22.79012581
23.05521576	-69.2230265	69.2230265	-23.05521576
23.32149016	-69.59896529	69.59896529	-23.32149016
23.58904559	-69.9727322	69.9727322	-23.58904559
23.85797107	-70.34415604	70.34415604	-23.85797107
24.12835059	-70.71301708	70.71301708	-24.12835059
24.4002657	-71.07909547	71.07909547	-24.4002657
24.67379811	-71.44221423	71.44221423	-24.67379811
24.94903194	-71.80227314	71.80227314	-24.94903194
25.22605547	-72.15927175	72.15927175	-25.22605547
25.50496235	-72.51332054	72.51332054	-25.50496235
25.7858521	-72.86464046	72.86464046	-25.7858521
26.06883013	-73.21355249	73.21355249	-26.06883013
26.35400708	-73.5604591	73.5604591	-26.35400708
26.64149787	-73.90582023	73.90582023	-26.64149787
26.9314206	-74.25012683	74.25012683	-26.9314206
27.22389545	-74.59387422	74.59387422	-27.22389545
27.51904435	-74.9375377	74.9375377	-27.51904435
27.81699156	-75.28155197	75.28155197	-27.81699156
28.11786586	-75.62629524	75.62629524	-28.11786586
28.42180445	-75.97207839	75.97207839	-28.42180445
28.72895849	-76.319139	76.319139	-28.72895849
29.03949969	-76.66763972	76.66763972	-29.03949969
29.35362727	-77.01767024	77.01767024	-29.35362727
29.67157384	-77.36925214	77.36925214	-29.67157384
29.99360919	-77.72234581	77.72234581	-29.99360919
30.32004083	-78.07685883	78.07685883	-30.32004083
30.65121035	-78.43265522	78.43265522	-30.65121035
30.98748543	-78.78956508	78.78956508	-30.98748543
31.32924759	-79.14739436	79.14739436	-31.32924759
31.67687637	-79.5059343	79.5059343	-31.67687637
32.03073123	-79.86497033	79.86497033	-32.03073123
32.39113253	-80.2242902	80.2242902	-32.39113253
32.7583434	-80.58369107	80.58369107	-32.7583434
33.13255402	-80.94298536	80.94298536	-33.13255402
33.51386971	-81.30200525	81.30200525	-33.51386971
33.902304	-81.66060563	81.66060563	-33.902304
34.29777706	-82.01866555	82.01866555	-34.29777706
34.7001198	-82.37608819	82.37608819	-34.7001198
35.109083	-82.73279942	82.73279942	-35.109083
35.52435074	-83.08874522	83.08874522	-35.52435074
35.94555685	-83.44388814	83.44388814	-35.94555685
36.3723031	-83.7982032	83.7982032	-36.3723031
36.80417745	-84.15167351	84.15167351	-36.80417745
37.24077116	-84.50428585	84.50428585	-37.24077116
37.68169349	-84.85602675	84.85602675	-37.68169349
38.12658309	-85.20687898	85.20687898	-38.12658309
38.57511548	-85.55681898	85.55681898	-38.57511548
39.0270065	-85.90581506	85.90581506	-39.0270065
39.48201189	-86.25382659	86.25382659	-39.48201189
39.93992345	-86.60080398	86.60080398	-39.93992345
40.40056252	-86.94668951	86.94668951	-40.40056252
40.86377165	-87.29141867	87.29141867	-40.86377165
41.3294054	-87.63492199	87.63492199	-41.3294054
41.79732121	-87.97712701	87.97712701	-41.79732121
42.26737105	-88.31796028	88.31796028	-42.26737105
42.73939466	-88.65734924	88.65734924	-42.73939466
43.21321457	-88.9952237	88.9952237	-43.21321457
43.68863342	-89.33151698	89.33151698	-43.68863342
44.16543329	-89.66616659	89.66616659	-44.16543329
44.643377	-89.99911442	89.99911442	-44.643377
45.12221112	-90.33030652	90.33030652	-45.12221112
45.60166994	-90.65969256	90.65969256	-45.60166994
46.08148023	-90.98722493	90.98722493	-46.08148023
46.56136609	-91.31285784	91.31285784	-46.56136609
47.04105349	-91.63654623	91.63654623	-47.04105349
47.52027406	-91.95824482	91.95824482	-47.52027406
47.99876799	-92.27790726	92.27790726	-47.99876799
48.47628577	-92.5954855	92.5954855	-48.47628577
48.9525888	-92.91092936	92.91092936	-48.9525888
49.42744887	-93.22418638	93.22418638	-49.42744887
49.9006468	-93.5352019	93.5352019	-49.9006468
50.37197041	-93.84391926	93.84391926	-50.37197041
50.84121202	-94.1502803	94.1502803	-50.84121202
51.30816587	-94.45422579	94.45422579	-51.30816587
51.77262564	-94.75569601	94.75569601	-51.77262564
52.23438231	-95.05463129	95.05463129	-52.23438231
52.69322253	-95.35097243	95.35097243	-52.69322253
53.14892754	-95.6446611	95.6446611	-53.14892754
53.60127274	-95.93564008	95.93564008	-53.60127274
54.05002786	-96.22385337	96.22385337	-54.05002786
54.4949576	-96.50924614	96.50924614	-54.4949576
54.93582268	-96.79176468	96.79176468	-54.93582268
55.37238114	-97.07135614	97.07135614	-55.37238114
55.80438974	-97.34796827	97.34796827	-55.80438974
56.23160531	-97.62154914	97.62154914	-56.23160531
56.65378596	-97.89204685	97.89204685	-56.65378596
57.07069196	-98.1594093	98.1594093	-57.07069196
57.48208647	-98.42358391	98.42358391	-57.48208647
57.88773574	-98.68451755	98.68451755	-57.88773574
58.28740916	-98.94215644	98.94215644	-58.28740916
58.68087888	-99.19644615	99.19644615	-58.68087888
59.06791934	-99.44733162	99.44733162	-59.06791934
59.44830656	-99.69475734	99.69475734	-59.44830656
59.82181748	-99.93866747	99.93866747	-59.82181748
60.18822954	-100.1790061	100.1790061	-60.18822954
60.54732097	-100.4157181	100.4157181	-60.54732097
60.89887264	-100.6487499	100.6487499	-60.89887264
61.24267237	-100.8780522	100.8780522	-61.24267237
61.57852297	-101.1035836	101.1035836	-61.57852297
61.90625439	-101.3253161	101.3253161	-61.90625439
62.22574039	-101.5432428	101.5432428	-62.22574039
62.53691863	-101.7573865	101.7573865	-62.53691863
62.83981274	-101.9678094	101.9678094	-62.83981274
63.1345537	-102.1746222	102.1746222	-63.1345537
63.42139778	-102.3779911	102.3779911	-63.42139778
63.7007383	-102.5781428	102.5781428	-63.7007383
63.9731087	-102.7753638	102.7753638	-63.9731087
64.23917539	-102.9699973	102.9699973	-64.23917539
64.49971998	-103.1624327	103.1624327	-64.49971998
64.75561154	-103.3530931	103.3530931	-64.75561154
65.0077707	-103.5424176	103.5424176	-65.0077707
65.25712841	-103.7308424	103.7308424	-65.25712841
65.50458266	-103.9187807	103.9187807	-65.50458266
65.7509568	-104.1066041	104.1066041	-65.7509568
65.99696295	-104.2946264	104.2946264	-65.99696295
66.24317339	-104.4830915	104.4830915	-66.24317339
66.49000208	-104.672166	104.672166	-66.49000208
66.73769754	-104.861937	104.861937	-66.73769754
66.98634718	-105.052416	105.052416	-66.98634718
67.23589218	-105.2435464	105.2435464	-67.23589218
67.48615112	-105.4352156	105.4352156	-67.48615112
67.73685002	-105.6272701	105.6272701	-67.73685002
67.98765592	-105.8195309	105.8195309	-67.98765592
68.238211	-106.0118105	106.0118105	-68.238211
68.48816462	-106.2039271	106.2039271	-68.48816462
68.73720089	-106.3957173	106.3957173	-68.73720089
68.98505987	-106.5870459	106.5870459	-68.98505987
69.2315515	-106.7778113	106.7778113	-69.2315515
69.47656178	-106.9679484	106.9679484	-69.47656178
69.72005163	-107.1574268	107.1574268	-69.72005163
69.96204932	-107.3462476	107.3462476	-69.96204932
70.20263777	-107.5344362	107.5344362	-70.20263777
70.44193872	-107.7220352	107.7220352	-70.44193872
70.6800951	-107.9090958	107.9090958	-70.6800951
70.9172538	-108.0956698	108.0956698	-70.9172538
71.15355003	-108.2818024	108.2818024	-71.15355003
71.3890946	-108.4675262	108.4675262	-71.3890946
71.62396496	-108.6528579	108.6528579	-71.62396496
71.8582003	-108.8377955	108.8377955	-71.8582003
72.0918007	-109.0223189	109.0223189	-72.0918007
72.32472998	-109.2063912	109.2063912	-72.32472998
72.55692153	-109.3899616	109.3899616	-72.55692153
72.78828621	-109.5729693	109.5729693	-72.78828621
73.01872145	-109.755348	109.755348	-73.01872145
73.24812046	-109.93703	109.93703	-73.24812046
73.4763808	-110.1179503	110.1179503	-73.4763808
73.70341158	-110.2980499	110.2980499	-73.70341158
73.92913867	-110.4772779	110.4772779	-73.92913867
74.15350789	-110.6555931	110.6555931	-74.15350789
74.3764859	-110.8329639	110.8329639	-74.3764859
74.59805908	-111.0093681	111.0093681	-74.59805908
74.81823078	-111.1847912	111.1847912	-74.81823078
75.03701725	-111.3592243	111.3592243	-75.03701725
75.25444287	-111.532662	111.532662	-75.25444287
75.4705352	-111.7051001	111.7051001	-75.4705352
75.6853203	-111.8765333	111.8765333	-75.6853203
75.89881866	-112.0469534	112.0469534	-75.89881866
76.11104222	-112.216348	112.216348	-76.11104222
76.32199243	-112.3846997	112.3846997	-76.32199243
76.53165952	-112.5519856	112.5519856	-76.53165952
76.74002295	-112.718178	112.718178	-76.74002295
76.94705268	-112.8832448	112.8832448	-76.94705268
77.15271134	-113.0471505	113.0471505	-77.15271134
77.35695664	-113.2098578	113.2098578	-77.35695664
77.55974413	-113.3713281	113.3713281	-77.55974413
77.76102972	-113.5315236	113.5315236	-77.76102972
77.96077198	-113.6904077	113.6904077	-77.96077198
78.15893384	-113.8479461	113.8479461	-78.15893384
78.35548373	-114.0041068	114.0041068	-78.35548373
78.55039615	-114.1588612	114.1588612	-78.55039615
78.74365148	-114.312183	114.312183	-78.74365148
78.93523539	-114.4640487	114.4640487	-78.93523539
79.12513775	-114.6144363	114.6144363	-79.12513775
79.31335134	-114.7633254	114.7633254	-79.31335134
79.49987037	-114.9106959	114.9106959	-79.49987037
79.68468908	-115.0565279	115.0565279	-79.68468908
79.8678005	-115.2008005	115.2008005	-79.8678005
80.04919545	-115.343492	115.343492	-80.04919545
80.22886185	-115.4845791	115.4845791	-80.22886185
80.40678436	-115.6240371	115.6240371	-80.40678436
80.58294445	-115.7618395	115.7618395	-80.58294445
80.75732062	-115.8979589	115.8979589	-80.75732062
80.92988899	-116.0323665	116.0323665	-80.92988899
81.10062398	-116.1650327	116.1650327	-81.10062398
81.26949909	-116.2959279	116.2959279	-81.26949909
81.43648765	-116.425022	116.425022	-81.43648765
81.60156356	-116.5522857	116.5522857	-81.60156356
81.76470179	-116.6776898	116.6776898	-81.76470179
81.92587888	-116.8012061	116.8012061	-81.92587888
82.08507305	-116.9228072	116.9228072	-82.08507305
82.24226431	-117.0424665	117.0424665	-82.24226431
82.39743429	-117.1601582	117.1601582	-82.39743429
82.55056597	-117.2758569	117.2758569	-82.55056597
82.70164333	-117.389538	117.389538	-82.70164333
82.85065092	-117.5011769	117.5011769	-82.85065092
82.99757347	-117.610749	117.610749	-82.99757347
83.14239545	-117.7182297	117.7182297	-83.14239545
83.28510079	-117.8235941	117.8235941	-83.28510079
83.42567264	-117.9268168	117.9268168	-83.42567264
83.56409323	-118.0278721	118.0278721	-83.56409323
83.70034382	-118.1267338	118.1267338	-83.70034382
83.83440478	-118.2233752	118.2233752	-83.83440478
83.96625571	-118.3177695	118.3177695	-83.96625571
84.09587565	-118.4098893	118.4098893	-84.09587565
84.22324325	-118.4997072	118.4997072	-84.22324325
84.34833708	-118.587196	118.587196	-84.34833708
84.47113576	-118.6723282	118.6723282	-84.47113576
84.5916182	-118.7550765	118.7550765	-84.5916182
84.70976371	-118.835414	118.835414	-84.70976371
84.82555209	-118.9133138	118.9133138	-84.82555209
84.93896365	-118.9887495	118.9887495	-84.93896365
85.04997922	-119.0616947	119.0616947	-85.04997922
85.15858002	-119.1321233	119.1321233	-85.15858002
85.26474764	-119.2000093	119.2000093	-85.26474764
85.36846387	-119.2653269	119.2653269	-85.36846387
85.46971057	-119.3280501	119.3280501	-85.46971057
85.56846961	-119.3881532	119.3881532	-85.56846961
85.66472271	-119.4456102	119.4456102	-85.66472271
85.75845138	-119.5003951	119.5003951	-85.75845138
85.84963688	-119.5524817	119.5524817	-85.84963688
85.93826018	-119.6018437	119.6018437	-85.93826018
86.02430198	-119.6484546	119.6484546	-86.02430198
86.10774276	-119.6922881	119.6922881	-86.10774276
86.18856282	-119.7333174	119.7333174	-86.18856282
86.2667424	-119.771516	119.771516	-86.2667424
86.34226203	-119.8068577	119.8068577	-86.34226203
86.41510307	-119.8393172	119.8393172	-86.41510307
86.48524888	-119.8688713	119.8688713	-86.48524888
86.55268667	-119.8955008	119.8955008	-86.55268667
86.61741035	-119.9191939	119.9191939	-86.61741035
86.67942419	-119.9399496	119.9399496	-86.67942419
86.7387473	-119.957783	119.957783	-86.7387473
86.79541843	-119.9727302	119.9727302	-86.79541843
86.84950051	-119.9848534	119.9848534	-86.84950051
86.9010845	-119.9942451	119.9942451	-86.9010845
86.95029158	-120.0010304	120.0010304	-86.95029158
86.99727357	-120.0053674	120.0053674	-86.99727357
87.04221088	-120.0074454	120.0074454	-87.04221088
87.08530818	-120.00748	120.00748	-87.08530818
87.12678778	-120.0057061	120.0057061	-87.12678778
87.16688136	-120.0023689	120.0023689	-87.16688136
87.20582043	-119.9977139	119.9977139	-87.20582043
87.24382659	-119.9919761	119.9919761	-87.24382659
87.28110216	-119.98537	119.98537	-87.28110216
87.31782209	-119.978081	119.978081	-87.31782209
87.35412778	-119.9702585	119.9702585	-87.35412778
87.39012325	-119.9620117	119.9620117	-87.39012325
87.42587396	-119.9534084	119.9534084	-87.42587396
87.46140814	-119.9444765	119.9444765	-87.46140814
87.49672066	-119.9352078	119.9352078	-87.49672066
87.53177868	-119.9255642	119.9255642	-87.53177868
87.56652876	-119.9154854	119.9154854	-87.56652876
87.60090473	-119.9048973	119.9048973	-87.60090473
87.63483556	-119.8937203	119.8937203	-87.63483556
87.66825267	-119.8818776	119.8818776	-87.66825267
87.70109616	-119.8693014	119.8693014	-87.70109616
87.73331952	-119.8559385	119.8559385	-87.73331952
87.76489267	-119.841753	119.841753	-87.76489267
87.79580319	-119.8267283	119.8267283	-87.79580319
87.82605587	-119.8108662	119.8108662	-87.82605587
87.85567078	-119.794185	119.794185	-87.85567078
87.88468029	-119.7767163	119.7767163	-87.88468029
87.91312532	-119.7585008	119.7585008	-87.91312532
87.94105123	-119.7395842	119.7395842	-87.94105123
87.96850392	-119.7200128	119.7200128	-87.96850392
87.99552621	-119.6998296	119.6998296	-87.99552621
88.02215503	-119.6790714	119.6790714	-88.02215503
88.04841944	-119.6577664	119.6577664	-88.04841944
88.07433961	-119.6359333	119.6359333	-88.07433961
88.09992668	-119.6135812	119.6135812	-88.09992668
88.12518356	-119.5907101	119.5907101	-88.12518356
88.15010627	-119.5673127	119.5673127	-88.15010627
88.17468586	-119.5433764	119.5433764	-88.17468586
88.1989105	-119.5188854	119.5188854	-88.1989105
88.22276761	-119.4938229	119.4938229	-88.22276761
88.2462458	-119.4681736	119.4681736	-88.2462458
88.26933649	-119.4419252	119.4419252	-88.26933649
88.29203509	-119.4150694	119.4150694	-88.29203509
88.31434163	-119.3876032	119.3876032	-88.31434163
88.33626099	-119.3595286	119.3595286	-88.33626099
88.3578025	-119.3308525	119.3308525	-88.3578025
88.37897937	-119.3015859	119.3015859	-88.37897937
88.39980764	-119.271743	119.271743	-88.39980764
88.42030513	-119.2413398	119.2413398	-88.42030513
88.44049028	-119.210393	119.210393	-88.44049028
88.46038105	-119.1789189	119.1789189	-88.46038105
88.47999405	-119.1469323	119.1469323	-88.47999405
88.49934386	-119.1144457	119.1144457	-88.49934386
88.5184426	-119.081469	119.081469	-88.5184426
88.53729979	-119.0480096	119.0480096	-88.53729979
88.55592249	-119.0140719	119.0140719	-88.55592249
88.57431564	-118.9796581	118.9796581	-88.57431564
88.5924825	-118.9447686	118.9447686	-88.5924825
88.6104253	-118.9094028	118.9094028	-88.6104253
88.62814579	-118.8735594	118.8735594	-88.62814579
88.64564592	-118.8372374	118.8372374	-88.64564592
88.66292824	-118.8004365	118.8004365	-88.66292824
88.67999639	-118.7631573	118.7631573	-88.67999639
88.69685527	-118.7254021	118.7254021	-88.69685527
88.71351121	-118.6871744	118.6871744	-88.71351121
88.72997185	-118.6484796	118.6484796	-88.72997185
88.74624607	-118.6093238	118.6093238	-88.74624607
88.76234367	-118.5697147	118.5697147	-88.76234367
88.77827508	-118.5296601	118.5296601	-88.77827508
88.79405104	-118.4891688	118.4891688	-88.79405104
88.80968225	-118.4482489	118.4482489	-88.80968225
88.82517913	-118.4069086	118.4069086	-88.82517913
88.84055153	-118.3651555	118.3651555	-88.84055153
88.85580865	-118.3229963	118.3229963	-88.85580865
88.87095892	-118.2804369	118.2804369	-88.87095892
88.88601004	-118.2374827	118.2374827	-88.88601004
88.90096904	-118.1941379	118.1941379	-88.90096904
88.91584242	-118.1504066	118.1504066	-88.91584242
88.93063628	-118.1062921	118.1062921	-88.93063628
88.94535657	-118.0617978	118.0617978	-88.94535657
88.96000917	-118.0169269	118.0169269	-88.96000917
88.97460015	-117.9716828	117.9716828	-88.97460015
88.98913581	-117.9260691	117.9260691	-88.98913581
89.00362283	-117.8800899	117.8800899	-89.00362283
89.01806828	-117.8337498	117.8337498	-89.01806828
89.03247964	-117.7870536	117.7870536	-89.03247964
89.04686477	-117.7400067	117.7400067	-89.04686477
89.06123182	-117.6926148	117.6926148	-89.06123182
89.07558915	-117.6448836	117.6448836	-89.07558915
89.08994528	-117.5968194	117.5968194	-89.08994528
89.10430872	-117.5484281	117.5484281	-89.10430872
89.11868794	-117.4997156	117.4997156	-89.11868794
89.13309127	-117.450688	117.450688	-89.13309127
89.14752684	-117.4013508	117.4013508	-89.14752684
89.16200259	-117.3517095	117.3517095	-89.16200259
89.17652622	-117.3017691	117.3017691	-89.17652622
89.19110523	-117.2515348	117.2515348	-89.19110523
89.20574696	-117.2010112	117.2010112	-89.20574696
89.22045861	-117.1502031	117.1502031	-89.22045861
89.23524731	-117.0991149	117.0991149	-89.23524731
89.25012015	-117.0477512	117.0477512	-89.25012015
89.26508426	-116.9961166	116.9961166	-89.26508426
89.28014684	-116.9442157	116.9442157	-89.28014684
89.29531517	-116.8920531	116.8920531	-89.29531517
89.31059667	-116.8396339	116.8396339	-89.31059667
89.32599884	-116.7869628	116.7869628	-89.32599884
89.34152934	-116.7340451	116.7340451	-89.34152934
89.35719589	-116.680886	116.680886	-89.35719589
89.37300631	-116.6274908	116.6274908	-89.37300631
89.38896844	-116.5738647	116.5738647	-89.38896844
89.40509016	-116.5200131	116.5200131	-89.40509016
89.42137932	-116.4659415	116.4659415	-89.42137932
89.43784377	-116.411655	116.411655	-89.43784377
89.45449129	-116.357159	116.357159	-89.45449129
89.47132959	-116.3024587	116.3024587	-89.47132959
89.48836633	-116.2475592	116.2475592	-89.48836633
89.5056091	-116.1924655	116.1924655	-89.5056091
89.52306545	-116.1371827	116.1371827	-89.52306545
89.54074287	-116.0817157	116.0817157	-89.54074287
89.55864883	-116.0260694	116.0260694	-89.55864883
89.57679078	-115.9702488	115.9702488	-89.57679078
89.5951762	-115.9142587	115.9142587	-89.5951762
89.61381254	-115.8581042	115.8581042	-89.61381254
89.63270732	-115.80179	115.80179	-89.63270732
89.65186805	-115.7453213	115.7453213	-89.65186805
89.67130231	-115.6887031	115.6887031	-89.67130231
89.6910177	-115.6319404	115.6319404	-89.6910177
89.71102185	-115.5750383	115.5750383	-89.71102185
89.73132242	-115.518002	115.518002	-89.73132242
89.75192707	-115.4608366	115.4608366	-89.75192707
89.77284348	-115.4035473	115.4035473	-89.77284348
89.79407934	-115.3461391	115.3461391	-89.79407934
89.81564233	-115.2886173	115.2886173	-89.81564233
89.83754009	-115.230987	115.230987	-89.83754009
89.85978027	-115.1732532	115.1732532	-89.85978027
89.8823705	-115.1154212	115.1154212	-89.8823705
89.90531839	-115.0574958	115.0574958	-89.90531839
89.92863152	-114.9994824	114.9994824	-89.92863152
89.95231747	-114.9413857	114.9413857	-89.95231747
89.9763838	-114.8832109	114.8832109	-89.9763838
90.00083808	-114.8249631	114.8249631	-90.00083808
90.02568786	-114.7666471	114.7666471	-90.02568786
90.05094071	-114.7082681	114.7082681	-90.05094071
90.07660419	-114.6498311	114.6498311	-90.07660419
90.10268589	-114.5913411	114.5913411	-90.10268589
90.12919339	-114.5328032	114.5328032	-90.12919339
90.15613429	-114.4742224	114.4742224	-90.15613429
90.18351619	-114.4156038	114.4156038	-90.18351619
90.21134672	-114.3569525	114.3569525	-90.21134672
90.23963349	-114.2982736	114.2982736	-90.23963349
90.26838413	-114.2395722	114.2395722	-90.26838413
90.29760626	-114.1808533	114.1808533	-90.29760626
90.32730751	-114.1221221	114.1221221	-90.32730751
90.35749549	-114.0633837	114.0633837	-90.35749549
90.38817783	-114.004643	114.004643	-90.38817783
90.41936213	-113.9459053	113.9459053	-90.41936213
90.451056	-113.8871756	113.8871756	-90.451056
90.48326705	-113.8284588	113.8284588	-90.48326705
90.51600287	-113.7697602	113.7697602	-90.51600287
90.54927114	-113.7110847	113.7110847	-90.54927114
90.58307971	-113.6524371	113.6524371	-90.58307971
90.61743695	-113.593822	113.593822	-90.61743695
90.65235241	-113.535243	113.535243	-90.65235241
90.68783793	-113.4767019	113.4767019	-90.68783793
90.72390924	-113.4181979	113.4181979	-90.72390924
90.76058821	-113.3597256	113.3597256	-90.76058821
90.79790529	-113.3012729	113.3012729	-90.79790529
90.8359023	-113.2428195	113.2428195	-90.8359023
90.87463481	-113.1843345	113.1843345	-90.87463481
90.91417403	-113.1257752	113.1257752	-90.91417403
90.95460766	-113.0670857	113.0670857	-90.95460766
90.99603949	-113.0081976	113.0081976	-90.99603949
91.03858754	-112.9490309	112.9490309	-91.03858754
91.08238081	-112.8894957	112.8894957	-91.08238081
91.12755467	-112.8294961	112.8294961	-91.12755467
91.17424539	-112.7689333	112.7689333	-91.17424539
91.22258407	-112.7077106	112.7077106	-91.22258407
91.27269064	-112.6457372	112.6457372	-91.27269064
91.32466829	-112.5829328	112.5829328	-91.32466829
91.3785989	-112.5192307	112.5192307	-91.3785989
91.43453986	-112.4545808	112.4545808	-91.43453986
91.49252239	-112.3889506	112.3889506	-91.49252239
91.55255168	-112.3223258	112.3223258	-91.55255168
91.61460862	-112.2547094	112.2547094	-91.61460862
91.6786529	-112.1861193	112.1861193	-91.6786529
91.74462738	-112.1165861	112.1165861	-91.74462738
91.81246303	-112.0461492	112.0461492	-91.81246303
91.8820843	-111.9748532	111.9748532	-91.8820843
91.95341428	-111.9027445	111.9027445	-91.95341428
92.02637929	-111.8298678	111.8298678	-92.02637929
92.10091276	-111.7562632	111.7562632	-92.10091276
92.17695791	-111.6819642	111.6819642	-92.17695791
92.25446933	-111.6069968	111.6069968	-92.25446933
92.33341342	-111.5313785	111.5313785	-92.33341342
92.41376767	-111.455119	111.455119	-92.41376767
92.49551913	-111.378221	111.378221	-92.49551913
92.57866216	-111.3006819	111.3006819	-92.57866216
92.66319591	-111.2224952	111.2224952	-92.66319591
92.74912152	-111.143653	111.143653	-92.74912152
92.83643963	-111.0641471	111.0641471	-92.83643963
92.92514812	-110.9839712	110.9839712	-92.92514812
93.01524046	-110.9031218	110.9031218	-93.01524046
93.10670456	-110.8215992	110.8215992	-93.10670456
93.19952236	-110.7394078	110.7394078	-93.19952236
93.2936699	-110.6565564	110.6565564	-93.2936699
93.38911807	-110.5730572	110.5730572	-93.38911807
93.48583357	-110.4889257	110.4889257	-93.48583357
93.58378029	-110.4041794	110.4041794	-93.58378029
93.68292069	-110.3188372	110.3188372	-93.68292069
93.78321719	-110.232918	110.232918	-93.78321719
93.88463342	-110.14644	110.14644	-93.88463342
93.98713516	-110.0594201	110.0594201	-93.98713516
94.09069101	-109.9718732	109.9718732	-94.09069101
94.19527272	-109.8838121	109.8838121	-94.19527272
94.30085521	-109.7952474	109.7952474	-94.30085521
94.40741623	-109.7061874	109.7061874	-94.40741623
94.51493587	-109.616639	109.616639	-94.51493587
94.62339589	-109.5266077	109.5266077	-94.62339589
94.73277893	-109.4360983	109.4360983	-94.73277893
94.84306779	-109.3451153	109.3451153	-94.84306779
94.95424478	-109.2536637	109.2536637	-94.95424478
95.06629108	-109.1617491	109.1617491	-95.06629108
95.17918645	-109.0693779	109.0693779	-95.17918645
95.29290895	-108.9765578	108.9765578	-95.29290895
95.40743496	-108.8832979	108.8832979	-95.40743496
95.52273926	-108.7896081	108.7896081	-95.52273926
95.63879532	-108.6954994	108.6954994	-95.63879532
95.75557567	-108.6009836	108.6009836	-95.75557567
95.87305225	-108.5060728	108.5060728	-95.87305225
95.99119687	-108.4107794	108.4107794	-95.99119687
96.10998154	-108.3151155	108.3151155	-96.10998154
96.22937882	-108.219093	108.219093	-96.22937882
96.34936201	-108.1227234	108.1227234	-96.34936201
96.46990532	-108.0260173	108.0260173	-96.46990532
96.59098388	-107.9289848	107.9289848	-96.59098388
96.71257367	-107.8316355	107.8316355	-96.71257367
96.83465144	-107.7339783	107.7339783	-96.83465144
96.95719447	-107.6360218	107.6360218	-96.95719447
97.0801804	-107.5377741	107.5377741	-97.0801804
97.20358698	-107.4392435	107.4392435	-97.20358698
97.32739189	-107.3404381	107.3404381	-97.32739189
97.45157254	-107.2413662	107.2413662	-97.45157254
97.57610595	-107.1420366	107.1420366	-97.57610595
97.70096867	-107.0424581	107.0424581	-97.70096867
97.82613674	-106.94264	106.94264	-97.82613674
97.95158573	-106.8425919	106.8425919	-97.95158573
98.07729078	-106.7423238	106.7423238	-98.07729078
98.20322642	-106.641846	106.641846	-98.20322642