95	-105.2	105.2	-95
95.21535556	-105.2549602	105.2549602	-95.21535556
95.42151111	-105.3139266	105.3139266	-95.42151111
95.6186	-105.3767537	105.3767537	-95.6186
95.80675556	-105.4432956	105.4432956	-95.80675556
95.98611111	-105.5134068	105.5134068	-95.98611111
96.1568	-105.5869414	105.5869414	-96.1568
96.31895556	-105.6637538	105.6637538	-96.31895556
96.47271111	-105.7436983	105.7436983	-96.47271111
96.6182	-105.8266292	105.8266292	-96.6182
96.75555556	-105.9124007	105.9124007	-96.75555556
96.88491111	-106.0008673	106.0008673	-96.88491111
97.0064	-106.0918832	106.0918832	-97.0064
97.12015556	-106.1853026	106.1853026	-97.12015556
97.22631111	-106.2809799	106.2809799	-97.22631111
97.325	-106.3787695	106.3787695	-97.325
97.41635556	-106.4785255	106.4785255	-97.41635556
97.50051111	-106.5801023	106.5801023	-97.50051111
97.5776	-106.6833542	106.6833542	-97.5776
97.64775556	-106.7881356	106.7881356	-97.64775556
97.71111111	-106.8943006	106.8943006	-97.71111111
97.7678	-107.0017036	107.0017036	-97.7678
97.81795556	-107.1101989	107.1101989	-97.81795556
97.86171111	-107.2196408	107.2196408	-97.86171111
97.8992	-107.3298835	107.3298835	-97.8992
97.93055556	-107.4407815	107.4407815	-97.93055556
97.95591111	-107.552189	107.552189	-97.95591111
97.9754	-107.6639603	107.6639603	-97.9754
97.98915556	-107.7759497	107.7759497	-97.98915556
97.99731111	-107.8880115	107.8880115	-97.99731111
98	-108	108	-98
97.99061538	-108.1117695	108.1117695	-97.99061538
97.96338462	-108.2231743	108.2231743	-97.96338462
97.91969231	-108.3340687	108.3340687	-97.91969231
97.86092308	-108.444307	108.444307	-97.86092308
97.78846154	-108.5537435	108.5537435	-97.78846154
97.70369231	-108.6622325	108.6622325	-97.70369231
97.608	-108.7696283	108.7696283	-97.608
97.50276923	-108.8757853	108.8757853	-97.50276923
97.38938462	-108.9805576	108.9805576	-97.38938462
97.26923077	-109.0837996	109.0837996	-97.26923077
97.14369231	-109.1853657	109.1853657	-97.14369231
97.01415385	-109.28511	109.28511	-97.01415385
96.882	-109.382887	109.382887	-96.882
96.74861538	-109.4785509	109.4785509	-96.74861538
96.61538462	-109.5719559	109.5719559	-96.61538462
96.48369231	-109.6629565	109.6629565	-96.48369231
96.35492308	-109.7514069	109.7514069	-96.35492308
96.23046154	-109.8371614	109.8371614	-96.23046154
96.11169231	-109.9200744	109.9200744	-96.11169231
96	-110	110	-96
95.89247086	-110.0768569	110.0768569	-95.89247086
95.78523464	-110.1508207	110.1508207	-95.78523464
95.67824123	-110.2221312	110.2221312	-95.67824123
95.5714405	-110.2910283	110.2910283	-95.5714405
95.46478232	-110.3577519	110.3577519	-95.46478232
95.35821659	-110.4225417	110.4225417	-95.35821659
95.25169317	-110.4856377	110.4856377	-95.25169317
95.14516195	-110.5472798	110.5472798	-95.14516195
95.03857281	-110.6077077	110.6077077	-95.03857281
94.93187561	-110.6671614	110.6671614	-94.93187561
94.82502026	-110.7258807	110.7258807	-94.82502026
94.71795661	-110.7841054	110.7841054	-94.71795661
94.61063455	-110.8420755	110.8420755	-94.61063455
94.50300397	-110.9000308	110.9000308	-94.50300397
94.39501473	-110.958211	110.958211	-94.39501473
94.28661672	-111.0168562	111.0168562	-94.28661672
94.17775982	-111.0762062	111.0762062	-94.17775982
94.0683939	-111.1365007	111.1365007	-94.0683939
93.95846884	-111.1979798	111.1979798	-93.95846884
93.84793453	-111.2608831	111.2608831	-93.84793453
93.73674084	-111.3254507	111.3254507	-93.73674084
93.62483766	-111.3919223	111.3919223	-93.62483766
93.51217485	-111.4605378	111.4605378	-93.51217485
93.3987023	-111.5315371	111.5315371	-93.3987023
93.28436989	-111.60516	111.60516	-93.28436989
93.16912749	-111.6816464	111.6816464	-93.16912749
93.05292499	-111.7612362	111.7612362	-93.05292499
92.93571226	-111.8441691	111.8441691	-92.93571226
92.81743919	-111.9306852	111.9306852	-92.81743919
92.69805565	-112.0210241	112.0210241	-92.69805565
92.57751152	-112.1154259	112.1154259	-92.57751152
92.45575667	-112.2141302	112.2141302	-92.45575667
92.332741	-112.3173771	112.3173771	-92.332741
92.20841438	-112.4254063	112.4254063	-92.20841438
92.08272668	-112.5384578	112.5384578	-92.08272668
91.95562778	-112.6567713	112.6567713	-91.95562778
91.82706757	-112.7805868	112.7805868	-91.82706757
91.69699593	-112.9101441	112.9101441	-91.69699593
91.56536272	-113.045683	113.045683	-91.56536272
91.43211784	-113.1874434	113.1874434	-91.43211784
91.29721116	-113.3356652	113.3356652	-91.29721116
91.16059255	-113.4905883	113.4905883	-91.16059255
91.0222119	-113.6524524	113.6524524	-91.0222119
90.88201909	-113.8214975	113.8214975	-90.88201909
90.73996399	-113.9979634	113.9979634	-90.73996399
90.59599649	-114.1820899	114.1820899	-90.59599649
90.45006646	-114.374117	114.374117	-90.45006646
90.30212378	-114.5742845	114.5742845	-90.30212378
90.15211834	-114.7828322	114.7828322	-90.15211834
90	-115	115	-90
89.83957002	-115.2258532	115.2258532	-89.83957002
89.66544625	-115.4597589	115.4597589	-89.66544625
89.4788035	-115.7009096	115.7009096	-89.4788035
89.28081658	-115.9484977	115.9484977	-89.28081658
89.07266027	-116.2017159	116.2017159	-89.07266027
88.85550939	-116.4597565	116.4597565	-88.85550939
88.63053873	-116.7218122	116.7218122	-88.63053873
88.3989231	-116.9870753	116.9870753	-88.3989231
88.1618373	-117.2547385	117.2547385	-88.1618373
87.92045613	-117.5239942	117.5239942	-87.92045613
87.67595439	-117.794035	117.794035	-87.67595439
87.42950688	-118.0640533	118.0640533	-87.42950688
87.18228842	-118.3332416	118.3332416	-87.18228842
86.93547379	-118.6007925	118.6007925	-86.93547379
86.6902378	-118.8658984	118.8658984	-86.6902378
86.44775525	-119.1277519	119.1277519	-86.44775525
86.20920095	-119.3855455	119.3855455	-86.20920095
85.97574969	-119.6384717	119.6384717	-85.97574969
85.74857628	-119.885723	119.885723	-85.74857628
85.52885551	-120.1264919	120.1264919	-85.52885551
85.3177622	-120.3599708	120.3599708	-85.3177622
85.11647114	-120.5853524	120.5853524	-85.11647114
84.92615714	-120.8018291	120.8018291	-84.92615714
84.74799499	-121.0085935	121.0085935	-84.74799499
84.5831595	-121.2048379	121.2048379	-84.5831595
84.43282548	-121.389755	121.389755	-84.43282548
84.29816771	-121.5625373	121.5625373	-84.29816771
84.18036101	-121.7223772	121.7223772	-84.18036101
84.08058017	-121.8684673	121.8684673	-84.08058017
84	-122	122	-84
84.08300296	-121.9224447	121.9224447	-84.08300296
84.16409249	-121.8459854	121.8459854	-84.16409249
84.24327632	-121.7706101	121.7706101	-84.24327632
84.32056218	-121.6963068	121.6963068	-84.32056218
84.39595777	-121.6230636	121.6230636	-84.39595777
84.46947083	-121.5508685	121.5508685	-84.46947083
84.54110907	-121.4797096	121.4797096	-84.54110907
84.61088022	-121.4095748	121.4095748	-84.61088022
84.678792	-121.3404524	121.3404524	-84.678792
84.74485213	-121.2723302	121.2723302	-84.74485213
84.80906834	-121.2051963	121.2051963	-84.80906834
84.87144834	-121.1390389	121.1390389	-84.87144834
84.93199986	-121.0738459	121.0738459	-84.93199986
84.99073062	-121.0096053	121.0096053	-84.99073062
85.04764834	-120.9463053	120.9463053	-85.04764834
85.10276074	-120.8839338	120.8839338	-85.10276074
85.15607555	-120.8224789	120.8224789	-85.15607555
85.20760049	-120.7619286	120.7619286	-85.20760049
85.25734328	-120.7022711	120.7022711	-85.25734328
85.30531164	-120.6434942	120.6434942	-85.30531164
85.3515133	-120.5855862	120.5855862	-85.3515133
85.39595597	-120.5285349	120.5285349	-85.39595597
85.43864737	-120.4723286	120.4723286	-85.43864737
85.47959524	-120.4169551	120.4169551	-85.47959524
85.51880729	-120.3624026	120.3624026	-85.51880729
85.55629125	-120.308659	120.308659	-85.55629125
85.59205483	-120.2557125	120.2557125	-85.59205483
85.62610575	-120.2035511	120.2035511	-85.62610575
85.65845175	-120.1521628	120.1521628	-85.65845175
85.68910054	-120.1015356	120.1015356	-85.68910054
85.71805984	-120.0516577	120.0516577	-85.71805984
85.74533738	-120.002517	120.002517	-85.74533738
85.77094088	-119.9541016	119.9541016	-85.77094088
85.79487806	-119.9063996	119.9063996	-85.79487806
85.81715664	-119.8593989	119.8593989	-85.81715664
85.83778434	-119.8130877	119.8130877	-85.83778434
85.85676889	-119.7674539	119.7674539	-85.85676889
85.87411801	-119.7224857	119.7224857	-85.87411801
85.88983942	-119.678171	119.678171	-85.88983942
85.90394084	-119.6344979	119.6344979	-85.90394084
85.91642999	-119.5914544	119.5914544	-85.91642999
85.9273146	-119.5490287	119.5490287	-85.9273146
85.93660239	-119.5072086	119.5072086	-85.93660239
85.94430108	-119.4659823	119.4659823	-85.94430108
85.95041839	-119.4253379	119.4253379	-85.95041839
85.95496204	-119.3852633	119.3852633	-85.95496204
85.95793976	-119.3457466	119.3457466	-85.95793976
85.95935927	-119.3067759	119.3067759	-85.95935927
85.95922829	-119.2683391	119.2683391	-85.95922829
85.95755454	-119.2304244	119.2304244	-85.95755454
85.95434575	-119.1930198	119.1930198	-85.95434575
85.94960963	-119.1561133	119.1561133	-85.94960963
85.94335391	-119.1196929	119.1196929	-85.94335391
85.93558631	-119.0837468	119.0837468	-85.93558631
85.92631455	-119.0482629	119.0482629	-85.92631455
85.91554636	-119.0132293	119.0132293	-85.91554636
85.90328945	-118.9786341	118.9786341	-85.90328945
85.88955155	-118.9444652	118.9444652	-85.88955155
85.87434038	-118.9107108	118.9107108	-85.87434038
85.85766366	-118.8773588	118.8773588	-85.85766366
85.83952912	-118.8443973	118.8443973	-85.83952912
85.81994447	-118.8118144	118.8118144	-85.81994447
85.79891745	-118.7795981	118.7795981	-85.79891745
85.77645576	-118.7477364	118.7477364	-85.77645576
85.75256713	-118.7162175	118.7162175	-85.75256713
85.72725929	-118.6850292	118.6850292	-85.72725929
85.70053996	-118.6541597	118.6541597	-85.70053996
85.67241685	-118.6235971	118.6235971	-85.67241685
85.64289769	-118.5933293	118.5933293	-85.64289769
85.61199021	-118.5633444	118.5633444	-85.61199021
85.57970212	-118.5336305	118.5336305	-85.57970212
85.54604115	-118.5041755	118.5041755	-85.54604115
85.51101501	-118.4749676	118.4749676	-85.51101501
85.47463144	-118.4459948	118.4459948	-85.47463144
85.43689815	-118.417245	118.417245	-85.43689815
85.39782286	-118.3887065	118.3887065	-85.39782286
85.3574133	-118.3603671	118.3603671	-85.3574133
85.31567719	-118.332215	118.332215	-85.31567719
85.27262224	-118.3042382	118.3042382	-85.27262224
85.22825619	-118.2764248	118.2764248	-85.22825619
85.18258676	-118.2487627	118.2487627	-85.18258676
85.13562166	-118.2212401	118.2212401	-85.13562166
85.08736862	-118.1938449	118.1938449	-85.08736862
85.03783536	-118.1665652	118.1665652	-85.03783536
84.9870296	-118.1393891	118.1393891	-84.9870296
84.93495907	-118.1123046	118.1123046	-84.93495907
84.88163148	-118.0852997	118.0852997	-84.88163148
84.82705456	-118.0583625	118.0583625	-84.82705456
84.77123604	-118.0314811	118.0314811	-84.77123604
84.71418362	-118.0046434	118.0046434	-84.71418362
84.65590504	-117.9778376	117.9778376	-84.65590504
84.59640802	-117.9510516	117.9510516	-84.59640802
84.53570027	-117.9242735	117.9242735	-84.53570027
84.47378953	-117.8974913	117.8974913	-84.47378953
84.4106835	-117.8706932	117.8706932	-84.4106835
84.34638993	-117.843867	117.843867	-84.34638993
84.28091651	-117.817001	117.817001	-84.28091651
84.21427099	-117.7900831	117.7900831	-84.21427099
84.14646108	-117.7631013	117.7631013	-84.14646108
84.0774945	-117.7360438	117.7360438	-84.0774945
84.00737898	-117.7088985	117.7088985	-84.00737898
83.93612223	-117.6816535	117.6816535	-83.93612223
83.86373198	-117.6542968	117.6542968	-83.86373198
83.79021595	-117.6268165	117.6268165	-83.79021595
83.71558186	-117.5992007	117.5992007	-83.71558186
83.63983744	-117.5714373	117.5714373	-83.63983744
83.56299041	-117.5435144	117.5435144	-83.56299041
83.48504848	-117.5154201	117.5154201	-83.48504848
83.40601939	-117.4871424	117.4871424	-83.40601939
83.32591085	-117.4586693	117.4586693	-83.32591085
83.24473058	-117.4299889	117.4299889	-83.24473058
83.16248631	-117.4010893	117.4010893	-83.16248631
83.07918575	-117.3719584	117.3719584	-83.07918575
82.99483664	-117.3425843	117.3425843	-82.99483664
82.90944669	-117.3129551	117.3129551	-82.90944669
82.82302363	-117.2830588	117.2830588	-82.82302363
82.73557517	-117.2528835	117.2528835	-82.73557517
82.64710904	-117.2224171	117.2224171	-82.64710904
82.55763297	-117.1916478	117.1916478	-82.55763297
82.46715466	-117.1605635	117.1605635	-82.46715466
82.37568185	-117.1291524	117.1291524	-82.37568185
82.28322226	-117.0974025	117.0974025	-82.28322226
82.1897836	-117.0653017	117.0653017	-82.1897836
82.09537361	-117.0328382	117.0328382	-82.09537361
82	-117	117	-82
81.90367049	-116.9667751	116.9667751	-81.90367049
81.80639282	-116.9331517	116.9331517	-81.80639282
81.70817469	-116.8991176	116.8991176	-81.70817469
81.60902383	-116.864661	116.864661	-81.60902383
81.50894796	-116.8297699	116.8297699	-81.50894796
81.40795481	-116.7944324	116.7944324	-81.40795481
81.30605209	-116.7586365	116.7586365	-81.30605209
81.20324754	-116.7223702	116.7223702	-81.20324754
81.09954886	-116.6856216	116.6856216	-81.09954886
80.99496379	-116.6483788	116.6483788	-80.99496379
80.88950005	-116.6106297	116.6106297	-80.88950005
80.78316535	-116.5723624	116.5723624	-80.78316535
80.67596742	-116.533565	116.533565	-80.67596742
80.56791398	-116.4942255	116.4942255	-80.56791398
80.45901275	-116.454332	116.454332	-80.45901275
80.34927146	-116.4138724	116.4138724	-80.34927146
80.23869782	-116.3728349	116.3728349	-80.23869782
80.12729957	-116.3312074	116.3312074	-80.12729957
80.01508441	-116.2889781	116.2889781	-80.01508441
79.90206008	-116.246135	116.246135	-79.90206008
79.78823429	-116.202666	116.202666	-79.78823429
79.67361477	-116.1585593	116.1585593	-79.67361477
79.55820924	-116.1138029	116.1138029	-79.55820924
79.44202542	-116.0683848	116.0683848	-79.44202542
79.32507104	-116.0222932	116.0222932	-79.32507104
79.20735381	-115.9755159	115.9755159	-79.20735381
79.08888145	-115.9280411	115.9280411	-79.08888145
78.9696617	-115.8798568	115.8798568	-78.9696617
78.84970226	-115.8309511	115.8309511	-78.84970226
78.72901087	-115.781312	115.781312	-78.72901087
78.60759525	-115.7309275	115.7309275	-78.60759525
78.48546311	-115.6797857	115.6797857	-78.48546311
78.36262218	-115.6278747	115.6278747	-78.36262218
78.23908018	-115.5751824	115.5751824	-78.23908018
78.11484484	-115.5216969	115.5216969	-78.11484484
77.98992387	-115.4674063	115.4674063	-77.98992387
77.86432499	-115.4122986	115.4122986	-77.86432499
77.73805594	-115.3563619	115.3563619	-77.73805594
77.61112443	-115.2995841	115.2995841	-77.61112443
77.48353818	-115.2419534	115.2419534	-77.48353818
77.35530492	-115.1834578	115.1834578	-77.35530492
77.22643236	-115.1240852	115.1240852	-77.22643236
77.09692823	-115.0638239	115.0638239	-77.09692823
76.96680026	-115.0026617	115.0026617	-76.96680026
76.83605615	-114.9405868	114.9405868	-76.83605615
76.70470365	-114.8775872	114.8775872	-76.70470365
76.57275046	-114.813651	114.813651	-76.57275046
76.44020431	-114.7487661	114.7487661	-76.44020431
76.30707292	-114.6829206	114.6829206	-76.30707292
76.17336401	-114.6161026	114.6161026	-76.17336401
76.03908531	-114.5483002	114.5483002	-76.03908531
75.90424454	-114.4795012	114.4795012	-75.90424454
75.76884941	-114.4096939	114.4096939	-75.76884941
75.63290766	-114.3388663	114.3388663	-75.63290766
75.496427	-114.2670063	114.2670063	-75.496427
75.35941516	-114.194102	114.194102	-75.35941516
75.22187985	-114.1201415	114.1201415	-75.22187985
75.0838288	-114.0451129	114.0451129	-75.0838288
74.94526974	-113.9690041	113.9690041	-74.94526974
74.80621037	-113.8918032	113.8918032	-74.80621037
74.66665844	-113.8134982	113.8134982	-74.66665844
74.52662165	-113.7340773	113.7340773	-74.52662165
74.38610773	-113.6535283	113.6535283	-74.38610773
74.2451244	-113.5718395	113.5718395	-74.2451244
74.10367938	-113.4889988	113.4889988	-74.10367938
73.9617804	-113.4049942	113.4049942	-73.9617804
73.81943518	-113.3198139	113.3198139	-73.81943518
73.67665144	-113.2334458	113.2334458	-73.67665144
73.5334369	-113.145878	113.145878	-73.5334369
73.38979928	-113.0570985	113.0570985	-73.38979928
73.24574631	-112.9670954	112.9670954	-73.24574631
73.1012857	-112.8758568	112.8758568	-73.1012857
72.95642519	-112.7833706	112.7833706	-72.95642519
72.81117248	-112.6896249	112.6896249	-72.81117248
72.66553531	-112.5946078	112.5946078	-72.66553531
72.5195214	-112.4983073	112.4983073	-72.5195214
72.37313846	-112.4007114	112.4007114	-72.37313846
72.22639422	-112.3018083	112.3018083	-72.22639422
72.07929641	-112.2015858	112.2015858	-72.07929641
71.93185274	-112.1000321	112.1000321	-71.93185274
71.78407093	-111.9971353	111.9971353	-71.78407093
71.63595871	-111.8928833	111.8928833	-71.63595871
71.4875238	-111.7872642	111.7872642	-71.4875238
71.33877392	-111.680266	111.680266	-71.33877392
71.1897168	-111.5718769	111.5718769	-71.1897168
71.04036015	-111.4620848	111.4620848	-71.04036015
70.8907117	-111.3508777	111.3508777	-70.8907117
70.74077917	-111.2382438	111.2382438	-70.74077917
70.59057028	-111.1241711	111.1241711	-70.59057028
70.44009275	-111.0086475	111.0086475	-70.44009275
70.28935431	-110.8916612	110.8916612	-70.28935431
70.13836268	-110.7732002	110.7732002	-70.13836268
69.98712558	-110.6532526	110.6532526	-69.98712558
69.83565073	-110.5318063	110.5318063	-69.83565073
69.68394585	-110.4088494	110.4088494	-69.68394585
69.53201867	-110.2843701	110.2843701	-69.53201867
69.37987691	-110.1583562	110.1583562	-69.37987691
69.22752828	-110.0307959	110.0307959	-69.22752828
69.07498052	-109.9016772	109.9016772	-69.07498052
68.92224134	-109.7709881	109.7709881	-68.92224134
68.76931847	-109.6387167	109.6387167	-68.76931847
68.61621962	-109.5048511	109.5048511	-68.61621962
68.46295253	-109.3693792	109.3693792	-68.46295253
68.30952491	-109.2322892	109.2322892	-68.30952491
68.15594448	-109.093569	109.093569	-68.15594448
68.00221896	-108.9532067	108.9532067	-68.00221896
67.84835609	-108.8111904	108.8111904	-67.84835609
67.69436357	-108.667508	108.667508	-67.69436357
67.54024914	-108.5221477	108.5221477	-67.54024914
67.38602051	-108.3750975	108.3750975	-67.38602051
67.2316854	-108.2263453	108.2263453	-67.2316854
67.07725155	-108.0758794	108.0758794	-67.07725155
66.92272658	-107.9236883	107.9236883	-66.92272658
66.76811634	-107.7697746	107.7697746	-66.76811634
66.61342484	-107.6141549	107.6141549	-66.61342484
66.45865604	-107.4568464	107.4568464	-66.45865604
66.30381386	-107.2978664	107.2978664	-66.30381386
66.14890226	-107.137232	107.137232	-66.14890226
65.99392518	-106.9749603	106.9749603	-65.99392518
65.83888655	-106.8110687	106.8110687	-65.83888655
65.68379033	-106.6455742	106.6455742	-65.68379033
65.52864046	-106.4784942	106.4784942	-65.52864046
65.37344088	-106.3098457	106.3098457	-65.37344088
65.21819553	-106.139646	106.139646	-65.21819553
65.06290836	-105.9679122	105.9679122	-65.06290836
64.9075833	-105.7946617	105.7946617	-64.9075833
64.75222431	-105.6199114	105.6199114	-64.75222431
64.59683532	-105.4436788	105.4436788	-64.59683532
64.44142028	-105.2659809	105.2659809	-64.44142028
64.28598313	-105.0868349	105.0868349	-64.28598313
64.13052782	-104.906258	104.906258	-64.13052782
63.97505828	-104.7242675	104.7242675	-63.97505828
63.81957846	-104.5408805	104.5408805	-63.81957846
63.66409231	-104.3561143	104.3561143	-63.66409231
63.50860376	-104.1699859	104.1699859	-63.50860376
63.35311677	-103.9825127	103.9825127	-63.35311677
63.19763526	-103.7937118	103.7937118	-63.19763526
63.04216319	-103.6036003	103.6036003	-63.04216319
62.8867045	-103.4121956	103.4121956	-62.8867045
62.73126313	-103.2195148	103.2195148	-62.73126313
62.57584302	-103.025575	103.025575	-62.57584302
62.42044813	-102.8303935	102.8303935	-62.42044813
62.26508238	-102.6339875	102.6339875	-62.26508238
62.10974973	-102.4363741	102.4363741	-62.10974973
61.95445411	-102.2375706	102.2375706	-61.95445411
61.79919947	-102.0375942	102.0375942	-61.79919947
61.64398976	-101.836462	101.836462	-61.64398976
61.48882891	-101.6341913	101.6341913	-61.48882891
61.33372088	-101.4307992	101.4307992	-61.33372088
61.17866959	-101.2263029	101.2263029	-61.17866959
61.023679	-101.0207197	101.0207197	-61.023679
60.86875304	-100.8140667	100.8140667	-60.86875304
60.71389567	-100.6063611	100.6063611	-60.71389567
60.55911082	-100.3976201	100.3976201	-60.55911082
60.40440244	-100.187861	100.187861	-60.40440244
60.24977447	-99.9771008	99.9771008	-60.24977447
60.09523085	-99.76535684	99.76535684	-60.09523085
59.94077553	-99.55264626	99.55264626	-59.94077553
59.78641245	-99.33898627	99.33898627	-59.78641245
59.63214555	-99.12439407	99.12439407	-59.63214555
59.47797878	-98.90888683	98.90888683	-59.47797878
59.32391607	-98.69248177	98.69248177	-59.32391607
59.16996138	-98.47519608	98.47519608	-59.16996138
59.01611864	-98.25704694	98.25704694	-59.01611864
58.8623918	-98.03805156	98.03805156	-58.8623918
58.7087848	-97.81822712	97.81822712	-58.7087848
58.55530158	-97.59759084	97.59759084	-58.55530158
58.40194609	-97.37615988	97.37615988	-58.40194609
58.24872227	-97.15395146	97.15395146	-58.24872227
58.09563407	-96.93098277	96.93098277	-58.09563407
57.94268542	-96.707271	96.707271	-57.94268542
57.78988026	-96.48283335	96.48283335	-57.78988026
57.63722255	-96.25768701	96.25768701	-57.63722255
57.48471623	-96.03184918	96.03184918	-57.48471623
57.33236523	-95.80533704	95.80533704	-57.33236523
57.18017351	-95.5781678	95.5781678	-57.18017351
57.02814499	-95.35035865	95.35035865	-57.02814499
56.87628364	-95.12192679	95.12192679	-56.87628364
56.72459339	-94.8928894	94.8928894	-56.72459339
56.57307817	-94.66326369	94.66326369	-56.57307817
56.42174195	-94.43306685	94.43306685	-56.42174195
56.27058866	-94.20231607	94.20231607	-56.27058866
56.11962223	-93.97102854	93.97102854	-56.11962223
55.96884663	-93.73922147	93.73922147	-55.96884663
55.81826578	-93.50691205	93.50691205	-55.81826578
55.66788363	-93.27411747	93.27411747	-55.66788363
55.51770413	-93.04085492	93.04085492	-55.51770413
55.36773121	-92.80714161	92.80714161	-55.36773121
55.21796883	-92.57299472	92.57299472	-55.21796883
55.06842092	-92.33843145	92.33843145	-55.06842092
54.91909143	-92.103469	92.103469	-54.91909143
54.76998429	-91.86812455	91.86812455	-54.76998429
54.62110346	-91.63241531	91.63241531	-54.62110346
54.47245288	-91.39635847	91.39635847	-54.47245288
54.32403648	-91.15997122	91.15997122	-54.32403648
54.17585822	-90.92327076	90.92327076	-54.17585822
54.02792203	-90.68627428	90.68627428	-54.02792203
53.88023186	-90.44899898	90.44899898	-53.88023186
53.73279165	-90.21146205	90.21146205	-53.73279165
53.58560535	-89.97368069	89.97368069	-53.58560535
53.43867689	-89.73567208	89.73567208	-53.43867689
53.29201022	-89.49745344	89.49745344	-53.29201022
53.14560929	-89.25904194	89.25904194	-53.14560929
52.99947803	-89.02045479	89.02045479	-52.99947803
52.85362039	-88.78170918	88.78170918	-52.85362039
52.70804032	-88.5428223	88.5428223	-52.70804032
52.56274175	-88.30381135	88.30381135	-52.56274175
52.41772863	-88.06469353	88.06469353	-52.41772863
52.2730049	-87.82548602	87.82548602	-52.2730049
52.1285745	-87.58620603	87.58620603	-52.1285745
51.98444138	-87.34687074	87.34687074	-51.98444138
51.84060949	-87.10749736	87.10749736	-51.84060949
51.69708275	-86.86810307	86.86810307	-51.69708275
51.55386513	-86.62870507	86.62870507	-51.55386513
51.41096055	-86.38932056	86.38932056	-51.41096055
51.26837297	-86.14996673	86.14996673	-51.26837297
51.12610632	-85.91066078	85.91066078	-51.12610632
50.98416455	-85.67141989	85.67141989	-50.98416455
50.84255161	-85.43226127	85.43226127	-50.84255161
50.70127142	-85.19320211	85.19320211	-50.70127142
50.56032795	-84.9542596	84.9542596	-50.56032795
50.41972513	-84.71545094	84.71545094	-50.41972513
50.2794669	-84.47679333	84.47679333	-50.2794669
50.13955721	-84.23830395	84.23830395	-50.13955721
50	-84	84	-50
49.86079488	-83.76189652	83.76189652	-49.86079488
49.72192416	-83.52399986	83.52399986	-49.72192416
49.5833658	-83.28631424	83.28631424	-49.5833658
49.44509778	-83.04884385	83.04884385	-49.44509778
49.30709806	-82.8115929	82.8115929	-49.30709806
49.16934462	-82.5745656	82.5745656	-49.16934462
49.03181542	-82.33776614	82.33776614	-49.03181542
48.89448843	-82.10119873	82.10119873	-48.89448843
48.75734163	-81.86486756	81.86486756	-48.75734163
48.62035299	-81.62877686	81.62877686	-48.62035299
48.48350047	-81.39293081	81.39293081	-48.48350047
48.34676205	-81.15733362	81.15733362	-48.34676205
48.21011569	-80.92198949	80.92198949	-48.21011569
48.07353937	-80.68690263	80.68690263	-48.07353937
47.93701106	-80.45207724	80.45207724	-47.93701106
47.80050873	-80.21751751	80.21751751	-47.80050873
47.66401034	-79.98322767	79.98322767	-47.66401034
47.52749387	-79.7492119	79.7492119	-47.52749387
47.39093729	-79.51547442	79.51547442	-47.39093729
47.25431856	-79.28201941	79.28201941	-47.25431856
47.11761567	-79.0488511	79.0488511	-47.11761567
46.98080657	-78.81597368	78.81597368	-46.98080657
46.84386924	-78.58339134	78.58339134	-46.84386924
46.70678166	-78.35110831	78.35110831	-46.70678166
46.56952178	-78.11912877	78.11912877	-46.56952178
46.43206758	-77.88745694	77.88745694	-46.43206758
46.29439703	-77.65609701	77.65609701	-46.29439703
46.1564881	-77.42505319	77.42505319	-46.1564881
46.01831876	-77.19432968	77.19432968	-46.01831876
45.87986698	-76.96393069	76.96393069	-45.87986698
45.74111074	-76.73386041	76.73386041	-45.74111074
45.60202799	-76.50412305	76.50412305	-45.60202799
45.46259672	-76.27472282	76.27472282	-45.46259672
45.32279488	-76.04566391	76.04566391	-45.32279488
45.18260046	-75.81695053	75.81695053	-45.18260046
45.04199143	-75.58858688	75.58858688	-45.04199143
44.90094574	-75.36057717	75.36057717	-44.90094574
44.75944138	-75.1329256	75.1329256	-44.75944138
44.61745631	-74.90563637	74.90563637	-44.61745631
44.4749685	-74.67871368	74.67871368	-44.4749685
44.33195593	-74.45216174	74.45216174	-44.33195593
44.18839656	-74.22598475	74.22598475	-44.18839656
44.04426836	-74.00018692	74.00018692	-44.04426836
43.89954931	-73.77477244	73.77477244	-43.89954931
43.75421738	-73.54974552	73.54974552	-43.75421738
43.60825052	-73.32511036	73.32511036	-43.60825052
43.46162673	-73.10087117	73.10087117	-43.46162673
43.31432396	-72.87703215	72.87703215	-43.31432396
43.16632018	-72.65359749	72.65359749	-43.16632018
43.01759337	-72.43057142	72.43057142	-43.01759337
42.8681215	-72.20795812	72.20795812	-42.8681215
42.71788253	-71.9857618	71.9857618	-42.71788253
42.56685444	-71.76398666	71.76398666	-42.56685444
42.41501519	-71.54263691	71.54263691	-42.41501519
42.26234277	-71.32171675	71.32171675	-42.26234277
42.10881513	-71.10123038	71.10123038	-42.10881513
41.95441024	-70.88118201	70.88118201	-41.95441024
41.79910609	-70.66157584	70.66157584	-41.79910609
41.64288063	-70.44241607	70.44241607	-41.64288063
41.48571185	-70.2237069	70.2237069	-41.48571185
41.3275777	-70.00545254	70.00545254	-41.3275777
41.16845616	-69.78765719	69.78765719	-41.16845616
41.00832519	-69.57032506	69.57032506	-41.00832519
40.84716278	-69.35346034	69.35346034	-40.84716278
40.68494689	-69.13706724	69.13706724	-40.68494689
40.52165549	-68.92114997	68.92114997	-40.52165549
40.35726654	-68.70571272	68.70571272	-40.35726654
40.19175803	-68.49075969	68.49075969	-40.19175803
40.02510792	-68.2762951	68.2762951	-40.02510792
39.85729418	-68.06232315	68.06232315	-39.85729418
39.68829478	-67.84884803	67.84884803	-39.68829478
39.51808769	-67.63587396	67.63587396	-39.51808769
39.34665089	-67.42340512	67.42340512	-39.34665089
39.17396233	-67.21144574	67.21144574	-39.17396233
39	-67	67	-39
38.82474902	-66.78907048	66.78907048	-38.82474902
38.64822315	-66.57865322	66.57865322	-38.64822315
38.47044332	-66.36874262	66.36874262	-38.47044332
38.29143045	-66.15933309	66.15933309	-38.29143045
38.11120546	-65.95041903	65.95041903	-38.11120546
37.92978928	-65.74199483	65.74199483	-37.92978928
37.74720282	-65.53405492	65.53405492	-37.74720282
37.56346701	-65.32659369	65.32659369	-37.56346701
37.37860278	-65.11960554	65.11960554	-37.37860278
37.19263103	-64.91308488	64.91308488	-37.19263103
37.00557271	-64.70702612	64.70702612	-37.00557271
36.81744872	-64.50142365	64.50142365	-36.81744872
36.62827999	-64.29627188	64.29627188	-36.62827999
36.43808744	-64.09156522	64.09156522	-36.43808744
36.246892	-63.88729807	63.88729807	-36.246892
36.05471459	-63.68346483	63.68346483	-36.05471459
35.86157612	-63.48005991	63.48005991	-35.86157612
35.66749753	-63.27707771	63.27707771	-35.66749753
35.47249973	-63.07451264	63.07451264	-35.47249973
35.27660365	-62.8723591	62.8723591	-35.27660365
35.07983021	-62.67061149	62.67061149	-35.07983021
34.88220034	-62.46926422	62.46926422	-34.88220034
34.68373494	-62.26831169	62.26831169	-34.68373494
34.48445495	-62.06774831	62.06774831	-34.48445495
34.28438129	-61.86756848	61.86756848	-34.28438129
34.08353489	-61.6677666	61.6677666	-34.08353489
33.88193665	-61.46833708	61.46833708	-33.88193665
33.67960751	-61.26927433	61.26927433	-33.67960751
33.47656839	-61.07057274	61.07057274	-33.47656839
33.27284021	-60.87222672	60.87222672	-33.27284021
33.06844389	-60.67423067	60.67423067	-33.06844389
32.86340036	-60.476579	60.476579	-32.86340036
32.65773053	-60.27926612	60.27926612	-32.65773053
32.45145534	-60.08228642	60.08228642	-32.45145534
32.2445957	-59.88563432	59.88563432	-32.2445957
32.03717253	-59.6893042	59.6893042	-32.03717253
31.82920676	-59.49329049	59.49329049	-31.82920676
31.6207193	-59.29758758	59.29758758	-31.6207193
31.41173109	-59.10218988	59.10218988	-31.41173109
31.20226305	-58.90709179	58.90709179	-31.20226305
30.99233609	-58.71228771	58.71228771	-30.99233609
30.78197113	-58.51777205	58.51777205	-30.78197113
30.57118911	-58.32353922	58.32353922	-30.57118911
30.36001095	-58.12958361	58.12958361	-30.36001095
30.14845755	-57.93589963	57.93589963	-30.14845755
29.93654986	-57.74248169	57.74248169	-29.93654986
29.72430879	-57.54932419	57.54932419	-29.72430879
29.51175526	-57.35642154	57.35642154	-29.51175526
29.29891019	-57.16376813	57.16376813	-29.29891019
29.08579451	-56.97135837	56.97135837	-29.08579451
28.87242914	-56.77918666	56.77918666	-28.87242914
28.65883501	-56.58724742	56.58724742	-28.65883501
28.44503302	-56.39553504	56.39553504	-28.44503302
28.23104412	-56.20404393	56.20404393	-28.23104412
28.01688921	-56.01276849	56.01276849	-28.01688921
27.80258923	-55.82170313	55.82170313	-27.80258923
27.58816509	-55.63084225	55.63084225	-27.58816509
27.37363771	-55.44018025	55.44018025	-27.37363771
27.15902803	-55.24971154	55.24971154	-27.15902803
26.94435695	-55.05943052	55.05943052	-26.94435695
26.72964541	-54.8693316	54.8693316	-26.72964541
26.51491432	-54.67940917	54.67940917	-26.51491432
26.30018461	-54.48965766	54.48965766	-26.30018461
26.08547721	-54.30007145	54.30007145	-26.08547721
25.87081302	-54.11064495	54.11064495	-25.87081302
25.65621298	-53.92137257	53.92137257	-25.65621298
25.44169801	-53.73224871	53.73224871	-25.44169801
25.22728902	-53.54326778	53.54326778	-25.22728902
25.01300695	-53.35442417	53.35442417	-25.01300695
24.79887271	-53.1657123	53.1657123	-24.79887271
24.58490723	-52.97712656	52.97712656	-24.58490723
24.37113143	-52.78866136	52.78866136	-24.37113143
24.15756623	-52.60031111	52.60031111	-24.15756623
23.94423255	-52.41207021	52.41207021	-23.94423255
23.73115132	-52.22393306	52.22393306	-23.73115132
23.51834346	-52.03589407	52.03589407	-23.51834346
23.30582989	-51.84794764	51.84794764	-23.30582989
23.09363153	-51.66008818	51.66008818	-23.09363153
22.88176931	-51.47231008	51.47231008	-22.88176931
22.67026414	-51.28460776	51.28460776	-22.67026414
22.45913696	-51.09697561	51.09697561	-22.45913696
22.24840868	-50.90940805	50.90940805	-22.24840868
22.03810022	-50.72189947	50.72189947	-22.03810022
21.82823251	-50.53444428	50.53444428	-21.82823251
21.61882647	-50.34703689	50.34703689	-21.61882647
21.40990302	-50.15967169	50.15967169	-21.40990302
21.20148308	-49.9723431	49.9723431	-21.20148308
20.99358759	-49.78504551	49.78504551	-20.99358759
20.78623745	-49.59777333	49.59777333	-20.78623745
20.57945359	-49.41052096	49.41052096	-20.57945359
20.37325693	-49.22328282	49.22328282	-20.37325693
20.16766841	-49.03605329	49.03605329	-20.16766841
19.96270893	-48.84882679	48.84882679	-19.96270893
19.75839942	-48.66159772	48.66159772	-19.75839942
19.5547608	-48.47436049	48.47436049	-19.5547608
19.351814	-48.28710949	48.28710949	-19.351814
19.14957994	-48.09983914	48.09983914	-19.14957994
18.94807953	-47.91254383	47.91254383	-18.94807953
18.74733371	-47.72521797	47.72521797	-18.74733371
18.5473634	-47.53785597	47.53785597	-18.5473634
18.34818951	-47.35045222	47.35045222	-18.34818951
18.14983297	-47.16300114	47.16300114	-18.14983297
17.9523147	-46.97549713	46.97549713	-17.9523147
17.75565563	-46.78793458	46.78793458	-17.75565563
17.55987667	-46.60030791	46.60030791	-17.55987667
17.36499875	-46.41261152	46.41261152	-17.36499875
17.17104279	-46.22483981	46.22483981	-17.17104279
16.97802972	-46.03698719	46.03698719	-16.97802972
16.78598045	-45.84904806	45.84904806	-16.78598045
16.59491591	-45.66101683	45.66101683	-16.59491591
16.40485702	-45.47288789	45.47288789	-16.40485702
16.21582471	-45.28465566	45.28465566	-16.21582471
16.02783989	-45.09631454	45.09631454	-16.02783989
15.84092348	-44.90785892	44.90785892	-15.84092348
15.65509642	-44.71928322	44.71928322	-15.65509642
15.47037962	-44.53058184	44.53058184	-15.47037962
15.286794	-44.34174919	44.34174919	-15.286794
15.10436049	-44.15277966	44.15277966	-15.10436049
14.92310001	-43.96366767	43.96366767	-14.92310001
14.74303348	-43.7744076	43.7744076	-14.74303348
14.56418183	-43.58499388	43.58499388	-14.56418183
14.38656597	-43.39542091	43.39542091	-14.38656597
14.21020683	-43.20568308	43.20568308	-14.21020683
14.03512533	-43.0157748	43.0157748	-14.03512533
13.8613424	-42.82569048	42.82569048	-13.8613424
13.68887895	-42.63542452	42.63542452	-13.68887895
13.51775591	-42.44497132	42.44497132	-13.51775591
13.3479942	-42.25432529	42.25432529	-13.3479942
13.17961474	-42.06348083	42.06348083	-13.17961474
13.01263846	-41.87243235	41.87243235	-13.01263846
12.84708627	-41.68117425	41.68117425	-12.84708627
12.68297911	-41.48970094	41.48970094	-12.68297911
12.52033788	-41.29800681	41.29800681	-12.52033788
12.35918353	-41.10608627	41.10608627	-12.35918353
12.19953695	-40.91393374	40.91393374	-12.19953695
12.04141909	-40.7215436	40.7215436	-12.04141909
11.88485086	-40.52891026	40.52891026	-11.88485086
11.72985318	-40.33602814	40.33602814	-11.72985318
11.57644698	-40.14289163	40.14289163	-11.57644698
11.42465318	-39.94949513	39.94949513	-11.42465318
11.2744927	-39.75583306	39.75583306	-11.2744927
11.12598646	-39.56189981	39.56189981	-11.12598646
10.97915539	-39.36768979	39.36768979	-10.97915539
10.83402041	-39.1731974	39.1731974	-10.83402041
10.69060243	-38.97841705	38.97841705	-10.69060243
10.54892239	-38.78334314	38.78334314	-10.54892239
10.4090012	-38.58797008	38.58797008	-10.4090012
10.2708598	-38.39229226	38.39229226	-10.2708598
10.13451909	-38.1963041	38.1963041	-10.13451909
10	-38	38	-10
9.867316031	-37.80336969	37.80336969	-9.867316031
9.736450968	-37.60638427	37.60638427	-9.736450968
9.607381173	-37.40901016	37.40901016	-9.607381173
9.480083008	-37.21121378	37.21121378	-9.480083008
9.354532835	-37.01296155	37.01296155	-9.354532835
9.230707016	-36.8142199	36.8142199	-9.230707016
9.108581911	-36.61495524	36.61495524	-9.108581911
8.988133885	-36.41513401	36.41513401	-8.988133885
8.869339297	-36.21472263	36.21472263	-8.869339297
8.75217451	-36.01368752	36.01368752	-8.75217451
8.636615886	-35.81199509	35.81199509	-8.636615886
8.522639786	-35.60961179	35.60961179	-8.522639786
8.410222573	-35.40650402	35.40650402	-8.410222573
8.299340609	-35.20263821	35.20263821	-8.299340609
8.189970254	-34.99798079	34.99798079	-8.189970254
8.082087871	-34.79249818	34.79249818	-8.082087871
7.975669822	-34.58615679	34.58615679	-7.975669822
7.870692469	-34.37892306	34.37892306	-7.870692469
7.767132173	-34.17076341	34.17076341	-7.767132173
7.664965296	-33.96164426	33.96164426	-7.664965296
7.564168201	-33.75153202	33.75153202	-7.564168201
7.464717248	-33.54039314	33.54039314	-7.464717248
7.3665888	-33.32819403	33.32819403	-7.3665888
7.269759219	-33.1149011	33.1149011	-7.269759219
7.174204866	-32.9004808	32.9004808	-7.174204866
7.079902104	-32.68489953	32.68489953	-7.079902104
6.986827293	-32.46812372	32.46812372	-6.986827293
6.894956797	-32.2501198	32.2501198	-6.894956797
6.804266976	-32.03085418	32.03085418	-6.804266976
6.714734193	-31.8102933	31.8102933	-6.714734193
6.626334809	-31.58840357	31.58840357	-6.626334809
6.539045187	-31.36515141	31.36515141	-6.539045187
6.452841687	-31.14050326	31.14050326	-6.452841687
6.367700673	-30.91442553	30.91442553	-6.367700673
6.283598505	-30.68688464	30.68688464	-6.283598505
6.200511546	-30.45784703	30.45784703	-6.200511546
6.118416157	-30.2272791	30.2272791	-6.118416157
6.037288701	-29.9951473	29.9951473	-6.037288701
5.957105539	-29.76141803	29.76141803	-5.957105539
5.877843033	-29.52605772	29.52605772	-5.877843033
5.799477544	-29.28903279	29.28903279	-5.799477544
5.721985435	-29.05030968	29.05030968	-5.721985435
5.645343068	-28.80985479	28.80985479	-5.645343068
5.569526803	-28.56763456	28.56763456	-5.569526803
5.494513004	-28.32361541	28.32361541	-5.494513004
5.420278032	-28.07776375	28.07776375	-5.420278032
5.346798249	-27.83004602	27.83004602	-5.346798249
5.274050016	-27.58042864	27.58042864	-5.274050016
5.202009696	-27.32887802	27.32887802	-5.202009696
5.13065365	-27.0753606	27.0753606	-5.13065365
5.05995824	-26.81984279	26.81984279	-5.05995824
4.989899828	-26.56229102	26.56229102	-4.989899828
4.920454775	-26.30267171	26.30267171	-4.920454775
4.851599445	-26.04095129	26.04095129	-4.851599445
4.783310198	-25.77709617	25.77709617	-4.783310198
4.715563396	-25.51107278	25.51107278	-4.715563396
4.648335401	-25.24284755	25.24284755	-4.648335401
4.581602575	-24.9723869	24.9723869	-4.581602575
4.51534128	-24.69965724	24.69965724	-4.51534128
4.449527877	-24.42462501	24.42462501	-4.449527877
4.384138729	-24.14725663	24.14725663	-4.384138729
4.319150198	-23.86751851	23.86751851	-4.319150198
4.254538644	-23.58537709	23.58537709	-4.254538644
4.19028043	-23.30079878	23.30079878	-4.19028043
4.126351918	-23.01375001	23.01375001	-4.126351918
4.06272947	-22.7241972	22.7241972	-4.06272947
3.999389447	-22.43210678	22.43210678	-3.999389447
3.936308211	-22.13744516	22.13744516	-3.936308211
3.873462125	-21.84017877	21.84017877	-3.873462125
3.810827549	-21.54027404	21.54027404	-3.810827549
3.748380847	-21.23769739	21.23769739	-3.748380847
3.686098378	-20.93241523	20.93241523	-3.686098378
3.623956507	-20.624394	20.624394	-3.623956507
3.561931593	-20.31360012	20.31360012	-3.561931593
3.5	-20	20	-3.5
3.438138089	-19.68356008	19.68356008	-3.438138089
3.376322221	-19.36424677	19.36424677	-3.376322221
3.314528759	-19.0420265	19.0420265	-3.314528759
3.252734065	-18.71686569	18.71686569	-3.252734065
3.190914499	-18.38873077	18.38873077	-3.190914499
3.129046425	-18.05758815	18.05758815	-3.129046425
3.067106204	-17.72340426	17.72340426	-3.067106204
3.005070198	-17.38614553	17.38614553	-3.005070198
2.942914768	-17.04577838	17.04577838	-2.942914768
2.880616276	-16.70226922	16.70226922	-2.880616276
2.818151085	-16.35558449	16.35558449	-2.818151085
2.755495556	-16.00569061	16.00569061	-2.755495556
2.692626051	-15.65255399	15.65255399	-2.692626051
2.629518932	-15.29614107	15.29614107	-2.629518932
2.566150561	-14.93641826	14.93641826	-2.566150561
2.502497298	-14.57335199	14.57335199	-2.502497298
2.438535508	-14.20690868	14.20690868	-2.438535508
2.37424155	-13.83705476	13.83705476	-2.37424155
2.309591787	-13.46375664	13.46375664	-2.309591787
2.244562581	-13.08698076	13.08698076	-2.244562581
2.179130294	-12.70669353	12.70669353	-2.179130294
2.113271287	-12.32286137	12.32286137	-2.113271287
2.046961922	-11.93545072	11.93545072	-2.046961922
1.980178561	-11.54442799	11.54442799	-1.980178561
1.912897567	-11.1497596	11.1497596	-1.912897567
1.8450953	-10.75141199	10.75141199	-1.8450953
1.776748123	-10.34935156	10.34935156	-1.776748123
1.707832397	-9.943544756	9.943544756	-1.707832397
1.638324485	-9.533957987	9.533957987	-1.638324485
1.568200747	-9.120557679	9.120557679	-1.568200747
1.497437547	-8.703310256	8.703310256	-1.497437547
1.426011245	-8.282182141	8.282182141	-1.426011245
1.353898205	-7.857139756	7.857139756	-1.353898205
1.281074786	-7.428149526	7.428149526	-1.281074786
1.207517352	-6.995177872	6.995177872	-1.207517352
1.133202264	-6.558191219	6.558191219	-1.133202264
1.058105884	-6.117155989	6.117155989	-1.058105884
0.982204573	-5.672038604	5.672038604	-0.982204573
0.905474695	-5.22280549	5.22280549	-0.905474695
0.827892609	-4.769423067	4.769423067	-0.827892609
0.749434679	-4.31185776	4.31185776	-0.749434679
0.670077266	-3.850075992	3.850075992	-0.670077266
0.589796733	-3.384044185	3.384044185	-0.589796733
0.508569439	-2.913728763	2.913728763	-0.508569439
0.426371749	-2.439096148	2.439096148	-0.426371749
0.343180023	-1.960112765	1.960112765	-0.343180023
0.258970623	-1.476745035	1.476745035	-0.258970623
0.173719912	-0.988959382	0.988959382	-0.173719912
0.08740425	-0.496722229	0.496722229	-0.08740425
-4.44089E-16	0	0	4.44089E-16