0	0	0	0
7.65472E-06	-4.30344E-06	1.02514E-07	-1.15712E-06
7.40334E-05	-4.16213E-05	9.9143E-07	-1.11913E-05
0.000363158	-0.000204168	4.86298E-06	-5.48971E-05
0.001226989	-0.000689823	1.64289E-05	-0.00018548
0.003257197	-0.001831247	4.36078E-05	-0.000492383
0.007309167	-0.004109397	9.78427E-05	-0.00110492
0.01450364	-0.008154476	0.000194118	-0.002192526
0.026210824	-0.014737036	0.00035074	-0.003962361
0.044021217	-0.024751618	0.000588936	-0.006654905
0.069706861	-0.039195022	0.00093233	-0.010538113
0.10517625	-0.05914101	0.001406321	-0.015900601
0.152425641	-0.085712995	0.002037427	-0.023044297
0.213489097	-0.120056022	0.002852598	-0.032276902
0.290389197	-0.163309116	0.003878546	-0.043904449
0.385089981	-0.2165789	0.005141101	-0.058224195
0.499453379	-0.280915156	0.006664616	-0.075518054
0.635200066	-0.357288876	0.008471433	-0.096046683
0.793875423	-0.446573188	0.010581415	-0.120044349
0.976821068	-0.54952739	0.013011555	-0.147714637
1.185152178	-0.666784247	0.015775665	-0.179227032
1.419740676	-0.798840576	0.018884144	-0.214714381
1.681204207	-0.94605107	0.022343826	-0.254271243
1.969900651	-1.108625235	0.026157899	-0.29795306
2.285927896	-1.286627272	0.030325907	-0.345776136
2.629128433	-1.479978661	0.034843806	-0.397718332
2.999098315	-1.68846319	0.039704084	-0.453720432
3.395199975	-1.911734151	0.04489594	-0.513688083
3.81657835	-2.149323376	0.050405503	-0.577494236
4.262179753	-2.400651819	0.056216087	-0.644982006
4.730772941	-2.665041369	0.062308483	-0.715967859
5.220971826	-2.941727566	0.068661271	-0.790245048
5.731259292	-3.229872951	0.075251146	-0.867587218
6.260011625	-3.528580745	0.082053258	-0.9477521
6.805523081	-3.836908606	0.089041547	-1.030485231
7.366030163	-4.153882217	0.096189082	-1.11552362
7.939735214	-4.478508491	0.103468389	-1.202599325
8.524828999	-4.809788199	0.110851761	-1.291442862
9.119511963	-5.146727863	0.118311558	-1.381786426
9.722013936	-5.488350769	0.125820481	-1.473366871
10.33061207	-5.833706988	0.133351821	-1.565928424
10.94364689	-6.181882329	0.140879689	-1.659225111
11.55953629	-6.532006158	0.148379211	-1.753022881
12.17678745	-6.883258045	0.155826698	-1.847101414
12.79400671	-7.234873235	0.163199788	-1.941255604
13.40990726	-7.586146937	0.170477559	-2.035296737
14.02331483	-7.936437465	0.17764061	-2.129053352
14.63317139	-8.285168272	0.184671119	-2.222371801
15.23853697	-8.631828927	0.191552876	-2.315116533
15.83858973	-8.975975107	0.198271289	-2.407170102
16.43262438	-9.317227685	0.204813363	-2.498432941
17.02004915	-9.655270985	0.211167672	-2.588822904
17.6003815	-9.989850317	0.217324296	-2.678274614
18.17324257	-10.32076886	0.223274757	-2.766738643
18.73835077	-10.64788402	0.22901193	-2.854180535
19.29551455	-10.97110333	0.234529949	-2.94057972
19.84462449	-11.29038	0.239824103	-3.025928322
20.385645	-11.6057082	0.244890721	-3.110229906
20.91860567	-11.91711823	0.249727062	-3.193498175
21.44359249	-12.22467151	0.254331189	-3.275755637
21.96073903	-12.52845566	0.258701856	-3.357032284
22.47021776	-12.82857955	0.262838386	-3.437364269
22.97223157	-13.1251686	0.266740555	-3.516792634
23.46700564	-13.41836009	0.270408484	-3.595362072
23.95477972	-13.70829893	0.273842531	-3.67311976
24.43580091	-13.99513348	0.277043189	-3.750114266
24.91031696	-14.27901183	0.280010997	-3.826394534
25.3785702	-14.56007841	0.282746456	-3.902008959
25.84079215	-14.83847084	0.285249948	-3.97700456
26.29719865	-15.1143173	0.287521675	-4.051426253
26.74798581	-15.38773417	0.289561595	-4.125316216
27.19332658	-15.65882411	0.291369378	-4.198713364
27.63336789	-15.92767446	0.29294436	-4.271652914
28.06822858	-16.19435601	0.294285516	-4.344166051
28.49799784	-16.45892218	0.295391431	-4.416279684
28.9227343	-16.72140845	0.296260293	-4.488016292
29.34246557	-16.98183211	0.296889873	-4.559393844
29.7571884	-17.24019231	0.297277536	-4.630425801
30.16686924	-17.4964704	0.297420233	-4.701121184
30.57144518	-17.75063044	0.297314524	-4.771484699
30.97082529	-18.00261991	0.296956581	-4.841516921
31.36489229	-18.25237065	0.296342218	-4.911214517
31.75350439	-18.49979994	0.295466906	-4.98057051
32.13649744	-18.7448116	0.294325802	-5.049574575
32.51368715	-18.98729733	0.292913775	-5.118213356
32.88487151	-19.22713798	0.291225439	-5.186470795
33.2498332	-19.46420495	0.28925518	-5.254328479
33.60834208	-19.69836159	0.286997185	-5.321765983
33.96015765	-19.92946455	0.284445477	-5.388761217
34.3050315	-20.15736516	0.281593944	-5.455290759
34.64270964	-20.38191078	0.278436363	-5.521330184
34.97293478	-20.60294604	0.274966434	-5.586854373
35.29544847	-20.82031407	0.271177804	-5.651837801
35.60999307	-21.03385765	0.267064088	-5.716254811
35.91631367	-21.24342022	0.262618895	-5.780079861
36.21415974	-21.4488469	0.257835846	-5.843287739
36.50328663	-21.64998533	0.252708592	-5.905853767
36.78345699	-21.84668646	0.247230826	-5.967753959
37.05444187	-22.03880523	0.2413963	-6.028965174
37.31602175	-22.22620115	0.235198832	-6.08946522
37.56798736	-22.4087388	0.228632317	-6.149232954
37.81014037	-22.58628827	0.221690725	-6.208248335
38.04229387	-22.75872539	0.214368116	-6.266492474
38.26427272	-22.92593208	0.206658628	-6.323947647
38.4759138	-23.08779645	0.198556488	-6.380597297
38.67706612	-23.2442129	0.190056002	-6.43642601
38.86759076	-23.39508218	0.181151554	-6.49141948
39.0473608	-23.54031138	0.1718376	-6.545564457
39.2162611	-23.67981384	0.162108661	-6.598848686
39.37418803	-23.81350906	0.151959319	-6.651260826
39.52104915	-23.94132258	0.141384201	-6.702790375
39.6567628	-24.06318581	0.130377979	-6.753427575
39.78125769	-24.17903584	0.118935353	-6.80316332
39.89447247	-24.28881525	0.107051046	-6.851989061
39.99635525	-24.39247194	0.09471979	-6.899896707
40.08686313	-24.48995889	0.08193632	-6.946878527
40.16596175	-24.58123397	0.068695361	-6.992927054
40.23362481	-24.66625974	0.054991619	-7.038034996
40.28983365	-24.74500328	0.040819772	-7.08219514
40.33457684	-24.81743599	0.026174458	-7.125400278
40.36784974	-24.88353346	0.01105027	-7.167643119
40.3896542	-24.9432753	-0.004558255	-7.208916223
40.39999816	-24.99664499	-0.020656641	-7.249211934
40.39889543	-25.04362984	-0.037250487	-7.288522319
40.38636536	-25.08422083	-0.054345465	-7.326839121
40.36243263	-25.11841255	-0.071947332	-7.36415371
40.32712707	-25.14620317	-0.090061937	-7.400457046
40.28048348	-25.16759435	-0.108695221	-7.435739652
40.2225415	-25.18259127	-0.127853227	-7.469991585
40.15334552	-25.19120254	-0.147542099	-7.50320242
40.07294457	-25.19344026	-0.167768093	-7.535361237
39.98139227	-25.18932001	-0.188537576	-7.566456611
39.87874682	-25.17886084	-0.209857029	-7.596476615
39.76507094	-25.16208531	-0.231733055	-7.625408816
39.64043189	-25.1390195	-0.254172377	-7.653240281
39.50490143	-25.10969306	-0.277181843	-7.679957585
39.35855587	-25.0741392	-0.300768431	-7.705546824
39.20147606	-25.03239472	-0.324939249	-7.72999362
39.03374736	-24.98450006	-0.349701541	-7.753283142
38.8554597	-24.93049928	-0.375062688	-7.775400112
38.66670755	-24.87044005	-0.401030213	-7.796328825
38.4675899	-24.80437371	-0.427611785	-7.816053157
38.25821024	-24.7323552	-0.454815225	-7.834556582
38.03867655	-24.65444304	-0.482648507	-7.851822178
37.80910121	-24.57069934	-0.511119765	-7.867832641
37.56960097	-24.48118971	-0.540237303	-7.882570291
37.32029686	-24.38598325	-0.570009593	-7.896017074
37.06131409	-24.2851524	-0.600445292	-7.908154568
36.79278192	-24.17877296	-0.631553242	-7.91896398
36.51483359	-24.06692392	-0.663342483	-7.928426144
36.22760609	-23.94968739	-0.695822261	-7.936521511
35.93124006	-23.82714845	-0.729002039	-7.943230144
35.6258796	-23.69939508	-0.76289151	-7.948531697
35.31167205	-23.56651798	-0.797500606	-7.952405402
34.98876782	-23.4286104	-0.832839513	-7.954830046
34.65732015	-23.28576806	-0.868918689	-7.955783946
34.3174849	-23.13808892	-0.905748874	-7.955244919
33.9694203	-22.98567303	-0.943341115	-7.953190249
33.61328671	-22.82862238	-0.981706776	-7.94959665
33.24924636	-22.66704069	-1.020857565	-7.944440222
32.87746311	-22.50103324	-1.060805555	-7.937696408
32.4981022	-22.3307067	-1.101563206	-7.929339942
32.11132995	-22.15616891	-1.143143389	-7.919344792
31.71731353	-21.97752874	-1.185559421	-7.907684103
31.31622073	-21.79489588	-1.228825088	-7.89433013
30.90821963	-21.60838066	-1.272954681	-7.879254167
30.49347841	-21.41809387	-1.317963033	-7.862426468
30.0721651	-21.22414658	-1.363865553	-7.843816168
29.64444729	-21.02665001	-1.410678276	-7.823391193
29.21049196	-20.82571529	-1.4584179	-7.801118155
28.77046523	-20.62145336	-1.507101842	-7.776962256
28.32453211	-20.41397479	-1.556748294	-7.750887165
27.87285635	-20.20338963	-1.607376278	-7.722854895
27.41560019	-19.98980728	-1.659005717	-7.692825664
26.95292421	-19.77333632	-1.711657508	-7.660757746
26.48498712	-19.55408442	-1.765353601	-7.626607302
26.0119456	-19.33215821	-1.820117089	-7.590328202
25.53395411	-19.10766312	-1.875972309	-7.551871813
25.05116477	-18.88070332	-1.932944953	-7.511186784
24.56372718	-18.65138158	-1.991062194	-7.468218786
24.07178828	-18.41979918	-2.050352824	-7.422910235
23.57549219	-18.18605581	-2.110847411	-7.375199971
23.07498008	-17.95024945	-2.172578483	-7.325022901
22.57039001	-17.71247631	-2.235580726	-7.272309591
22.06185678	-17.47283071	-2.29989122	-7.216985798
21.54951175	-17.23140496	-2.365549708	-7.158971938
21.03348265	-16.98828927	-2.432598903	-7.098182463
20.51389338	-16.74357165	-2.501084848	-7.034525141
19.99086376	-16.49733771	-2.571057343	-6.967900215
19.46450922	-16.24967056	-2.642570439	-6.898199402
18.93494042	-16.00065059	-2.71568304	-6.825304704
18.40226283	-15.75035521	-2.790459614	-6.74908697
17.86657608	-15.49885858	-2.866971077	-6.669404149
17.3279732	-15.24623118	-2.94529587	-6.586099124
16.78653953	-14.99253929	-3.025521328	-6.498996979
16.24235131	-14.73784425	-3.107745431	-6.407901502
15.6954735	-14.4822014	-3.192079118	-6.312590555
15.1459567	-14.2256585	-3.278649455	-6.212809741
14.59383214	-13.96825325	-3.367604193	-6.10826329
14.03910285	-13.71000887	-3.45911894	-5.998599715
13.48174273	-13.45093295	-3.553401253	-5.883402171
12.92174245	-13.19103718	-3.650671458	-5.76221998
12.3592163	-12.93038478	-3.751112639	-5.634655869
11.79452573	-12.66914555	-3.854811041	-5.500471161
11.22839216	-12.40764521	-3.961696177	-5.359691018
10.66200031	-12.14640846	-4.071475203	-5.21271822
10.09706441	-11.88618403	-4.183578375	-5.06042623
9.53583125	-11.62794169	-4.297135548	-4.904197673
8.981030684	-11.3728467	-4.410981801	-4.745912769
8.435793481	-11.12222106	-4.523682914	-4.587904412
7.903550002	-10.87749743	-4.633574316	-4.432891147
7.387919373	-10.64016999	-4.738808648	-4.283896327
6.892596368	-10.41174537	-4.837408177	-4.144159804
6.42124142	-10.19369571	-4.927319086	-4.017047098
5.977377737	-9.98741569	-5.00646529	-3.905959892
5.5642984	-9.794184399	-5.072799923	-3.814250831
5.184985403	-9.615132921	-5.124353117	-3.745144852
4.842041851	-9.45121794	-5.159275014	-3.701668691
4.537637918	-9.30320153	-5.175873297	-3.686589664
4.273470682	-9.171637059	-5.172644774	-3.702364424
4.050737528	-9.056860969	-5.148300787	-3.751097979
3.870122518	-8.958990078	-5.101786403	-3.834512998
3.731794844	-8.877923952	-5.03229351	-3.953929141
3.635418316	-8.813351825	-4.939268063	-4.110251968
3.580170703	-8.764763505	-4.822411845	-4.303970789
3.564771618	-8.731463666	-4.681679166	-4.535164727
3.58751766	-8.712588935	-4.517269023	-4.803516124
3.646323446	-8.707127174	-4.329613239	-5.108330417
3.738767216	-8.713938377	-4.119361167	-5.44856151
3.862139746	-8.731776638	-3.887361535	-5.822841718
4.013495347	-8.759312668	-3.634641998	-6.229515302
4.189703799	-8.795156384	-3.362386982	-6.666674709
4.387502215	-8.837879156	-3.07191435	-7.132198604
4.60354585	-8.886035301	-2.764651403	-7.623790883
4.834457061	-8.938182531	-2.442110701	-8.139019885
5.076871677	-8.992901038	-2.105866133	-8.675357107
5.327482184	-9.048811019	-1.757529628	-9.230214806
5.583077233	-9.104588436	-1.398728855	-9.800981916
5.840577078	-9.1589789	-1.031086198	-10.38505784
6.097064686	-9.21080958	-0.656199272	-10.97988369
6.349812326	-9.258999094	-0.275623149	-11.58297072
6.596303567	-9.302565379	0.109145522	-12.19192566
6.834250677	-9.340631577	0.496682425	-12.80447282
7.06160751	-9.372429979	0.885647424	-13.41847284
7.276578029	-9.397304133	1.274794346	-14.03193815
7.477620667	-9.414709218	1.662978698	-14.643045
7.663448791	-9.424210811	2.049163371	-15.25014231
7.833027564	-9.425482205	2.432422388	-15.85175734
7.985567539	-9.418300412	2.811942819	-16.44659845
8.12051534	-9.402541041	3.187024958	-17.03355506
8.237541801	-9.378172196	3.557080911	-17.61169504
8.336527951	-9.345247574	3.921631742	-18.18025986
8.41754921	-9.303898929	4.280303336	-18.73865766
8.480858196	-9.254328069	4.632821141	-19.28645461
8.526866492	-9.196798525	4.979003972	-19.82336468
8.556125735	-9.131627067	5.31875702	-20.3492383
8.569308353	-9.059175181	5.652064264	-20.86404999
8.567188264	-8.979840646	5.978980422	-21.36788535
8.550621822	-8.894049322	6.29962261	-21.86092756
8.52052926	-8.802247256	6.614161849	-22.34344375
8.477876857	-8.704893181	6.922814565	-22.81577126
8.423660037	-8.602451495	7.225834186	-23.27830426
8.358887546	-8.495385779	7.523502977	-23.73148063
8.284566857	-8.384152894	7.816124184	-24.17576942
8.201690901	-8.269197701	8.104014592	-24.61165903
8.111226206	-8.150948421	8.387497561	-25.03964613
8.01410248	-8.029812646	8.666896601	-25.46022548
7.911203679	-7.906174009	8.942529531	-25.87388072
7.803360542	-7.780389488	9.214703252	-26.28107612
7.691344585	-7.652787349	9.483709169	-26.68224945
7.575863495	-7.523665674	9.749819249	-27.07780579
7.457557886	-7.39329147	10.01328274	-27.46811246
7.336999317	-7.261900299	10.27432351	-27.85349499
7.214689514	-7.129696402	10.53313803	-28.23423397
7.09106068	-6.99685326	10.78989394	-28.61056304
6.966476788	-6.863514552	11.04472916	-28.98266759
6.841235768	-6.729795454	11.29775157	-29.35068441
6.715572455	-6.595784238	11.54903909	-29.71470206
6.589662193	-6.461544103	11.79864032	-30.07476196
6.463624979	-6.327115217	12.04657545	-30.43086006
6.337530048	-6.192516885	12.29283757	-30.7829491
6.211400767	-6.05774984	12.53739425	-31.13094125
6.085219764	-5.922798574	12.78018942	-31.47471119
5.958934174	-5.787633699	13.02114531	-31.81409945
5.832460928	-5.652214282	13.26016472	-32.14891601
5.70569199	-5.516490137	13.4971332	-32.47894402
5.578499476	-5.380404028	13.73192144	-32.80394359
5.450740595	-5.243893774	13.9643876	-33.12365567
5.322262336	-5.106894219	14.19437966	-33.43780579
5.192905879	-4.969339068	14.42173767	-33.74610782
5.062510674	-4.831162553	14.64629602	-34.04826753
4.930918156	-4.692300936	14.8678855	-34.343986
4.797975086	-4.552693842	15.0863353	-34.63296284
4.663536497	-4.412285399	15.30147488	-34.91489913
4.527468227	-4.271025212	15.51313563	-35.1895002
4.389649066	-4.128869157	15.72115243	-35.45647802
4.249972485	-3.985779991	15.925365	-35.71555342
4.108347992	-3.841727815	16.12561908	-35.96645801
3.964702109	-3.696690367	16.32176746	-36.20893573
3.818979002	-3.550653167	16.5136708	-36.44274425
3.671140776	-3.403609539	16.70119832	-36.667656
3.521169787	-3.255561655	16.88422841	-36.88345892
3.369079174	-3.10652572	17.06264941	-37.08995687
3.21493567	-2.956543333	17.2363611	-37.28696989
3.058892344	-2.80569782	17.40527662	-37.47433464
2.901224325	-2.654132099	17.56932455	-37.65190467
2.742357604	-2.502063098	17.72845034	-37.81955036
2.582883893	-2.349789217	17.88261702	-37.97715859
2.423561652	-2.197690899	18.03180495	-38.12463238
2.265306236	-2.046225778	18.17601103	-38.26189037
2.109171767	-1.895919688	18.31524738	-38.3888662
1.956327021	-1.747354714	18.44953965	-38.5055078
1.808027322	-1.601155229	18.57892504	-38.61177664
1.665584131	-1.457972805	18.70345023	-38.7076469
1.530333796	-1.318470699	18.82316917	-38.79310458
1.403606637	-1.183308512	18.93814089	-38.86814662
1.286697383	-1.053127517	19.04842736	-38.93277994
1.180837701	-0.928537044	19.15409153	-38.98702057
1.087171455	-0.810102214	19.25519542	-39.03089271
1.006733091	-0.698333241	19.35179843	-39.06442786
0.940429472	-0.593676447	19.44395595	-39.08766394
0.889025303	-0.496507068	19.531718	-39.10064451
0.853132198	-0.407123873	19.61512831	-39.103418
0.833201354	-0.325745579	19.69422345	-39.09603698
0.829519704	-0.252508992	19.76903234	-39.07855757
0.842209345	-0.187468787	19.83957583	-39.0510388
0.871230015	-0.130598792	19.90586667	-39.01354215
0.916384331	-0.081794651	19.96790947	-38.96613106
0.977325455	-0.040877688	20.02570103	-38.90887061
1.053566885	-0.00759983	20.07923068	-38.84182716
1.144494001	0.018350609	20.12848087	-38.76506814
1.249377034	0.037342432	20.17342778	-38.67866185
1.367385106	0.049794534	20.21404212	-38.58267736
1.49760103	0.056168517	20.25028995	-38.47718439
1.639036526	0.056961081	20.28213356	-38.36225334
1.790647585	0.052696368	20.30953242	-38.23795529
1.951349698	0.043918362	20.33244412	-38.10436205
2.120032707	0.031183491	20.35082528	-37.96154627
2.295575058	0.015053525	20.36463256	-37.80958155
2.476857277	-0.003911131	20.37382349	-37.64854254
2.662774506	-0.025157673	20.37835737	-37.47850516
2.852247967	-0.048146599	20.37819607	-37.29954672
3.044235258	-0.072356823	20.37330479	-37.11174609
3.237739411	-0.097290173	20.36365272	-36.91518386
3.431816666	-0.122475244	20.34921366	-36.70994255
3.625582932	-0.147470598	20.32996655	-36.4961067
3.818218953	-0.171867318	20.30589591	-36.27376304
4.008974186	-0.195290916	20.27699219	-36.04300062
4.197169442	-0.217402633	20.24325207	-35.80391095
4.38219835	-0.237900139	20.20467867	-35.55658801
4.563527702	-0.25651769	20.16128165	-35.30112841
4.740696775	-0.273025769	20.11307725	-35.03763136
4.913315718	-0.287230259	20.06008833	-34.76619875
5.081063094	-0.298971204	20.00234421	-34.48693512
5.243682699	-0.308121206	19.93988055	-34.19994765
5.400979737	-0.3145835	19.87273919	-33.90534608
5.552816479	-0.318289782	19.80096784	-33.60324271
5.699107504	-0.31919782	19.72461981	-33.29375221
5.839814619	-0.317288916	19.64375373	-32.9769916
5.974941562	-0.312565253	19.55843313	-32.65308005
6.104528579	-0.305047188	19.46872611	-32.32213876
6.228646964	-0.294770522	19.37470493	-31.9842908
6.347393636	-0.281783798	19.27644562	-31.6396609
6.460885835	-0.266145649	19.17402755	-31.28837529
6.569255991	-0.247922239	19.06753303	-30.93056146
6.672646825	-0.227184829	18.95704691	-30.56634796
6.771206736	-0.204007468	18.84265619	-30.19586418
6.865085501	-0.178464858	18.7244496	-29.81924011
6.954430332	-0.150630391	18.60251725	-29.43660612
7.039382296	-0.120574364	18.47695027	-29.04809271
7.120073126	-0.088362399	18.34784046	-28.65383024
7.196622429	-0.05405405	18.21527998	-28.25394876
7.269135281	-0.017701613	18.07936104	-27.84857769
7.337700215	0.020650875	17.94017563	-27.43784561
7.402387579	0.060968445	17.79781526	-27.02188
7.463248258	0.103225836	17.6523707	-26.60080702
7.520312731	0.147407951	17.50393181	-26.1747512
7.573590436	0.193510176	17.35258726	-25.74383527
7.623069419	0.241538546	17.19842443	-25.30817981
7.668716237	0.291509794	17.04152915	-24.86790307
7.710476066	0.343451289	16.88198562	-24.42312063
7.748272993	0.397400889	16.71987619	-23.97394516
7.782010452	0.453406725	16.55528122	-23.52048608
7.811571747	0.511526931	16.38827896	-23.06284927
7.836820651	0.571829351	16.21894535	-22.60113665
7.857602001	0.634391235	16.04735387	-22.13544587
7.873742279	0.699298957	15.87357532	-21.66586977
7.885050106	0.766647762	15.69767765	-21.19249594
7.891316613	0.836541585	15.51972565	-20.71540607
7.892315627	0.909092962	15.33978066	-20.23467529
7.887803607	0.984423063	15.15790021	-19.75037129
7.877519256	1.062661887	14.97413752	-19.26255333
7.861182726	1.143948668	14.78854092	-18.77127095
7.83849428	1.22843254	14.60115311	-18.27656241
7.809132277	1.316273555	14.41201016	-17.77845266
7.772750249	1.407644144	14.22114025	-17.27695074
7.72897275	1.502731197	14.02856198	-16.77204626
7.677389488	1.601739002	13.83428193	-16.26370466
7.617546891	1.704893466	13.63829138	-15.75186042
7.548935565	1.812448386	13.44056112	-15.23640681
7.470970159	1.924695526	13.24103307	-14.717179
7.382969812	2.041973417	13.03961217	-14.19393972
7.284175199	2.164654286	12.836175	-13.66640499
7.17383702	2.293089989	12.63060989	-13.13434292
7.051373353	2.42751924	12.42288452	-12.59773549
6.916554602	2.567959723	12.21311989	-12.056956
6.769655155	2.714119705	12.00164427	-11.51290143
6.611536048	2.86534995	11.78901439	-10.96704833
6.443665538	3.020632452	11.57600942	-10.4214437
6.268095898	3.178595576	11.36360734	-9.87865234
6.087409162	3.337548172	11.15295032	-9.341675396
5.904641457	3.495526864	10.94530355	-8.813851197
5.72319356	3.650351892	10.742011	-8.298746831
5.546733777	3.799687737	10.54445091	-7.800046962
5.379098056	3.941105486	10.35399276	-7.321444954
5.224191256	4.072144473	10.17195728	-6.866540125
5.085892679	4.190371254	9.999580577	-6.438743963
4.967968244	4.293434384	9.837982949	-6.041197308
4.873991099	4.379113884	9.688142957	-5.676699811
4.807271933	4.445364575	9.550876831	-5.347652379
4.770799779	4.490352767	9.42682328	-5.056012889
4.767193761	4.512486028	9.316433533	-4.80326498
4.79866585	4.510435967	9.219966367	-4.590399476
4.866994466	4.483154153	9.137487755	-4.417907712
4.973508511	4.429881412	9.068874712	-4.285785816
5.119081225	4.350150902	9.013822881	-4.193548904
5.304133139	4.243785429	8.971857341	-4.140253992
5.528643259	4.110889548	8.942346134	-4.124530396
5.792167549	3.951837047	8.92451599	-4.144616371
6.093863744	3.76725445	8.917469737	-4.198400709
6.432521463	3.55800117	8.920204915	-4.283468087
6.806596643	3.325146963	8.931633121	-4.397146969
7.214249276	3.06994732	8.950599668	-4.536558963
7.653383512	2.793817405	8.975903143	-4.698668588
8.121689216	2.49830512	9.006314534	-4.880332519
8.616684126	2.185063838	9.040595595	-5.078347464
9.135755843	1.855825304	9.077516188	-5.289495942
9.676202936	1.512373149	9.115870388	-5.510589321
10.23527456	1.156517423	9.154491147	-5.738507609
10.81020802	0.790070474	9.192263405	-5.970235556
11.39826385	0.414824485	9.228135532	-6.202894779
11.99675802	0.032530877	9.261129042	-6.433771668
12.603091	-0.355118205	9.290346566	-6.660340957
13.21477342	-0.746506227	9.314978077	-6.880284919
13.82944824	-1.140106309	9.334305408	-7.091508213
14.44490937	-1.534492953	9.347705128	-7.292148497
15.0591167	-1.928351451	9.354649856	-7.480582965
15.67020754	-2.320485016	9.354708115	-7.655431031
16.27650477	-2.709819704	9.347542842	-7.815553416
16.87652162	-3.095407234	9.332908686	-7.960047949
17.46896345	-3.476425832	9.310648229	-8.088242389
18.05272664	-3.85217924	9.280687275	-8.199684626
18.62689488	-4.222094064	9.243029348	-8.294130616
19.1907332	-4.585715617	9.197749549	-8.371530405
19.74367982	-4.942702471	9.144987914	-8.432012612
20.28533641	-5.292819872	9.084942412	-8.475867717
20.81545672	-5.63593223	9.017861708	-8.503530506
21.33393415	-5.971994865	8.944037836	-8.515561988
21.84078834	-6.301045191	8.86379887	-8.512631102
22.33615123	-6.62319351	8.777501722	-8.495496494
22.82025263	-6.938613588	8.685525152	-8.464988612
23.29340576	-7.247533169	8.588263071	-8.421992372
23.75599288	-7.550224566	8.486118216	-8.367430578
24.20845113	-7.846995455	8.379496251	-8.302248282
24.65125897	-8.138180002	8.268800349	-8.227398222
25.08492317	-8.424130401	8.154426282	-8.143827465
25.50996655	-8.705208936	8.036758061	-8.052465329
25.92691672	-8.981780612	7.916164124	-7.954212661
26.33629563	-9.254206425	7.792994093	-7.849932494
26.73861027	-9.522837307	7.667576087	-7.74044211
27.13434439	-9.788008783	7.540214592	-7.626506484
27.52395135	-10.05003634	7.411188858	-7.508833092
27.90784806	-10.30921153	7.280751802	-7.388068036
28.28641003	-10.56579876	7.149129397	-7.264793415
28.65996749	-10.82003283	7.016520496	-7.139525877
29.02880256	-11.0721171	6.883097075	-7.012716267
29.39314739	-11.32222232	6.749004831	-6.884750266
29.7531832	-11.57048601	6.614364113	-6.755949931
30.10904024	-11.81701251	6.479271128	-6.626576033
30.46079847	-12.06187334	6.343799395	-6.496831077
30.80848898	-12.30510825	6.208001381	-6.3668629
31.15209595	-12.54672644	6.071910307	-6.23676875
31.4915593	-12.78670827	5.93554205	-6.106599723
31.82677757	-13.0250072	5.79889713	-5.97636548
32.1576114	-13.26155199	5.661962736	-5.846039137
32.48388706	-13.49624903	5.524714748	-5.715562235
32.80540039	-13.72898485	5.387119744	-5.584849721
33.12192074	-13.95962868	5.249136945	-5.45379486
33.43319499	-14.18803507	5.110720092	-5.322274005
33.73895164	-14.41404648	4.971819217	-5.190151176
34.03890474	-14.63749584	4.832382308	-5.05728239
34.33275779	-14.85820903	4.692356834	-4.923519712
34.6202074	-15.0760073	4.551691144	-4.788714973
34.90094689	-15.29070944	4.410335705	-4.652723151
35.17466948	-15.50213397	4.268244199	-4.515405379
35.44107137	-15.71010099	4.125374457	-4.376631585
35.69985451	-15.914434	3.981689245	-4.236282738
35.95072902	-16.11496143	3.837156894	-4.094252726
36.19341543	-16.31151804	3.691751788	-3.950449858
36.42764647	-16.50394605	3.545454709	-3.804797999
36.65316874	-16.69209621	3.398253046	-3.65723737
36.86974385	-16.87582858	3.250142048	-3.507727331
37.07714929	-17.05501373	3.1011302	-3.356257362
37.27517914	-17.22953429	2.951250771	-3.202870296
37.46364478	-17.39928718	2.800578335	-3.047695434
37.64237555	-17.56418579	2.6492468	-2.890984625
37.8112189	-17.7241616	2.497463986	-2.73314137
37.97004037	-17.8791649	2.345519237	-2.574735946
38.11872331	-18.02916472	2.193784124	-2.416506663
38.25716857	-18.17414803	2.0427077	-2.259350195
38.38529393	-18.31411843	1.892807628	-2.104303598
38.5030335	-18.44909448	1.744658299	-1.952520313
38.61033698	-18.57910773	1.598876959	-1.80524212
38.70716878	-18.70420053	1.456108663	-1.663768783
38.79350713	-18.82442379	1.317010806	-1.52942679
38.86934312	-18.93983477	1.182237814	-1.403538436
38.93467969	-19.05049479	1.052426485	-1.287392199
38.98953058	-19.15646719	0.928182377	-1.18221521
39.03391934	-19.25781533	0.810067532	-1.089148415
39.06787825	-19.35460082	0.698589767	-1.009224866
39.09144737	-19.44688192	0.594193657	-0.943351431
39.10467356	-19.53471223	0.497253311	-0.892294089
39.10760955	-19.61813948	0.408066949	-0.856666869
39.10031308	-19.6972047	0.326853274	-0.836924379
39.08284613	-19.77194154	0.253749566	-0.833357815
39.05527414	-19.84237582	0.188811404	-0.846094249
39.01766541	-19.90852529	0.132013907	-0.875098971
38.97009046	-19.97039968	0.08325433	-0.920180578
38.91262157	-20.02800077	0.042355886	-0.980998525
38.84533232	-20.08132278	0.009072605	-1.057072783
38.76829725	-20.13035285	-0.016904923	-1.147795275
38.6815916	-20.17507164	-0.035943111	-1.252442739
38.58529106	-20.215454	-0.048458393	-1.370190676
38.47947164	-20.25146984	-0.054909877	-1.500128061
38.36420962	-20.28308495	-0.055791791	-1.641272491
38.23958145	-20.31026191	-0.051625843	-1.792585484
38.10566385	-20.33296104	-0.042953672	-1.952987657
37.96253382	-20.35114133	-0.030329464	-2.121373535
37.81026874	-20.36476136	-0.014312883	-2.29662578
37.64894654	-20.37378025	0.004537622	-2.477628641
37.47864581	-20.37815849	0.025671035	-2.66328048
37.29944602	-20.3778588	0.048549462	-2.852505231
37.11142764	-20.37284687	0.07265324	-3.044262711
36.9146724	-20.36309209	0.097485427	-3.237557679
36.70926344	-20.34856816	0.122575658	-3.431447634
36.49528551	-20.32925367	0.147483343	-3.625049301
36.27282513	-20.30513254	0.171800227	-3.817543823
36.04197081	-20.27619444	0.195152307	-4.00818067
35.80281313	-20.2424351	0.217201139	-4.196280322
35.55544494	-20.20385653	0.237644549	-4.381235758
35.29996143	-20.16046719	0.256216803	-4.562512851
35.03646022	-20.11228203	0.272688259	-4.739649723
34.76504146	-20.05932255	0.286864558	-4.91225517
34.48580783	-20.00161669	0.298585396	-5.080006247
34.19886458	-19.93919876	0.307722938	-5.24264512
33.90431949	-19.87210919	0.314179906	-5.399975277
33.60228286	-19.80039437	0.317887423	-5.551857223
33.29286746	-19.72410633	0.31880264	-5.698203751
32.97618837	-19.64330248	0.316906203	-5.83897489
32.65236297	-19.5580452	0.312199626	-5.974172634
32.32151074	-19.46840154	0.304702586	-6.103835543
31.98375314	-19.37444282	0.294450207	-6.228033302
31.63921343	-19.27624418	0.281490366	-6.346861319
31.28801648	-19.17388426	0.265881055	-6.460435428
30.93028859	-19.06744473	0.247687827	-6.568886775
30.56615727	-18.9570099	0.226981362	-6.672356924
30.19575102	-18.84266632	0.203835176	-6.770993252
29.81919909	-18.72450241	0.178323481	-6.864944654
29.43663125	-18.60260804	0.150519226	-6.954357592
29.04817755	-18.47707419	0.120492319	-7.039372523
28.65396807	-18.34799262	0.088308043	-7.120120704
28.25413264	-18.2154555	0.054025667	-7.196721392
27.84880064	-18.07955514	0.017697252	-7.269279438
27.43810069	-17.9403837	-0.020633347	-7.337883258
27.02216045	-17.79803288	-0.060931296	-7.402603195
26.60110628	-17.65259372	-0.10317142	-7.46349022
26.17506305	-17.50415638	-0.147338668	-7.520574987
25.74415386	-17.35280987	-0.193428429	-7.57386718
25.30849974	-17.19864189	-0.241446706	-7.623355162
24.86821939	-17.04173867	-0.291410167	-7.669005855
24.42342892	-16.88218478	-0.343346088	-7.710764845
23.97424151	-16.72006293	-0.397292207	-7.748556665
23.52076713	-16.55545387	-0.453296516	-7.782285215
23.06311218	-16.38843621	-0.511416993	-7.811834283
22.60137914	-16.21908625	-0.571721313	-7.837068127
22.13566615	-16.04747779	-0.634286551	-7.857832071
21.66606656	-15.87368195	-0.699198894	-7.873953074
21.19266842	-15.69776697	-0.766553402	-7.885240219
20.71555388	-15.51979789	-0.836453827	-7.891485076
20.23479846	-15.33983631	-0.909012522	-7.892461886
19.75047023	-15.15793995	-0.984350482	-7.887927494
19.26262876	-14.97416221	-1.062597538	-7.877620955
18.77132389	-14.78855156	-1.143892765	-7.861262736
18.27659412	-14.60115082	-1.228385152	-7.838553383
17.77846461	-14.41199617	-1.316234616	-7.809171498
17.27694455	-14.22111584	-1.407613466	-7.772770817
16.77202369	-14.02852846	-1.502708485	-7.728976063
16.26366755	-13.83424065	-1.60172387	-7.677377075
15.75181066	-13.63824366	-1.704885446	-7.617520379
15.2363463	-13.44050828	-1.81244695	-7.548896643
14.71710964	-13.24097637	-1.924700091	-7.470920549
14.1938513	-13.03954772	-2.041990197	-7.382899536
13.66622068	-12.83606976	-2.164725021	-7.284012023
13.13380943	-12.63034989	-2.293342699	-7.173351999
12.59627092	-12.42219681	-2.428224224	-7.050066164
12.05345546	-12.21146807	-2.569583606	-6.913532902
11.50550241	-11.99810207	-2.717374513	-6.763521029
10.95288635	-11.78213424	-2.871226296	-6.600304902
10.3964309	-11.56370312	-3.030409199	-6.424733294
9.837295498	-11.34304745	-3.19382552	-6.23825586
9.276939421	-11.12049546	-3.360022188	-6.042914023
8.71706705	-10.89644736	-3.527220318	-5.841303026
8.159561623	-10.67135376	-3.69335765	-5.636511655
7.606425157	-10.44569829	-3.856140144	-5.432045529
7.059738333	-10.21999051	-4.013099451	-5.231739271
6.521632819	-9.994765026	-4.161653415	-5.039662199
5.994262437	-9.770579433	-4.299167173	-4.860021545
5.479770117	-9.548009334	-4.423012831	-4.697066583
4.980252862	-9.327641181	-4.530626049	-4.554996483
4.497726532	-9.110063753	-4.61955823	-4.437874137
4.034091982	-8.895858861	-4.687523306	-4.349547743
3.591103712	-8.685591825	-4.732438413	-4.293581434
3.170341955	-8.479802137	-4.75245798	-4.273195881
2.77318885	-8.278994674	-4.746000996	-4.291219384
2.400809141	-8.083631724	-4.711771412	-4.350049692
2.054135645	-7.894126026	-4.64877179	-4.451626472
1.73385957	-7.710834968	-4.556310464	-4.597414152
1.440425605	-7.53405603	-4.434002596	-4.788394635
1.174031619	-7.364023503	-4.281765574	-5.025069231
0.934632676	-7.200906503	-4.09980932	-5.307469038
0.721949011	-7.044808221	-3.888622078	-5.63517288
0.535477564	-6.89576637	-3.648952308	-6.00733188
0.374506608	-6.753754728	-3.381787334	-6.422699675
0.238132999	-6.618685684	-3.088329382	-6.879667293
0.125281553	-6.49041367	-2.769969636	-7.376301677
0.034726052	-6.36873935	-2.428260939	-7.910386922
-0.034888583	-6.253414451	-2.06488969	-8.47946727
-0.085023444	-6.144147086	-1.681647516	-9.080891
-0.11722252	-6.040607462	-1.280403179	-9.711854397
-0.133089746	-5.942433829	-0.863075203	-10.36944507
-0.134266565	-5.849238563	-0.431605588	-11.05068391
-0.122410342	-5.760614267	0.012065021	-11.75256519
-0.099173919	-5.676139788	0.466020434	-12.4720942
-0.066186547	-5.595386053	0.928390048	-13.20632212
-0.025036401	-5.517921657	1.39736782	-13.95237761
0.022745161	-5.443318108	1.871228962	-14.70749517
0.075697494	-5.371154695	2.348344268	-15.46903975
0.132442625	-5.301022913	2.827192038	-16.23452776
0.191695244	-5.232530423	3.306367603	-17.00164431
0.252270731	-5.165304503	3.784590498	-17.76825686
0.313091236	-5.098994998	4.260709356	-18.53242509
0.373189876	-5.033276744	4.733704627	-19.2924075
0.431713135	-4.967851471	5.202689268	-20.04666458
0.487921564	-4.902449215	5.666907532	-20.79385897
0.541188901	-4.836829226	6.125732051	-21.53285277
0.590999768	-4.770780428	6.578659375	-22.26270229
0.636946055	-4.704121434	7.025304166	-22.98265056
0.678722188	-4.636700168	7.465392239	-23.69211782
0.716119406	-4.568393126	7.898752646	-24.39069032
0.749019226	-4.499104307	8.325308993	-25.07810781
0.777386256	-4.428763867	8.745070186	-25.75424989
0.801260497	-4.357326538	9.158120778	-26.41912155
0.820749312	-4.284769839	9.564611096	-27.07283828
0.836019168	-4.211092144	9.964747306	-27.71561083
0.847287328	-4.136310623	10.35878156	-28.34772998
0.854813578	-4.060459118	10.74700237	-28.96955154
0.858892125	-3.983585973	11.12972532	-29.58148173
0.859843768	-3.905751857	11.5072842	-30.1839631
0.858008405	-3.827027621	11.88002271	-30.77746125
0.853737988	-3.747492202	12.24828673	-31.36245237
0.847389955	-3.667230609	12.61241728	-31.93941172
0.839321212	-3.58633201	12.97274416	-32.50880323
0.829882692	-3.504887939	13.32958037	-33.07107008
0.819414514	-3.42299064	13.68321722	-33.62662656
0.80824177	-3.34073155	14.03392022	-34.17585098
0.796670933	-3.258199941	14.38192575	-34.71907982
0.78498483	-3.175480734	14.7274384	-35.25660295
0.773444492	-3.092655678	15.07062908	-35.78866001
0.76232872	-3.009823306	15.4116337	-36.31543785
0.752015899	-2.927139801	15.7505526	-36.83706894
0.743056911	-2.844855193	16.08745042	-37.35363079
0.73620164	-2.763326218	16.42235667	-37.86514616
0.732388955	-2.683010857	16.75526658	-38.37158411
0.732717724	-2.604453305	17.08614252	-38.87286174
0.738407481	-2.528263738	17.41491575	-39.36884655
0.750754187	-2.455095585	17.7414884	-39.85935931
0.77108479	-2.385622177	18.06573579	-40.34417743
0.800713156	-2.320514079	18.3875089	-40.82303859
0.840899147	-2.26041799	18.70663703	-41.29564475
0.892812066	-2.205937846	19.02293043	-41.7616663
0.957499231	-2.157618499	19.33618319	-42.2207463
1.035860108	-2.115932219	19.64617666	-42.67250488
1.128626161	-2.081268107	19.95268451	-43.11654351
1.236346372	-2.053924414	20.2554798	-43.55244943
1.359378226	-2.034103643	20.55434207	-43.97979991
1.497883832	-2.021910261	20.84906306	-44.39816653
1.651830766	-2.017350801	21.13945063	-44.8071192
1.820997153	-2.020336123	21.4253313	-45.20623007
2.004980468	-2.030685572	21.70655147	-45.59507709
2.203209512	-2.048132761	21.98297766	-45.97324729
2.41495901	-2.072332697	22.25449592	-46.34033976
2.639367491	-2.102870544	22.52101068	-46.69596755
2.87545873	-2.139272104	22.78244337	-47.03975817
3.12216191	-2.181013794	23.03873037	-47.37135495
3.378326984	-2.227530502	23.28982022	-47.69042102
3.642740124	-2.278223514	23.53567076	-47.99664293
3.914142716	-2.332470075	23.77624646	-48.28973191
4.191251329	-2.389633387	24.01151615	-48.56942385
4.472776677	-2.449072133	24.24145068	-48.83547917
4.757441344	-2.510149404	24.46602082	-49.08768239
5.043996047	-2.572240913	24.68519533	-49.3258415
5.331234291	-2.634742428	24.89893926	-49.54978724
5.618005298	-2.697076342	25.10721249	-49.75937214
5.903225142	-2.758697368	25.30996851	-49.95446954
6.185886031	-2.819097309	25.5071535	-50.13497244
6.465063762	-2.877808921	25.69870568	-50.30079237
6.739923363	-2.934408866	25.88455487	-50.45185813
7.009722971	-2.988519791	26.06462236	-50.58811462
7.27381605	-3.039811568	26.23882097	-50.70952156
7.531652025	-3.088001738	26.40705537	-50.8160523
7.782775473	-3.132855231	26.56922253	-50.9076927
8.026823979	-3.174183407	26.72521247	-50.98443997
8.263524822	-3.211842509	26.87490899	-51.04630165
8.492690622	-3.245731576	27.0181907	-51.09329464
8.714214103	-3.275789922	27.15493204	-51.12544433
8.928062132	-3.301994222	27.28500439	-51.14278377
9.134269172	-3.324355313	27.40827735	-51.14535299
9.332930309	-3.342914756	27.52461986	-51.13319838
9.524193979	-3.357741248	27.63390153	-51.10637217
9.708254544	-3.368926944	27.73599381	-51.06493203
9.885344822	-3.376583744	27.83077126	-51.00894065
10.05572871	-3.380839624	27.91811266	-50.93846557
10.21969397	-3.381835032	27.99790216	-50.85357895
10.3775453	-3.379719421	28.07003032	-50.75435746
10.52959774	-3.374647952	28.13439508	-50.64088222
10.67617054	-3.366778392	28.19090263	-50.51323884
10.81758141	-3.356268246	28.23946818	-50.37151743
10.95414139	-3.343272141	28.28001671	-50.2158127
11.08615018	-3.327939478	28.31248348	-50.0462241
11.21389209	-3.310412364	28.33681458	-49.8628559
11.33763255	-3.290823828	28.35296725	-49.66581742
11.45761514	-3.269296323	28.3609102	-49.4552231
11.57405933	-3.245940517	28.36062377	-49.23119273
11.68715857	-3.220854345	28.35210001	-48.99385153
11.79707912	-3.194122344	28.33534269	-48.74333031
11.9039592	-3.16581522	28.31036716	-48.47976557
12.00790872	-3.135989665	28.27720023	-48.20329959
12.1090094	-3.104688377	28.23587988	-47.91408046
12.20731525	-3.071940285	28.18645495	-47.61226211
12.30285344	-3.037760942	28.12898479	-47.29800426
12.39562547	-3.002153074	28.06353879	-46.97147243
12.48560854	-2.965107257	27.99019594	-46.63283776
12.57275716	-2.926602701	27.90904431	-46.2822769
12.65700497	-2.886608124	27.8201805	-45.91997186
12.73826662	-2.845082684	27.72370908	-45.54610975
12.81643973	-2.80197696	27.61974199	-45.1608825
12.89140696	-2.757233957	27.50839797	-44.76448663
12.96303804	-2.710790113	27.38980194	-44.35712286
13.03119173	-2.662576303	27.26408437	-43.93899572
13.09571785	-2.612518812	27.13138075	-43.51031322
13.15645912	-2.560540271	26.99183089	-43.07128635
13.21325289	-2.506560545	26.84557845	-42.62212866
13.26593286	-2.450497558	26.69277027	-42.16305576
13.31433054	-2.39226805	26.53355586	-41.6942848
13.35827658	-2.331788255	26.36808688	-41.216034
13.39760203	-2.268974505	26.19651659	-40.72852205
13.43213925	-2.20374374	26.01899934	-40.23196759
13.46172284	-2.136013935	25.83569013	-39.72658865
13.48619023	-2.065704442	25.64674413	-39.21260206
13.50538219	-1.992736231	25.45231624	-38.69022286
13.51914313	-1.917032052	25.25256067	-38.15966373
13.52732121	-1.838516508	25.04763055	-37.62113439
13.5297683	-1.757116037	24.83767752	-37.07484096
13.52633977	-1.67275882	24.62285137	-36.52098537
13.51689412	-1.585374598	24.40329964	-35.95976475
13.50129246	-1.49489442	24.17916732	-35.39137074
13.47939781	-1.40125031	23.95059644	-34.81598885
13.45107431	-1.304374859	23.71772571	-34.23379779
13.41618621	-1.204200753	23.48069018	-33.64496872
13.37459683	-1.100660219	23.23962083	-33.04966451
13.32616722	-0.993684399	22.99464417	-32.44803893
13.27075482	-0.883202654	22.74588181	-31.84023575
13.20821186	-0.769141775	22.49344996	-31.22638779
13.13838362	-0.651425115	22.23745893	-30.60661583
13.06110645	-0.529971607	21.97801249	-29.98102741
12.97620562	-0.404694667	21.71520719	-29.34971539
12.88349279	-0.275500953	21.44913155	-28.71275637
12.78276319	-0.142288934	21.17986511	-28.07020873
12.67379232	-0.004947246	20.90747722	-27.42211033
12.55633205	0.13664726	20.63202569	-26.76847569
12.43010595	0.282631857	20.35355498	-26.10929251
12.29480357	0.433160805	20.07209402	-25.44451723
12.15007323	0.588408969	19.78765332	-24.77406936
11.99551263	0.7485765	19.5002212	-24.09782399
11.83065621	0.913895178	19.20975867	-23.41560149
11.65495705	1.084637456	18.91619209	-22.72715304
11.4677586	1.261130596	18.61940217	-22.03213851
11.2682652	1.443788252	18.31920514	-21.33008906
11.05555477	1.633106064	18.01533033	-20.62036182
10.82866294	1.829472525	17.70742141	-19.90214089
10.58670203	2.032849644	17.39508217	-19.17452581
10.32896519	2.242659575	17.07794563	-18.43666615
10.05501037	2.458022206	16.75574732	-17.68790955
9.764751566	2.678076274	16.42842286	-16.92801557
9.458589774	2.902073908	16.09622606	-16.15743282
9.137569416	3.129257591	15.7598137	-15.37751406
8.803492744	3.358709894	15.42026538	-14.59058951
8.45894995	3.589262885	15.07905553	-13.79992867
8.107278664	3.819458113	14.73799919	-13.00963715
7.752479241	4.047541955	14.39918252	-12.22451302
7.399102305	4.271486213	14.06488556	-11.44987967
7.052119705	4.489026717	13.73750266	-10.69140828
6.716787445	4.697714104	13.41946455	-9.9549394
6.398507287	4.894972068	13.11316482	-9.246310983
6.10269222	5.078159254	12.82089309	-8.57119822
5.834639789	5.244631693	12.54477596	-7.934969012
5.599416288	5.391803339	12.28672686	-7.342557746
5.401753943	5.517202763	12.04840511	-6.79835897
5.245962522	5.618524568	11.83118426	-6.306141739
5.135856197	5.693674475	11.63612976	-5.868984749
5.074695947	5.740807378	11.46398522	-5.489231751
5.065147406	5.758357981	11.31516709	-5.168466362
5.109253649	5.745063869	11.18976676	-4.907504974
5.208422173	5.6999811	11.08755953	-4.706406243
5.363425077	5.622492553	11.00801943	-4.564495413
5.574411257	5.512309462	10.95033923	-4.480401621
5.840929347	5.369466618	10.91345453	-4.452106255
6.161960007	5.194311867	10.89607132	-4.477000421
6.535956155	4.987490552	10.89669588	-4.551949573
6.960889694	4.74992561	10.9136665	-4.673363462
7.434303344	4.482794039	10.94518605	-4.837269597
7.953366175	4.187500474	10.9893548	-5.039388559
8.514931571	3.865648571	11.0442029	-5.275209622
9.115596367	3.519010906	11.10772183	-5.540065284
9.751760049	3.149498017	11.17789449	-5.829203471
10.41968298	2.759127229	11.25272338	-6.137856317
11.11554274	2.349991793	11.33025658	-6.461304623
11.83548781	1.924230862	11.40861131	-6.794937218
12.57568784	1.484000728	11.48599481	-7.134304638
13.33238006	1.03144772	11.56072234	-7.475166676
14.10191132	0.568683071	11.63123242	-7.813533501
14.88077542	0.097760009	11.69609906	-8.145700189
15.66564552	-0.379346717	11.75404119	-8.468274634
16.45340163	-0.860758754	11.80392926	-8.778198907
17.24115284	-1.344709408	11.84478919	-9.072764258
18.0262548	-1.829556219	11.87580374	-9.349620013
18.80632212	-2.313790875	11.89631165	-9.606776735
19.57923622	-2.796046505	11.90580448	-9.842604036
20.34314876	-3.275102448	11.90392166	-10.05582352
21.09648095	-3.749886632	11.89044374	-10.24549732
21.83791913	-4.219475707	11.8652843	-10.41101284
22.56640691	-4.683093107	11.82848052	-10.55206411
23.28113436	-5.140105246	11.78018284	-10.66863041
23.98152465	-5.590016034	11.72064389	-10.76095269
24.66721846	-6.032459953	11.65020685	-10.82950828
25.33805662	-6.467193887	11.56929356	-10.87498438
25.99406146	-6.894087944	11.47839249	-10.89825093
26.63541714	-7.313115474	11.37804678	-10.90033321
27.26244933	-7.724342509	11.2688426	-10.88238459
27.87560477	-8.127916801	11.15139782	-10.84565988
28.47543074	-8.52405668	11.02635127	-10.79148958
29.06255496	-8.913039878	10.89435261	-10.72125531
29.63766617	-9.295192507	10.75605295	-10.63636673
30.20149538	-9.670878319	10.61209627	-10.53824006
30.75479839	-10.04048839	10.46311168	-10.42827847
31.29833933	-10.40443133	10.30970663	-10.30785444
31.83287563	-10.76312413	10.15246097	-10.17829413
32.35914446	-11.11698367	9.991922	-10.0408638
32.87785058	-11.46641908	9.828600368	-9.896758435
33.38965589	-11.8118248	9.662966925	-9.747092325
33.89517039	-12.15357457	9.495450394	-9.592891755
34.39494487	-12.49201619	9.326435869	-9.435089616
34.88946497	-12.82746718	9.156264083	-9.274521876
35.37914686	-13.16021129	8.985231374	-9.111925797
35.86433427	-13.49049575	8.813590306	-8.947939755
36.34529684	-13.81852939	8.641550855	-8.783104531
36.82222972	-14.14448144	8.469282105	-8.617865911
37.29525436	-14.46848103	8.296914388	-8.452578449
37.76442021	-14.79061736	8.124541776	-8.287510214
38.22970741	-15.11094037	7.952224874	-8.122848383
38.69103029	-15.42946202	7.779993843	-7.958705496
39.14824142	-15.74615798	7.607851579	-7.795126247
39.60113631	-16.06096966	7.435776993	-7.632094631
40.04945855	-16.37380665	7.263728332	-7.469541334
40.49290517	-16.68454934	7.091646496	-7.307351221
40.93113233	-16.99305181	6.919458287	-7.145370802
41.36376106	-17.2991448	6.747079558	-6.983415571
41.79038304	-17.60263879	6.574418232	-6.821277121
42.21056631	-17.90332712	6.401377137	-6.658729946
42.6238609	-18.2009891	6.227856653	-6.495537853
43.02980415	-18.49539302	6.053757135	-6.331459941
43.42792591	-18.78629912	5.87898111	-6.16625608
43.81775331	-19.07346243	5.703435215	-5.999691861
44.19881526	-19.3566354	5.5270319	-5.831542995
44.57064657	-19.63557044	5.349690865	-5.661599145
44.93279161	-19.91002214	5.17134025	-5.489667175
45.28480767	-20.17974946	4.991917585	-5.315573844
45.6262678	-20.4445175	4.811370492	-5.139167933
45.95676328	-20.7040992	4.62965717	-4.960321839
46.27590568	-20.95827675	4.446746668	-4.778932659
46.58332853	-21.20684278	4.26261896	-4.594922788
46.87868812	-21.4496011	4.0772651	-4.408240602
47.16166323	-21.68636742	3.890690549	-4.218867384
47.43195544	-21.91697216	3.702928505	-4.026844178
47.68929113	-22.14126638	3.514064736	-3.832321583
47.93342339	-22.35912805	3.324264364	-3.635613351
48.16413236	-22.57046575	3.133790567	-3.437233776
48.38122475	-22.77522024	2.943013022	-3.237914485
48.58453334	-22.97336425	2.752407794	-3.038604067
48.77391622	-23.16490102	2.562550508	-2.840454224
48.94925595	-23.34986183	2.374104446	-2.644795713
49.1104586	-23.52830274	2.187804976	-2.453106934
49.25745266	-23.7003008	2.004441568	-2.266977643
49.39018784	-23.86594997	1.824838444	-2.088069923
49.50863382	-24.02535683	1.649834762	-1.918078206
49.61277886	-24.17863632	1.480265085	-1.758689854
49.70262847	-24.32590762	1.316940741	-1.611547511
49.77820402	-24.46729018	1.160632547	-1.478214207
49.83954125	-24.60290015	1.01205528	-1.360141943
49.88668897	-24.73284709	0.871854153	-1.258644302
49.91970762	-24.85723115	0.740593465	-1.174873447
49.93866799	-24.97614066	0.618747542	-1.109801676
49.94364998	-25.08965018	0.506693965	-1.064207628
49.93474135	-25.19781904	0.404709081	-1.038667038
49.91203668	-25.30069029	0.312965699	-1.033547902
49.87563633	-25.39829015	0.231532845	-1.049009803
49.82564552	-25.49062779	0.160377438	-1.085007078
49.76217353	-25.5776956	0.099367678	-1.141295462
49.68533296	-25.65946971	0.048277977	-1.217441833
49.59523913	-25.73591092	0.006795192	-1.312836593
49.49200958	-25.80696582	-0.025474032	-1.426708299
49.37576363	-25.87256819	-0.048995042	-1.558140059
49.2466221	-25.9326406	-0.064296292	-1.706087293
49.10470702	-25.98709611	-0.071959999	-1.869396434
48.95014152	-26.03584014	-0.072612541	-2.046824157
48.78304976	-26.07877233	-0.066914773	-2.237056786
48.60355687	-26.11578853	-0.055552449	-2.438729524
48.41178906	-26.14678266	-0.039226877	-2.650445199
48.20787369	-26.17164869	-0.01864597	-2.870792256
47.99193939	-26.19028238	0.005484211	-3.098361761
47.76411625	-26.20258312	0.032467318	-3.331763208
47.52453603	-26.20845547	0.061623886	-3.569638981
47.27333235	-26.20781072	0.092297781	-3.810677334
47.0106409	-26.20056826	0.123861851	-4.053623803
46.73659968	-26.18665674	0.155722769	-4.297291001
46.4513492	-26.16601514	0.187325056	-4.540566755
46.15503268	-26.13859368	0.21815428	-4.782420603
45.84779624	-26.10435447	0.247739449	-5.021908672
45.52978904	-26.0632721	0.275654626	-5.258176994
45.20116345	-26.015334	0.301519803	-5.49046333
44.86207508	-25.96054068	0.325001078	-5.718097596
44.51270076	-25.89891556	0.345811151	-5.940502929
44.15328613	-25.83053117	0.363710845	-6.157198823
43.78415889	-25.75551618	0.378508245	-6.367799458
43.40566279	-25.6740188	0.390053095	-6.57200249
43.01809088	-25.58616959	0.398230764	-6.769576971
42.62167476	-25.49207513	0.402958916	-6.960356704
42.21659708	-25.39182434	0.404185178	-7.144235613
41.80300256	-25.28549396	0.401884542	-7.32116255
41.38100771	-25.17315327	0.396056556	-7.491135696
40.95070918	-25.05486806	0.386722369	-7.654196661
40.51219102	-24.93070391	0.373921705	-7.810424414
40.06553076	-24.8007289	0.357709794	-7.959929149
39.61080453	-24.66501575	0.338154331	-8.102846184
39.14809119	-24.52364338	0.315332498	-8.239329992
38.67747562	-24.37669815	0.289328089	-8.36954843
38.19905124	-24.22427457	0.260228773	-8.493677241
37.71292185	-24.06647573	0.228123523	-8.611894888
37.2192028	-23.90341342	0.193100233	-8.72437776
36.71802167	-23.73520796	0.15524354	-8.831295792
36.20951839	-23.56198779	0.114632866	-8.932808517
35.693845	-23.38388894	0.071340682	-9.029061575
35.17116507	-23.20105431	0.025431009	-9.120183673
34.64165277	-23.0136328	-0.023041862	-9.206284013
34.10549175	-22.82177843	-0.074034425	-9.28745016
33.56287378	-22.62564936	-0.12751479	-9.363746339
33.01399728	-22.42540683	-0.183463322	-9.435212151
32.45906576	-22.22121419	-0.241873088	-9.501861662
31.89828613	-22.01323582	-0.302750125	-9.56368284
31.33186704	-21.80163615	-0.366113557	-9.620637307
30.76001716	-21.58657864	-0.431995585	-9.672660361
30.1829435	-21.3682249	-0.500441351	-9.719661224
29.60084971	-21.14673369	-0.571508724	-9.761523469
29.01393453	-20.92226016	-0.645268013	-9.798105587
28.42239013	-20.69495497	-0.721801647	-9.829241628
27.82640063	-20.4649636	-0.801203833	-9.854741879
27.22614057	-20.23242554	-0.883580235	-9.874393513
26.62177344	-19.99747366	-0.969047694	-9.887961152
26.01345025	-19.76023352	-1.057734019	-9.895187284
25.401308	-19.52082268	-1.149777894	-9.895792463
24.78546813	-19.27935002	-1.245328933	-9.889475206
24.16603488	-19.03591496	-1.344547929	-9.875911501
23.54309337	-18.79060662	-1.447607358	-9.854753809
22.91670741	-18.54350282	-1.554692216	-9.825629408
22.28691685	-18.29466881	-1.666001272	-9.788137891
21.65373419	-18.04415571	-1.781748888	-9.741847542
21.01714023	-17.79199836	-1.902167599	-9.686290189
20.37707801	-17.53821242	-2.027511767	-9.620953911
19.73344429	-17.28279018	-2.158062827	-9.545272551
19.08608925	-17.0257005	-2.294137872	-9.458608559
18.43481079	-16.76688632	-2.436103224	-9.360225877
17.77926202	-16.5062262	-2.584401421	-9.249236101