0	0	0	0
4.066419288	-2.069132303	0	-0.088484766
5.755876317	-2.950010116	0	-0.17693355
7.054572236	-3.635735251	0	-0.26531037
8.150467673	-4.22028882	0	-0.353579238
9.116086266	-4.739932983	0	-0.441704162
9.988444586	-5.213175906	0	-0.529649145
10.78940461	-5.650947987	0	-0.617378179
11.53311252	-6.060321251	0	-0.704855244
12.22931531	-6.44616764	0	-0.792044311
12.88504404	-6.812000644	0	-0.878909332
13.50555067	-7.160443714	0	-0.965414244
14.09486701	-7.493509715	0	-1.051522964
14.65615672	-7.81277694	0	-1.137199385
15.19194697	-8.119504937	0	-1.222407376
15.70428649	-8.414713529	0	-1.307110777
16.1948567	-8.699238376	0	-1.391273394
16.66505189	-8.973771064	0	-1.474859001
17.11603832	-9.238888684	0	-1.557831329
17.5487988	-9.49507608	0	-1.640154066
17.96416664	-9.742742872	0	-1.721790852
18.36285216	-9.982236686	0	-1.80270527
18.74546346	-10.21385357	0	-1.882860847
19.11252305	-10.43784631	0	-1.962221042
19.46448121	-10.6544311	0	-2.040749242
19.8017269	-10.86379305	0	-2.118408755
20.12459664	-11.06609059	0	-2.195162801
20.43338201	-11.26145929	0	-2.270974505
20.72833576	-11.45001488	0	-2.345806886
21.00967704	-11.6318559	0	-2.419622847
21.2775958	-11.80706595	0	-2.492385168
21.53225653	-11.9757155	0	-2.564056488
21.77380145	-12.13786361	0	-2.634599297
22.00235328	-12.29355926	0	-2.70397592
22.21801761	-12.44284259	0	-2.772148502
22.42088497	-12.58574594	0	-2.839078992
22.61103261	-12.72229479	0	-2.904729125
22.78852604	-12.85250854	0	-2.969060402
22.95342044	-12.97640125	0	-3.032034072
23.10576182	-13.09398225	0	-3.093611103
23.24558805	-13.20525667	0	-3.153752164
23.3729298	-13.31022596	0	-3.212417594
23.4878113	-13.4088883	0	-3.269567372
23.59025106	-13.50123895	0	-3.32516109
23.68026242	-13.58727061	0	-3.379157911
23.75785408	-13.66697372	0	-3.431516538
23.82303055	-13.74033663	0	-3.482195168
23.87579245	-13.80734591	0	-3.531151449
23.91613684	-13.86798644	0	-3.578342431
23.94405741	-13.9222416	0	-3.623724512
23.95954466	-13.97009334	0	-3.667253378
23.96258596	-14.01152231	0	-3.708883941
23.95316563	-14.04650787	0	-3.748570266
23.93126487	-14.07502811	-0.007563247	-3.786265496
23.89686171	-14.09705985	-0.02568482	-3.821921766
23.84993083	-14.11257859	-0.044853878	-3.855490107
23.79044335	-14.12155842	-0.065095462	-3.886920349
23.71836659	-14.1239719	-0.086435265	-3.916161002
23.63366367	-14.11978997	-0.108899701	-3.94315913
23.53629308	-14.10898167	-0.132515972	-3.967860218
23.42620823	-14.09151398	-0.157312142	-3.990208009
23.30335679	-14.0673515	-0.183317229	-4.010144338
23.16768001	-14.03645615	-0.210561296	-4.02760894
23.01911194	-13.99878677	-0.239075563	-4.042539234
22.85757845	-13.95429869	-0.26889252	-4.054870085
22.68299622	-13.90294318	-0.300046068	-4.064533536
22.49527146	-13.84466689	-0.332571665	-4.071458503
22.29429857	-13.77941112	-0.366506501	-4.075570439
22.07995847	-13.70711109	-0.401889691	-4.07679094
21.85211679	-13.62769497	-0.43876249	-4.075037312
21.61062172	-13.54108281	-0.477168551	-4.070222067
21.35530157	-13.4471854	-0.517154205	-4.06225235
21.0859619	-13.34590276	-0.558768796	-4.051029279
20.80238222	-13.23712253	-0.602065058	-4.036447188
20.50431209	-13.12071802	-0.64709956	-4.01839274
20.19146659	-12.99654595	-0.693933214	-3.996743898
19.86352094	-12.86444373	-0.742631888	-3.971368725
19.52010407	-12.72422628	-0.793267108	-3.942123956
19.16079099	-12.57568218	-0.845916903	-3.908853318
18.78509353	-12.41856905	-0.900666817	-3.871385509
18.3924491	-12.25260793	-0.957611116	-3.829531781
17.98220692	-12.07747636	-1.016854258	-3.783082998
17.55361088	-11.89279982	-1.078512697	-3.731806039
17.10577813	-11.69814101	-1.142717099	-3.675439348
16.63767189	-11.49298623	-1.209615123	-3.613687389
16.14806653	-11.27672795	-1.279374932	-3.546213622
15.63550191	-11.04864191	-1.352189681	-3.472631515
15.09822291	-10.8078569	-1.428283364	-3.392492864
14.53409749	-10.55331377	-1.507918531	-3.305272357
13.94050342	-10.28370877	-1.591406686	-3.210346773
13.31416749	-9.997413169	-1.679122595	-3.106966368
12.65093053	-9.692355712	-1.771524487	-2.994214477
11.94539134	-9.365844572	-1.869183424	-2.870948774
11.1903434	-9.014285703	-1.972827518	-2.735712832
10.37583495	-8.632712854	-2.083411428	-2.586597137
9.487489712	-8.213947899	-2.202231474	-2.421008856
8.503222914	-7.746958856	-2.331129563	-2.235263989
7.385954672	-7.213216533	-2.472887958	-2.023797828
6.06401304	-6.576896045	-2.632093984	-1.777435542
4.356791616	-5.747705599	-2.817423273	-1.478825701
1.094226879	-4.140625138	-3.050022185	-1.085675418
0.74065037	-4.41796547	-3.05	-4.263975821
0.905575863	-4.577160507	-2.93	-4.954516495
1.085959193	-4.682488826	-2.81	-5.696064175
1.279921595	-4.753896002	-2.69	-6.485162773
1.485224946	-4.800803519	-2.57	-7.317794432
1.699344297	-4.828584372	-2.45	-8.189478359
1.919544248	-4.840664926	-2.33	-9.095373007
2.142956191	-4.839400828	-2.21	-10.03037858
2.36665388	-4.826502671	-2.09	-10.98923714
2.587725124	-4.803265942	-1.97	-11.96662804
2.803337841	-4.770705298	-1.85	-12.95725662
3.010799088	-4.729637817	-1.73	-13.95593469
3.207606063	-4.680737138	-1.61	-14.95765153
3.391488444	-4.624570044	-1.49	-15.9576347
3.560441726	-4.561621997	-1.37	-16.95140011
3.712751555	-4.492315458	-1.25	-17.93479121
3.847009259	-4.417023317	-1.13	-18.90400752
3.962119039	-4.33607896	-1.01	-19.85562287
4.057297426	-4.24978392	-0.89	-20.78659397
4.132065771	-4.158413808	-0.77	-21.6942601
4.186236618	-4.062222949	-0.65	-22.57633483
4.219894889	-3.961448056	-0.53	-23.43089095
4.233374836	-3.856311182	-0.41	-24.25633945
4.227233728	-3.747022096	0.005838483	-25.0514039
4.202223213	-3.633780225	0.06407344	-25.81509125
4.159259256	-3.516776247	0.136075284	-26.54666009
4.099391494	-3.396193409	0.222912607	-27.24558758
4.023772779	-3.27220862	0.325566279	-27.91153572
3.933629584	-3.144993371	0.444917747	-28.54431822
3.830233868	-3.014714501	0.581738945	-29.1438683
3.71487688	-2.881534847	0.736683832	-29.71020793
3.588845312	-2.745613798	0.910281563	-30.24341842
3.453400084	-2.607107762	1.102931283	-30.74361509
3.309757976	-2.466170564	1.314898493	-31.21092776
3.159076204	-2.322953798	1.546312942	-31.64548445
3.002440005	-2.177607113	1.797167979	-32.04739666
2.84085868	-2.030278476	2.067321277	-32.41674726
2.675284343	-1.881114394	2.35649685	-32.75358191
2.506661163	-1.7302601	2.664288254	-33.05790377
2.335996804	-1.577859732	2.990162888	-33.32967118
2.164437349	-1.424056476	3.333467267	-33.56879823
1.993321324	-1.268992696	3.693433177	-33.7751577
1.824197434	-1.112810056	4.06918459	-33.9485861
1.658809028	-0.955649624	4.459745237	-34.08889051
1.499054965	-0.79765196	4.864046733	-34.19585681
1.346935075	-0.638957213	5.280937135	-34.26925884
1.204487016	-0.479705189	5.709189849	-34.30886836
1.073720083	-0.320035433	6.147512782	-34.3144653
0.956550348	-0.160087296	6.594557638	-34.28584802
0.854740543	-0.0164	7.048929282	-34.22284335
0.769847144	-0.016846872	7.509195075	-34.12531618
0.703176364	-0.033548742	7.97389415	-33.9931782
0.655750059	-0.049960587	8.441546775	-33.82639593
0.628281981	-0.065937337	8.910663842	-33.62499756
0.621164325	-0.081333854	9.379756158	-33.38907872
0.634464151	-0.0960049	9.847343239	-33.11880704
0.667928917	-0.109805105	10.31196151	-32.8144254
0.721000175	-0.122588926	10.77217195	-32.47625399
0.792834284	-0.134210597	11.22656708	-32.10469105
0.882328927	-0.144524078	11.67377744	-31.70021249
0.988154156	-0.153382979	12.11247736	-31.26337029
1.108786693	-0.160640484	12.54139025	-30.79479001
1.242546274	-0.16614925	12.95929321	-30.29516716
1.387632859	-0.169761287	13.36502105	-29.76526294
1.542163668	-0.171327827	13.75746987	-29.20589916
1.704209083	-0.17069915	14.13559994	-28.61795264
1.871826614	-0.167724397	14.49843817	-28.00234913
2.043092224	-0.162251332	14.84507999	-27.36005701
2.216128487	-0.154126072	15.17469083	-26.69208066
2.389129147	-0.143192767	15.48650706	-25.99945388
2.560379803	-0.12929321	15.77983657	-25.2832333
2.728274553	-0.112266396	16.05405894	-24.544492
2.891328533	-0.091947975	16.30862517	-23.78431327
3.0481864	-0.068169626	16.54305713	-23.0037848
3.197626872	-0.040758293	16.75694669	-22.2039932
3.3385635	-0.009535283	16.94995453	-21.38601906
3.470041924	-0.029877633	17.12180867	-20.55093247
3.591233825	-0.047447632	17.27230281	-19.69978914
3.701427871	-0.065014655	17.40129441	-18.83362724
3.800017849	-0.081538862	17.50870264	-17.953465
3.886488156	-0.096074269	17.59450609	-17.06029974
3.960396704	-0.107778848	17.65874041	-16.15516109
4.021355047	-0.11592021	17.70149577	-15.23934544
4.0690052	-0.119877175	17.72291429	-14.31483016
4.102991844	-0.119137607	17.72318731	-13.38464175
4.122926888	-0.113292996	17.7025527	-12.45300336
4.128337769	-0.102030287	17.66129201	-11.52528187
4.118642204	-0.085121479	17.59972771	-10.60780805
4.09329851	-0.062411516	17.51822035	-9.707620038
4.052193777	-0.033804949	17.41716572	-8.832167701
3.996084148	0.000748191	17.29699212	-7.989005764
3.926885543	0.041266955	17.15815752	-7.185496747
3.847783133	0.087754212	17.00114687	-6.428538848
3.763201018	0.140211406	16.82646944	-5.724329292
3.678668741	0.198653387	16.63465619	-5.078169759
3.600616242	0.263123564	16.42625724	-4.494317388
3.53612404	0.333710052	16.20183946	-3.975882261
3.492650971	0.410564177	15.96198404	-3.524770248
3.477757652	0.493924362	15.70728428	-3.141668502
3.498840135	0.584153734	15.43834346	-2.826069699
3.5628848	0.681738906	15.15577284	-2.576330303
3.676252577	0.787081138	14.86019295	-2.38975757
3.844497914	0.900031051	14.55224595	-2.262719762
4.072225654	1.019410374	14.2326203	-2.190773977
4.362987025	1.14275778	13.90207641	-2.168806123
4.719214328	1.266315134	13.56146291	-2.191177868
5.142192608	1.385183079	13.21172343	-2.251875771
5.632065531	1.493586235	12.85389635	-2.344658299
6.187871948	1.585199136	12.48910946	-2.463196977
6.807609041	1.653493991	12.11857062	-2.601208492
7.488317659	1.692080318	11.74355564	-2.752575185
8.226185273	1.695014401	11.3653941	-2.911451951
9.016661998	1.657063363	10.9854539	-3.072358129
9.854585272	1.573914555	10.60512509	-3.230253549
10.73430904	1.442325824	10.22580352	-3.380598359
11.64983362	1.260216244	9.848874603	-3.519396738
12.59493283	1.026700033	9.47569772	-3.643225001
13.56327546	0.742068756	9.107591355	-3.749244919
14.54853848	0.407728587	8.745819311	-3.835203382
15.54451018	0.026100458	8.391578112	-3.899419739
16.54518146	-0.399508534	8.045985745	-3.940762309
17.54482449	-0.865054041	7.710071827	-3.958615684
18.53805789	-1.365915565	7.384769256	-3.952840454
19.5198984	-1.897062191	7.07090736	-3.923727058
20.48579908	-2.453216227	6.769206564	-3.871945359
21.43167453	-3.029008956	6.480274538	-3.798491526
22.35391396	-3.619123762	6.20460379	-3.704633685
23.24938295	-4.218422972	5.942570642	-3.591857659
24.11541522	-4.822055825	5.694435523	-3.461814011
24.94979541	-5.425545982	5.460344492	-3.316267416
25.75073457	-6.024857945	5.240331897	-3.157054771
26.51683939	-6.61644258	5.034324073	-2.986067056
27.24707686	-7.197262658	4.842143982	-2.805263461
27.94073548	-7.764799901	4.663516666	-2.61671007
28.5973845	-8.31704551	4.498075435	-2.422624839
29.21683225	-8.852476439	4.345368653	-2.225404854
29.79908412	-9.370019926	4.204867029	-2.02762072
30.34430091	-9.869008841	4.075971307	-1.831981238
30.85276039	-10.34913044	3.958020245	-1.641278081
31.32482433	-10.81037101	3.850298788	-1.458318636
31.76090877	-11.25295866	3.752046348	-1.285853678
32.16145599	-11.67730644	3.662465093	-1.126505248
32.5269098	-12.08395749	3.580728162	-0.982698905
32.85769499	-12.47353382	3.505987749	-0.856603435
33.15420109	-12.84668988	3.437382957	-0.750080224
33.41677022	-13.20407187	3.374047386	-0.664643616
33.64568894	-13.54628338	3.315116383	-0.601432957
33.84118377	-13.87385763	3.25973392	-0.561196397
34.00342014	-14.18723649	3.207059035	-0.544286073
34.13250435	-14.4867559	3.156271836	-0.550663904
34.22848816	-14.77263839	3.106579719	-0.579916974
34.29137561	-15.04499438	3.057225128	-0.631281224
34.32113162	-15.30383192	3.007494457	-0.703672093
34.31769192	-15.54907019	2.956727008	-0.79572066
34.28097394	-15.7805525	2.904324281	-0.905813814
34.21088828	-15.99805816	2.849759058	-1.032137041
34.10735025	-16.20131371	2.792582463	-1.172718468
33.97029133	-16.39000379	2.732428447	-1.325472919
33.79967013	-16.56378173	2.669015975	-1.488244868
33.59548259	-16.72227998	2.602149229	-1.658849299
33.35777125	-16.86512025	2.531716099	-1.835109663
33.08663338	-16.99192339	2.457685203	-2.014892251
32.7822279	-17.10231876	2.380101692	-2.196136476
32.44478084	-17.19595313	2.299082045	-2.376880714
32.07458949	-17.27249884	2.214808066	-2.555283466
31.67202513	-17.33166116	2.12752026	-2.729639771
31.23753426	-17.3731848	2.037510771	-2.898392888
30.77163869	-17.39685941	1.945116014	-3.06014139
30.2749341	-17.40252407	1.850709166	-3.21364186
29.7480877	-17.39007072	1.754692612	-3.357807488
29.19183465	-17.35944659	1.657490477	-3.491702867
28.60697365	-17.31065555	1.559541327	-3.614535342
27.99436173	-17.24375849	1.461291127	-3.725643231
27.35490846	-17.15887289	1.363186525	-3.824481232
26.68956959	-17.0561714	1.265668522	-3.910603233
25.99934048	-16.93587984	1.169166575	-3.983642628
25.28524918	-16.79827451	1.07409317	-4.043290018
24.54834967	-16.64367895	0.980838895	-4.089267797
23.78971496	-16.47246034	0.889768037	-4.121300334
23.01043052	-16.28502559	0.801214701	-4.139076767
22.21158799	-16.08181717	0.715479475	-4.142197784
21.39427924	-15.86330891	0.632826612	-4.130488563
20.55959096	-15.63000175	0.553481752	-4.10534594
19.70859979	-15.38241951	0.477630139	-4.071403405
18.84236818	-15.12110488	0.405415331	-4.036805615
17.96194104	-14.84661549	0.336938376	-4.012080533
17.0683439	-14.55952033	0.272257423	-4.008827512
16.16298387	-14.26039632	0.211387733	-4.038712965
15.24912405	-13.94982529	0.15430207	-4.112724636
14.33365791	-13.62839116	0.100931409	-4.240641452
13.42739718	-13.29667757	0.051165943	-4.430681384
12.5438459	-12.9552657	0.004856333	-4.689294675
11.69771863	-12.60473253	-0.038184853	-5.021074179
10.90373467	-12.24564931	-0.078181545	-5.428758426
10.17566647	-11.87858043	-0.115392512	-5.913306405
9.52561915	-11.50408248	-0.150109679	-6.474026107
8.963517422	-11.1227037	-0.182656528	-7.108741451
8.496775447	-10.73498372	-0.213386707	-7.813984579
8.130125669	-10.34145374	-0.242683005	-8.585202571
7.865582857	-9.942637677	-0.270957043	-9.416969442
7.70252052	-9.539448314	-0.298650412	-10.30319596
7.637837938	-9.134591338	-0.326209903	-11.23733125
7.666197434	-8.734100269	-0.35398351	-12.21255146
7.780313041	-8.347229002	-0.382074093	-13.22193201
7.97127347	-7.984861248	-0.410268278	-14.25860077
8.228884068	-7.657846627	-0.438059543	-15.3158444
8.54201436	-7.375802071	-0.464697317	-16.38715139
8.898939643	-7.146310453	-0.489230641	-17.46629014
9.287667008	-6.974451818	-0.510547175	-18.54748418
9.696237961	-6.862606645	-0.527408234	-19.62556016
10.1130016	-6.810475152	-0.538480396	-20.69598616
10.52686386	-6.815261652	-0.542364131	-21.75485763
10.92751578	-6.871978266	-0.537619806	-22.79887198
11.30560207	-6.973827759	-0.522791355	-23.82529347
11.65280628	-7.112630786	-0.4964278	-24.83191003
11.96190077	-7.279268308	-0.457102817	-25.81698386
12.22679474	-7.464115225	-0.403432438	-26.77919737
12.44256147	-7.657446331	-0.334091011	-27.7175962
12.60543299	-7.849800402	-0.24782546	-28.63153102
12.71276514	-8.03229253	-0.143467931	-29.52059929
12.76297676	-8.196868692	-0.019946857	-30.38458859
12.75546632	-8.336499881	0.123703519	-31.22342243
12.69050897	-8.445316055	0.288335098	-32.03710968
12.56913639	-8.518682453	0.474679329	-32.82569828
12.39299997	-8.553222571	0.683342012	-33.58923399
12.16421391	-8.546793642	0.914799473	-34.32772455
11.88515838	-8.498422549	1.169396203	-35.04110948
11.55825426	-8.408209849	1.447344069	-35.72923577
11.1858407	-8.277207764	1.748723108	-36.39183939
10.77026589	-8.107278402	2.07348368	-37.02853244
10.31409244	-7.900939873	2.421449665	-37.63879569
9.82027068	-7.661207297	2.792322444	-38.2219763
9.292274386	-7.391434566	3.185685546	-38.77729011
8.73423993	-7.095161649	3.601009873	-39.3038281
8.151084226	-6.775971158	4.037659436	-39.80056654
7.548545904	-6.437356547	4.494897517	-40.26638022
6.933131429	-6.082602793	4.971893169	-40.7000582
6.311985319	-5.71467809	5.467727996	-41.10032153
5.692709946	-5.336130741	5.981403128	-41.46584232
5.083156272	-4.948969027	6.51184631	-41.79526379
4.491203082	-4.554534972	7.057919067	-42.0872206
3.924538773	-4.15350099	7.618423847	-42.34035905
3.390456716	-3.746087393	8.192111114	-42.55335684
2.895672337	-3.332381106	8.777686317	-42.72494183
2.446167669	-2.912587328	9.373816705	-42.85390959
2.047066972	-2.487176037	9.979137932	-42.93913938
1.702545157	-2.056947377	10.59226043	-42.97960841
1.415769275	-1.623036625	11.2117755	-42.97440405
1.188871991	-1.186876373	11.83626115	-42.92273402
1.022955031	-0.75013067	12.46428757	-42.8239343
0.918119767	-0.314613232	13.09442232	-42.67747482
0.873521571	0.043586205	13.72523518	-42.48296282
0.887444222	0.201746314	14.35530273	-42.24014392
0.957390416	0.357427541	14.98321248	-41.94890092
1.080184453	0.510048211	15.60756677	-41.60925035
1.252083179	0.659111378	16.22698642	-41.22133683
1.468891527	0.804219923	16.8401139	-40.78542533
1.726079204	0.94508612	17.44561645	-40.3018913
2.018895457	1.081535895	18.04218874	-39.77120866
2.342479197	1.213508181	18.62855546	-39.19393574
2.691962186	1.341049978	19.20347356	-38.57069892
3.06256342	1.464307798	19.76573438	-37.90217382
3.449673233	1.583516272	20.31416556	-37.18906367
3.848926111	1.698984672	20.84763282	-36.43207417
4.25626155	1.81108212	21.36504159	-35.63188381
4.667972695	1.920222171	21.86533851	-34.78910787
5.080742791	2.026847421	22.34751284	-33.90425312
5.491669813	2.131414702	22.81059775	-32.97765766
5.898279862	2.234381302	23.25367156	-32.00940461
6.29853013	2.336192596	23.67585887	-30.99918139
6.690802412	2.437271351	24.0763316	-29.9461234
7.073888261	2.538008869	24.45431001	-28.84886301
7.446966967	2.638758058	24.80906355	-27.70593194
7.809577579	2.739828451	25.13991166	-26.51631557
8.161586218	2.841483081	25.4462245	-25.27988923
8.503149891	2.943937128	25.72742349	-23.99767342
8.834677974	3.047358142	25.98298176	-22.67197008
9.156792483	3.151867669	26.21242437	-21.30648234
9.470288113	3.257544041	26.41532841	-19.90645767
9.776092997	3.364426111	26.59132283	-18.47876818
10.07523094	3.472517685	26.74008793	-17.03184594
10.36878584	3.581792436	26.86135458	-15.57548254
10.65786884	3.692199078	26.95490302	-14.12053629
10.94358864	3.8036666	27.02056106	-12.6785833
11.22702528	3.916109393	27.05820174	-11.26154282
11.50920761	4.029432121	27.06774002	-9.881301113
11.79109455	4.143534206	27.04912837	-8.549353116
12.07357806	4.258313849	27.00235063	-7.276476547
12.35755411	4.373671512	26.92741317	-6.072448852
12.64406953	4.489512824	26.82433105	-4.945813875
12.93447187	4.605750891	26.69311135	-3.903702013
13.23049488	4.722308029	26.53374955	-2.951704974
13.53427424	4.839116932	26.34625166	-2.093804071
13.84831182	4.95612131	26.13067137	-1.332349249
14.1754046	5.073276073	25.88714477	-0.66808465
14.51855109	5.190547084	25.61591691	-0.100215525
14.88084623	5.307910588	25.31736134	0.373489385
15.26469818	5.425352343	24.99199326	0.756566301
15.66936151	5.542866556	24.64047698	1.053702112
16.08837662	5.660454671	24.26362859	1.270563713
16.50991091	5.778124073	23.86241425	1.413617109
16.9195255	5.895886773	23.43794499	1.489942025
17.30286535	6.01375811	22.99146841	1.507047253
17.64744998	6.131755528	22.52435781	1.472691396
17.94378519	6.249897449	22.03809944	1.394712999
18.18595416	6.368202274	21.53427812	1.280873418
18.37181123	6.486687531	21.01456171	1.138715049
18.50287883	6.605369188	20.48068492	0.975436905
18.58402944	6.724261113	19.93443257	0.797788851
18.62302064	6.843374712	19.37762286	0.61198521
18.62993871	6.962335181	18.81209075	0.423637906
18.61659629	7.078992036	18.23967171	0.237708784
18.59592036	7.187823204	17.66218617	0.05848034
18.58135918	7.279876485	17.0814246	-0.110456286
18.58633011	7.344207568	16.49913366	-0.266197496
18.62372406	7.369504762	15.9170033	-0.406509263
18.70547757	7.345339084	15.33665506	-0.529796849
18.84221891	7.263057869	14.75963149	-0.635064124
19.04299091	7.116359717	14.18738694	-0.721864477
19.31505048	6.901595666	13.62127955	-0.790245273
19.66374181	6.617843418	13.0625646	-0.84068777
20.0924386	6.266800646	12.51238905	-0.874044296
20.6025492	5.852540859	11.97178752	-0.891474386
21.1935771	5.381171733	11.44167931	-0.894381393
21.86322909	4.860431542	10.92286679	-0.884350931
22.60756249	4.299254661	10.41603482	-0.863092326
23.42116319	3.70733233	9.921751252	-0.832384036
24.29734623	3.094690027	9.440468522	-0.794023833
25.22837113	2.471298189	8.972526056	-0.749784316
26.20566458	1.846728625	8.518153605	-0.701374176
27.22004398	1.229864932	8.077475314	-0.650405416
28.26193601	0.628671636	7.650514475	-0.598366623
29.32158505	0.0500236	7.23719888	-0.546602179
30.38924745	-1.352446999	6.837366672	-0.496297239
31.45536822	-2.751886982	6.450772625	-0.448468139
32.51073768	-4.054591755	6.077094758	-0.403957843
33.54662643	-5.25533307	5.715941205	-0.363435966
34.55489758	-6.351974242	5.366857271	-0.327402828
35.52809616	-7.345179452	5.029332579	-0.296197
36.45951576	-8.238062306	4.702808264	-0.270005773
37.34324354	-9.035793651	4.386684119	-0.24890612
38.17418476	-9.74518744	4.080325662	-0.23302959
38.94806841	-10.37428173	3.783071034	-0.222899332
39.66143607	-10.93192989	3.494237714	-0.219781106
40.31161588	-11.42741466	3.213128966	-0.225829954
40.89668399	-11.87009545	2.939040012	-0.244004685
41.41541572	-12.26909652	2.671263871	-0.277856849
41.86722871	-12.63304156	2.409096848	-0.331276188
42.25212022	-12.9698377	2.151843642	-0.408231532
42.57060066	-13.28651003	1.898822055	-0.512529558
42.82362537	-13.58908569	1.649367291	-0.647604482
43.01252625	-13.88252539	1.402835821	-0.816345779
43.13894492	-14.1706984	1.158608832	-1.020966953
43.20476866	-14.45639667	0.916095235	-1.262915518
43.21207027	-14.74138245	0.674734249	-1.542822341
43.16305273	-15.02646384	0.433997563	-1.860476613
43.05999935	-15.31159219	0.193391085	-2.214816084
42.90522982	-15.59597549	-0.04754371	-2.60396712
42.70106245	-15.87820204	-0.289228818	-3.025354206
42.44978273	-16.15636909	-0.532049105	-3.475823734
42.15361804	-16.42821174	-0.776301849	-3.951743852
41.81474417	-16.69122777	-1.022004209	-4.449098067
41.43533855	-16.94279518	-1.268634248	-4.963584154
41.01758349	-17.18027923	-1.515024594	-5.490714533
40.56355877	-17.40112723	-1.759441952	-6.025914727
40.07514593	-17.60294943	-1.999722115	-6.564617056
39.55402569	-17.7835852	-2.233396117	-7.10234723
39.00171307	-17.94115439	-2.45780468	-7.634802014
38.41959116	-18.07409401	-2.670200205	-8.157916613
37.80894305	-18.18118102	-2.867836298	-8.66792093
37.17098188	-18.26154225	-3.048045121	-9.161384211
36.50687874	-18.31465283	-3.208303094	-9.635248015
35.81778839	-18.34032468	-3.346285556	-10.08684776
35.1048729	-18.33868661	-3.459911081	-10.51392337
34.3693232	-18.31015829	-3.547376188	-10.91461981
33.61237864	-18.25542121	-3.607181202	-11.2874784
32.83534504	-18.17539011	-3.638148	-11.63142004
32.03961131	-18.07118533	-3.639430404	-11.9457215
31.22666511	-17.94410313	-3.610517971	-12.22998596
30.39810796	-17.79558138	-3.551233914	-12.48410901
29.55567026	-17.62716153	-3.461727883	-12.70824132
28.7012267	-17.44044958	-3.342464323	-12.36328564
27.83681246	-17.23707852	-3.194207027	-12.54074331
26.96464059	-17.0186746	-3.018000544	-12.70009334
26.08712067	-16.78682846	-2.815148981	-12.84110025
25.20687877	-16.54307235	-2.587192769	-12.96350233
24.3267781	-16.28886386	-2.335883883	-13.06701351
23.50236879	-16.02557616	-2.063159992	-13.15132447
22.60825967	-15.75449492	-1.771117965	-13.21610275
21.72103236	-15.47682123	-1.461987126	-13.26099219
20.84404069	-15.19368038	-1.138102613	-13.28561146
19.98100343	-14.90613562	-0.801879155	-13.28955169
19.13606951	-14.61520644	-0.455785556	-13.27237309
18.31388882	-14.32189064	-0.10232012	-13.23360042
17.51968477	-14.02718959	0.256012754	-13.17271703
16.75932215	-13.73213591	0.616724646	-13.08915737
16.03935903	-13.437823	0.977363684	-12.98229736
15.36706583	-13.14543553	1.335533512	-12.85144228
14.75038763	-12.85628003	1.688910549	-12.69581138
14.19782021	-12.57181439	2.035259472	-12.45
13.71816796	-12.57181439	2.372446883	-12