0	0	0.00E+00	0.00E+00
1.00223E-05	-6.97295E-05	8.04E-05	-1.62E-05
9.07823E-05	-0.000638615	7.34E-04	-1.40E-04
0.000414424	-0.002943737	3.37E-03	-6.13E-04
0.00130206	-0.009283003	1.06E-02	-1.85E-03
0.003224115	-0.022871257	2.60E-02	-4.41E-03
0.006775514	-0.047414126	5.39E-02	-8.97E-03
0.012629951	-0.086588603	9.84E-02	-1.62E-02
0.021477256	-0.143568456	1.63E-01	-2.69E-02
0.033941546	-0.220671226	2.51E-01	-4.16E-02
0.050487408	-0.319150033	3.62E-01	-6.06E-02
0.071358945	-0.439128799	4.99E-01	-8.40E-02
0.096576849	-0.579661066	6.58E-01	-1.12E-01
0.125961739	-0.738886232	8.38E-01	-1.43E-01
0.159158117	-0.914269612	1.04E+00	-1.77E-01
0.195660227	-1.102909336	1.25E+00	-2.13E-01
0.234838881	-1.301867048	1.47E+00	-2.50E-01
0.275972839	-1.508467715	1.70E+00	-2.88E-01
0.318285014	-1.720527797	1.93E+00	-3.26E-01
0.360975396	-1.936494274	2.17E+00	-3.64E-01
0.403258739	-2.15542221	2.41E+00	-4.01E-01
0.44441733	-2.376627928	2.65E+00	-4.38E-01
0.48386525	-2.599137227	2.89E+00	-4.75E-01
0.52121384	-2.821491997	3.13E+00	-5.11E-01
0.556324078	-3.042372312	3.37E+00	-5.47E-01
0.589343356	-3.261865821	3.61E+00	-5.84E-01
0.6207194	-3.482423952	3.85E+00	-6.21E-01
0.651167449	-3.708618691	4.09E+00	-6.59E-01
0.681608933	-3.945947309	4.35E+00	-6.98E-01
0.713132377	-4.199319738	4.62E+00	-7.39E-01
0.746992556	-4.471728625	4.90E+00	-7.83E-01
0.784635872	-4.763892322	5.21E+00	-8.30E-01
0.827733633	-5.075405724	5.54E+00	-8.82E-01
0.878197143	-5.406968356	5.89E+00	-9.41E-01
0.938143916	-5.762084698	6.26E+00	-1.01E+00
1.009807168	-6.146804239	6.66E+00	-1.08E+00
1.095429599	-6.568141834	7.09E+00	-1.17E+00
1.197183997	-7.032661909	7.57E+00	-1.28E+00
1.317107314	-7.545650816	8.09E+00	-1.40E+00
1.457022663	-8.110684739	8.66E+00	-1.53E+00
1.618469132	-8.729462589	9.29E+00	-1.69E+00
1.802663446	-9.401833467	9.97E+00	-1.87E+00
2.010489996	-10.12594151	1.07E+01	-2.07E+00
2.242529236	-10.89840072	1.15E+01	-2.29E+00
2.499143132	-11.71447342	1.23E+01	-2.53E+00
2.780597127	-12.56831285	1.32E+01	-2.79E+00
3.087180643	-13.45334146	1.41E+01	-3.07E+00
3.419316182	-14.3627568	1.50E+01	-3.37E+00
3.777645011	-15.29006641	1.59E+01	-3.69E+00
4.163054283	-16.22955619	1.68E+01	-4.01E+00
4.576619175	-17.17665176	1.78E+01	-4.36E+00
5.019440771	-18.12813088	1.87E+01	-4.71E+00
5.492377009	-19.08215253	1.97E+01	-5.09E+00
5.995717214	-20.0381311	2.06E+01	-5.48E+00
6.52887498	-20.99650891	2.15E+01	-5.88E+00
7.090144283	-21.95844972	2.25E+01	-6.32E+00
7.676522764	-22.92546115	2.35E+01	-6.77E+00
8.283592493	-23.89897322	2.44E+01	-7.25E+00
8.905486329	-24.87991203	2.54E+01	-7.76E+00
9.535008532	-25.8682904	2.64E+01	-8.30E+00
10.16395292	-26.86283187	2.74E+01	-8.86E+00
10.78361819	-27.86070716	2.85E+01	-9.45E+00
11.38549506	-28.85751851	2.95E+01	-1.01E+01
11.96204826	-29.84760645	3.06E+01	-1.07E+01
12.50748302	-30.82464716	3.17E+01	-1.13E+01
13.01838367	-31.78243285	3.27E+01	-1.20E+01
13.49407435	-32.71567	3.38E+01	-1.26E+01
13.9365948	-33.62063267	3.48E+01	-1.33E+01
14.35035985	-34.49556755	3.58E+01	-1.39E+01
14.74165918	-35.34082479	3.68E+01	-1.46E+01
15.11807564	-36.158767	3.78E+01	-1.52E+01
15.48784061	-36.95352955	3.88E+01	-1.59E+01
15.85915939	-37.73065669	3.97E+01	-1.65E+01
16.23954436	-38.49659161	4.06E+01	-1.72E+01
16.63521265	-39.25803194	4.15E+01	-1.78E+01
17.05063728	-40.02125804	4.24E+01	-1.84E+01
17.48834234	-40.79146015	4.32E+01	-1.91E+01
17.94901398	-41.57187182	4.41E+01	-1.97E+01
18.43185558	-42.36287981	4.50E+01	-2.03E+01
18.93493302	-43.16193511	4.58E+01	-2.10E+01
19.45529808	-43.96481118	4.67E+01	-2.16E+01
19.98892455	-44.7677001	4.75E+01	-2.22E+01
20.53082258	-45.56876429	4.83E+01	-2.29E+01
21.07565945	-46.36817652	4.92E+01	-2.35E+01
21.61865962	-47.16711297	5.00E+01	-2.41E+01
22.15633658	-47.96648225	5.08E+01	-2.47E+01
22.68685914	-48.76583197	5.16E+01	-2.54E+01
23.2099856	-49.56310486	5.25E+01	-2.60E+01
23.72655463	-50.35555787	5.33E+01	-2.66E+01
24.23768861	-51.14119903	5.41E+01	-2.72E+01
24.74409085	-51.91956028	5.49E+01	-2.78E+01
25.2457835	-52.69116722	5.57E+01	-2.84E+01
25.74223053	-53.45641011	5.65E+01	-2.90E+01
26.23257805	-54.21479819	5.74E+01	-2.96E+01
26.71587809	-54.96476511	5.82E+01	-3.03E+01
27.19126961	-55.70382418	5.90E+01	-3.08E+01
27.6581145	-56.42894239	5.98E+01	-3.14E+01
28.11610723	-57.13703538	6.05E+01	-3.20E+01
28.56538974	-57.82548528	6.13E+01	-3.26E+01
29.00670097	-58.49260621	6.21E+01	-3.31E+01
29.44152341	-59.13797832	6.28E+01	-3.36E+01
29.87211133	-59.76252625	6.35E+01	-3.42E+01
30.30133008	-60.36828925	6.42E+01	-3.47E+01
30.73235914	-60.95798939	6.49E+01	-3.52E+01
31.16837689	-61.53455954	6.56E+01	-3.57E+01
31.61230098	-62.10073817	6.63E+01	-3.62E+01
32.06656995	-62.65876769	6.69E+01	-3.67E+01
32.53293704	-63.21019376	6.76E+01	-3.72E+01
33.01228307	-63.75576207	6.82E+01	-3.78E+01
33.50446662	-64.29540597	6.89E+01	-3.83E+01
34.00826723	-64.82831806	6.95E+01	-3.89E+01
34.52149727	-65.35313066	7.01E+01	-3.94E+01
35.04128242	-65.86822645	7.08E+01	-4.00E+01
35.5644562	-66.37213497	7.14E+01	-4.06E+01
36.08796697	-66.86386852	7.20E+01	-4.11E+01
36.60915681	-67.34303972	7.25E+01	-4.17E+01
37.12587674	-67.80978327	7.31E+01	-4.22E+01
37.63649421	-68.26462584	7.37E+01	-4.28E+01
38.13982656	-68.708353	7.42E+01	-4.33E+01
38.6350479	-69.14184346	7.48E+01	-4.38E+01
39.12164847	-69.56589657	7.53E+01	-4.44E+01
39.59948518	-69.98112636	7.58E+01	-4.49E+01
40.0688826	-70.38794239	7.63E+01	-4.53E+01
40.53068899	-70.78657831	7.68E+01	-4.58E+01
40.9862212	-71.17713446	7.73E+01	-4.63E+01
41.43713619	-71.55963471	7.78E+01	-4.68E+01
41.88528298	-71.9341077	7.83E+01	-4.73E+01
42.33250179	-72.30066568	7.88E+01	-4.77E+01
42.78038005	-72.65955346	7.93E+01	-4.82E+01
43.23006539	-73.01117753	7.97E+01	-4.87E+01
43.68217197	-73.3560904	8.02E+01	-4.92E+01
44.13675844	-73.69488181	8.07E+01	-4.97E+01
44.59338407	-74.02802322	8.11E+01	-5.02E+01
45.05125415	-74.3557839	8.16E+01	-5.07E+01
45.50943271	-74.67828216	8.20E+01	-5.12E+01
45.96705708	-74.99564464	8.25E+01	-5.18E+01
46.42347415	-75.30816916	8.29E+01	-5.23E+01
46.87826161	-75.61636849	8.34E+01	-5.28E+01
47.33118406	-75.92088972	8.38E+01	-5.33E+01
47.78216321	-76.22239427	8.43E+01	-5.38E+01
48.23126629	-76.52144101	8.47E+01	-5.43E+01
48.6786615	-76.8184037	8.52E+01	-5.48E+01
49.12452171	-77.11343433	8.56E+01	-5.53E+01
49.56891751	-77.4064206	8.61E+01	-5.57E+01
50.01177251	-77.69694331	8.65E+01	-5.62E+01
50.45290522	-77.984314	8.69E+01	-5.67E+01
50.89207555	-78.26769315	8.73E+01	-5.72E+01
51.32894491	-78.54622961	8.78E+01	-5.77E+01
51.76297547	-78.81919708	8.82E+01	-5.81E+01
52.19337692	-79.08610384	8.86E+01	-5.86E+01
52.61916326	-79.34676078	8.90E+01	-5.91E+01
53.03929119	-79.60131354	8.93E+01	-5.95E+01
53.45281388	-79.85021786	8.97E+01	-6.00E+01
53.85898682	-80.09415141	9.00E+01	-6.04E+01
54.2572749	-80.33388517	9.04E+01	-6.08E+01
54.64725673	-80.57010284	9.07E+01	-6.13E+01
55.02848941	-80.80322317	9.11E+01	-6.17E+01
55.40042088	-81.03335693	9.14E+01	-6.21E+01
55.76240399	-81.26036868	9.18E+01	-6.25E+01
56.11379798	-81.48391167	9.21E+01	-6.29E+01
56.45409967	-81.70342701	9.24E+01	-6.33E+01
56.78304747	-81.91813238	9.28E+01	-6.36E+01
57.10065846	-82.12701492	9.31E+01	-6.40E+01
57.40719532	-82.32887892	9.35E+01	-6.44E+01
57.70310333	-82.52245375	9.38E+01	-6.47E+01
57.98896807	-82.70652906	9.42E+01	-6.50E+01
58.26550563	-82.88007781	9.45E+01	-6.54E+01
58.53356261	-83.04230261	9.48E+01	-6.57E+01
58.79411687	-83.19260404	9.52E+01	-6.60E+01
59.04827877	-83.33053748	9.55E+01	-6.63E+01
59.29729046	-83.45579097	9.58E+01	-6.66E+01
59.54253167	-83.5681913	9.61E+01	-6.69E+01
59.78552223	-83.66773297	9.63E+01	-6.72E+01
60.02789044	-83.75459932	9.66E+01	-6.75E+01
60.27131622	-83.82920425	9.68E+01	-6.78E+01
60.51749797	-83.89230659	9.70E+01	-6.81E+01
60.76812318	-83.94511563	9.72E+01	-6.84E+01
61.02474618	-83.98925796	9.73E+01	-6.87E+01
61.28856259	-84.0266101	9.75E+01	-6.90E+01
61.56018188	-84.05908354	9.75E+01	-6.94E+01
61.83947998	-84.0884256	9.76E+01	-6.97E+01
62.12554893	-84.11606112	9.76E+01	-7.00E+01
62.41673514	-84.14297012	9.77E+01	-7.03E+01
62.7107641	-84.16961671	9.77E+01	-7.06E+01
63.0049463	-84.19595821	9.77E+01	-7.09E+01
63.29642969	-84.22151334	9.76E+01	-7.12E+01
63.582438	-84.24546182	9.76E+01	-7.15E+01
63.86046592	-84.26677355	9.75E+01	-7.18E+01
64.12843975	-84.28434158	9.75E+01	-7.20E+01
64.38484445	-84.29709443	9.74E+01	-7.23E+01
64.62881224	-84.30408306	9.73E+01	-7.25E+01
64.86016606	-84.30451986	9.72E+01	-7.28E+01
65.0793957	-84.29777825	9.71E+01	-7.30E+01
65.2875408	-84.28339625	9.69E+01	-7.32E+01
65.4859853	-84.261083	9.68E+01	-7.34E+01
65.67622475	-84.23071921	9.66E+01	-7.35E+01
65.85967537	-84.19237409	9.64E+01	-7.37E+01
66.03752013	-84.14631917	9.62E+01	-7.39E+01
66.21057025	-84.09297004	9.60E+01	-7.41E+01
66.37918704	-84.03274482	9.58E+01	-7.42E+01
66.54330297	-83.96600261	9.56E+01	-7.44E+01
66.70250946	-83.89331957	9.54E+01	-7.45E+01
66.85618044	-83.8159718	9.52E+01	-7.47E+01
67.00365014	-83.73600267	9.50E+01	-7.48E+01
67.1444516	-83.65545871	9.48E+01	-7.49E+01
67.2785777	-83.57506841	9.46E+01	-7.51E+01
67.40665159	-83.49334224	9.44E+01	-7.52E+01
67.5298802	-83.40691545	9.42E+01	-7.53E+01
67.64983952	-83.31170174	9.40E+01	-7.54E+01
67.76824982	-83.20394269	9.38E+01	-7.55E+01
67.88681258	-83.0808781	9.35E+01	-7.56E+01
68.00710343	-82.94111099	9.33E+01	-7.57E+01
68.13051562	-82.78470461	9.30E+01	-7.58E+01
68.25827505	-82.61306498	9.26E+01	-7.59E+01
68.39148779	-82.42868495	9.23E+01	-7.60E+01
68.53108016	-82.23478856	9.19E+01	-7.61E+01
68.67766599	-82.03492892	9.16E+01	-7.62E+01
68.83153741	-81.83262331	9.12E+01	-7.63E+01
68.99265883	-81.63101353	9.08E+01	-7.64E+01
69.16044	-81.43252768	9.05E+01	-7.65E+01
69.33350304	-81.2386513	9.01E+01	-7.66E+01
69.50977191	-81.04989605	8.98E+01	-7.68E+01
69.68686728	-80.86593123	8.95E+01	-7.69E+01
69.86254058	-80.68579966	8.92E+01	-7.71E+01
70.03487764	-80.50813159	8.88E+01	-7.72E+01
70.20223728	-80.33130647	8.85E+01	-7.73E+01
70.36316127	-80.15359733	8.82E+01	-7.74E+01
70.51642487	-79.9733379	8.79E+01	-7.76E+01
70.66114848	-79.78909101	8.76E+01	-7.77E+01
70.79686397	-79.59978001	8.73E+01	-7.78E+01
70.9235203	-79.40474668	8.70E+01	-7.79E+01
71.04142957	-79.20370695	8.66E+01	-7.80E+01
71.151182	-78.99665279	8.63E+01	-7.81E+01
71.25359313	-78.78382868	8.59E+01	-7.82E+01
71.34971024	-78.56585353	8.56E+01	-7.82E+01
71.440824	-78.34390244	8.52E+01	-7.83E+01
71.5284197	-78.11976185	8.49E+01	-7.84E+01
71.61407407	-77.89564556	8.45E+01	-7.84E+01
71.69933156	-77.67385475	8.41E+01	-7.85E+01
71.78559265	-77.45645823	8.38E+01	-7.86E+01
71.87404463	-77.24509106	8.35E+01	-7.86E+01
71.96559895	-77.0408524	8.31E+01	-7.87E+01
72.06080222	-76.84425704	8.28E+01	-7.88E+01
72.15979965	-76.65523894	8.25E+01	-7.89E+01
72.26238517	-76.47318767	8.22E+01	-7.89E+01
72.36805994	-76.29698817	8.19E+01	-7.90E+01
72.47614752	-76.1251254	8.16E+01	-7.91E+01
72.5860627	-75.95590597	8.13E+01	-7.92E+01
72.69757852	-75.78769945	8.10E+01	-7.93E+01
72.81090386	-75.61909589	8.07E+01	-7.94E+01
72.92661473	-75.44898658	8.04E+01	-7.95E+01
73.04552296	-75.27660069	8.01E+01	-7.96E+01
73.16851009	-75.1015489	7.98E+01	-7.97E+01
73.29633431	-74.9238936	7.96E+01	-7.98E+01
73.42940835	-74.74411887	7.93E+01	-7.99E+01
73.56762463	-74.56292065	7.90E+01	-8.00E+01
73.71029674	-74.38094683	7.87E+01	-8.01E+01
73.85617017	-74.19860998	7.84E+01	-8.02E+01
74.00348925	-74.01598703	7.81E+01	-8.03E+01
74.1501691	-73.83282061	7.78E+01	-8.04E+01
74.29403257	-73.64863191	7.75E+01	-8.04E+01
74.43302903	-73.46290998	7.73E+01	-8.05E+01
74.56542185	-73.27533151	7.70E+01	-8.06E+01
74.68995452	-73.08597874	7.67E+01	-8.07E+01
74.80594841	-72.89549003	7.65E+01	-8.07E+01
74.91328475	-72.70506477	7.62E+01	-8.08E+01
75.0123128	-72.51634043	7.59E+01	-8.08E+01
75.10376502	-72.33122835	7.57E+01	-8.08E+01
75.18870831	-72.15176961	7.54E+01	-8.08E+01
75.26848046	-71.98001265	7.52E+01	-8.08E+01
75.34455426	-71.81786178	7.49E+01	-8.08E+01
75.41838867	-71.66691119	7.47E+01	-8.09E+01
75.49131266	-71.52832215	7.45E+01	-8.09E+01
75.56436686	-71.40271598	7.43E+01	-8.09E+01
75.63815268	-71.29009912	7.41E+01	-8.09E+01
75.7128171	-71.18989601	7.39E+01	-8.09E+01
75.7881109	-71.10104304	7.38E+01	-8.09E+01
75.86343679	-71.02208255	7.36E+01	-8.09E+01
75.93791588	-70.95127879	7.35E+01	-8.09E+01
76.0104723	-70.88673613	7.34E+01	-8.09E+01
76.07992052	-70.82649449	7.33E+01	-8.09E+01
76.14506934	-70.76864343	7.31E+01	-8.09E+01
76.20485142	-70.71147268	7.30E+01	-8.10E+01
76.25847035	-70.65362194	7.29E+01	-8.10E+01
76.30551393	-70.59417737	7.29E+01	-8.10E+01
76.34597449	-70.53267138	7.28E+01	-8.10E+01
76.38019223	-70.46900345	7.27E+01	-8.10E+01
76.40877873	-70.40334606	7.26E+01	-8.10E+01
76.43253949	-70.33606754	7.25E+01	-8.10E+01
76.45238491	-70.26767255	7.24E+01	-8.10E+01
76.46923277	-70.19875601	7.23E+01	-8.10E+01
76.48392875	-70.1299565	7.22E+01	-8.10E+01
76.49721365	-70.06191161	7.22E+01	-8.10E+01
76.50971667	-69.99521718	7.21E+01	-8.10E+01
76.52190526	-69.93034884	7.20E+01	-8.10E+01
76.53398322	-69.86754343	7.19E+01	-8.10E+01
76.54583065	-69.80673769	7.19E+01	-8.10E+01
76.55539055	-69.74761937	7.18E+01	-8.10E+01
76.55684128	-69.68973935	7.17E+01	-8.10E+01
76.55688586	-69.63262845	7.17E+01	-8.10E+01
76.55704669	-69.57589047	7.16E+01	-8.10E+01
76.56061598	-69.5192704	7.16E+01	-8.10E+01
76.56177981	-69.46273322	7.15E+01	-8.10E+01
76.56594823	-69.40655472	7.15E+01	-8.11E+01
76.56706086	-69.35136611	7.14E+01	-8.11E+01
76.57031731	-69.29812195	7.14E+01	-8.11E+01
76.57194788	-69.24801168	7.13E+01	-8.11E+01
76.57526155	-69.2023449	7.13E+01	-8.11E+01
76.57765017	-69.16245651	7.13E+01	-8.11E+01
76.58110845	-69.12967257	7.12E+01	-8.11E+01
76.58210273	-69.10527138	7.12E+01	-8.11E+01
76.58249781	-69.09033508	7.12E+01	-8.11E+01
76.58422298	-69.0855385	7.12E+01	-8.11E+01
76.58448204	-69.09100598	7.12E+01	-8.11E+01
76.59804718	-69.10628747	7.13E+01	-8.11E+01
76.61641715	-69.13043457	7.13E+01	-8.11E+01
76.63682756	-69.16211825	7.13E+01	-8.11E+01
76.65834747	-69.19971659	7.13E+01	-8.11E+01
76.67999093	-69.24136388	7.14E+01	-8.11E+01
76.70079849	-69.28504596	7.14E+01	-8.11E+01
76.71406822	-69.32879127	7.14E+01	-8.11E+01
76.71424633	-69.37086037	7.15E+01	-8.12E+01
76.71601771	-69.40986776	7.15E+01	-8.12E+01
76.716304	-69.44491773	7.15E+01	-8.12E+01
76.71980031	-69.47575215	7.15E+01	-8.12E+01
76.71990959	-69.50278494	7.16E+01	-8.12E+01
76.72012334	-69.52695311	7.16E+01	-8.12E+01
76.72416555	-69.54940961	7.16E+01	-8.12E+01
76.7261897	-69.5712086	7.16E+01	-8.12E+01
76.73380103	-69.59314526	7.17E+01	-8.13E+01
76.73664086	-69.61574776	7.17E+01	-8.13E+01
76.74234885	-69.63933827	7.17E+01	-8.13E+01
76.7505435	-69.66410984	7.18E+01	-8.13E+01
76.75110942	-69.69018195	7.18E+01	-8.13E+01
76.75935135	-69.71760751	7.18E+01	-8.13E+01
76.76139933	-69.74634542	7.18E+01	-8.13E+01
76.76641891	-69.77624291	7.19E+01	-8.13E+01
76.76916504	-69.80705288	7.19E+01	-8.13E+01
76.77177234	-69.83847255	7.20E+01	-8.13E+01
76.77391284	-69.87017415	7.20E+01	-8.13E+01
76.77499834	-69.90182782	7.20E+01	-8.13E+01
76.77579133	-69.93314061	7.21E+01	-8.13E+01