-1.49E-09	1.57E-09	-2.18E-09	-1.31E-09
7.34E-05	-1.91E-05	3.77E-05	-9.36E-05
0.000665602	-0.000170951	3.45E-04	-0.000853809
0.003016141	-0.00076442	1.58E-03	-0.003901566
0.00928222	-0.00231288	4.93E-03	-0.012135592
0.022149646	-0.005402895	1.20E-02	-0.029341541
0.044133027	-0.010484938	2.43E-02	-0.059400808
0.076855891	-0.017671779	4.35E-02	-0.105434866
0.120509169	-0.026600576	7.03E-02	-0.169119178
0.173595624	-0.03638636	1.05E-01	-0.2503038
0.232988032	-0.045670292	1.48E-01	-0.346994716
0.294266655	-0.052747963	1.97E-01	-0.455686473
0.352259827	-0.055751728	2.52E-01	-0.571992829
0.401690432	-0.052856418	3.11E-01	-0.691493542
0.437828251	-0.042478445	3.75E-01	-0.810696558
0.457059783	-0.023442979	4.43E-01	-0.928003198
0.457308512	0.004899177	5.18E-01	-1.04456035
0.438265111	0.042615313	6.02E-01	-1.1648908
0.401414701	0.089197379	7.01E-01	-1.297211847
0.349873559	0.14362627	8.23E-01	-1.453382294
0.288068228	0.204482736	9.76E-01	-1.648455566
0.221303966	0.270089543	1.17E+00	-1.899857471
0.155276343	0.338667441	1.42E+00	-2.2262459
0.095579565	0.408487657	1.74E+00	-2.646141791
0.04725885	0.478006049	2.13E+00	-3.176442459
0.014443667	0.545968063	2.61E+00	-3.830938602
8.56E-05	0.6114785	3.20E+00	-4.618955073
0.005811593	0.674034763	3.88E+00	-5.544224554
0.03188976	0.733526126	4.67E+00	-6.604084358
0.077297739	0.790204134	5.56E+00	-7.789061646
0.13987329	0.844630631	6.56E+00	-9.082883231
0.216525756	0.897610227	7.64E+00	-10.46291483
0.303484625	0.950113701	8.80E+00	-11.90100325
0.396563115	1.003198268	1.00E+01	-13.36466602
0.491417519	1.057929926	1.13E+01	-14.81854893
0.583786968	1.115312572	1.26E+01	-16.22605436
0.669702496	1.176227985	1.38E+01	-17.55103418
0.745658474	1.241390155	1.51E+01	-18.75944043
0.808743026	1.311316635	1.63E+01	-19.82083359
0.856726788	1.38631856	1.75E+01	-20.70966193
0.88811129	1.466509667	1.86E+01	-21.40624285
0.90213942	1.551833112	1.97E+01	-21.89739848
0.898771245	1.642103265	2.06E+01	-22.17672126
0.878629131	1.737058242	2.15E+01	-22.24446988
0.842916721	1.836417874	2.23E+01	-22.10712099
0.793317045	1.93994147	2.31E+01	-21.77662494
0.731875677	2.047480067	2.37E+01	-21.26943307
0.660875478	2.159018797	2.43E+01	-20.60537759
0.582709739	2.27470638	2.49E+01	-19.80649158
0.499760506	2.394870191	2.54E+01	-18.89585662
0.414288218	2.520016725	2.59E+01	-17.89655897
0.32833783	2.650818416	2.63E+01	-16.83082269
0.243665165	2.788088507	2.68E+01	-15.71936614
0.161685757	2.932746225	2.72E+01	-14.58099867
0.083446896	3.08577477	2.76E+01	-13.43243948
0.009622188	3.248174771	2.80E+01	-12.28831138
-0.059473248	3.420915938	2.84E+01	-11.161246
-0.123849877	3.604889673	2.89E+01	-10.06203767
-0.183796781	3.800865365	2.93E+01	-8.999797926
-0.239824743	4.00945294	2.97E+01	-7.982083706
-0.292603595	4.231073877	3.01E+01	-7.014993268
-0.342897772	4.465942327	3.06E+01	-6.103239337
-0.391503555	4.714057253	3.10E+01	-5.250216762
-0.43919091	4.97520569	3.15E+01	-4.45808242
-0.486652376	5.248976548	3.20E+01	-3.727859982
-0.534461105	5.534783736	3.25E+01	-3.059574146
-0.583039872	5.831897049	3.29E+01	-2.452410602
-0.632642626	6.139478979	3.34E+01	-1.904891368
-0.683349626	6.456625472	3.39E+01	-1.415051493
-0.735076417	6.782408437	3.44E+01	-0.980602814
-0.787595644	7.115917586	3.49E+01	-0.599073155
-0.840569258	7.456298897	3.53E+01	-0.267914139
-0.893587177	7.802786867	3.57E+01	0.01542359
-0.946207192	8.154727648	3.60E+01	0.25344399
-0.99799015	8.511590273	3.63E+01	0.448580963
-1.048524597	8.872963684	3.66E+01	0.60318731
-1.097437222	9.238538624	3.68E+01	0.719530973
-1.1443909	9.608076618	3.69E+01	0.799796501
-1.189080377	9.981372852	3.70E+01	0.84609503
-1.23124178	10.35822342	3.70E+01	0.86048986
-1.270688038	10.73840603	3.69E+01	0.845044542
-1.307362805	11.12167441	3.67E+01	0.801894847
-1.341376498	11.5077531	3.65E+01	0.733336144
-1.372965787	11.89630857	3.62E+01	0.641906984
-1.402318966	12.28687369	3.59E+01	0.530442212
-1.429238353	12.67871524	3.55E+01	0.402068131
-1.452657251	13.0706557	3.51E+01	0.2601197
-1.470075987	13.46088072	3.46E+01	0.107974803
-1.47701419	13.84677578	3.41E+01	-0.051179646
-1.466586719	14.22483579	3.36E+01	-0.214615374
-1.429297489	14.59067867	3.30E+01	-0.380315615
-1.353113485	14.9391717	3.25E+01	-0.547159802
-1.223838752	15.26465271	3.19E+01	-0.714993061
-1.025764125	15.56120479	3.14E+01	-0.88454995
-0.742531244	15.82292922	3.08E+01	-1.057225503
-0.358124585	16.04416154	3.02E+01	-1.234712911
0.142105086	16.21958999	2.97E+01	-1.418551283
0.770479422	16.34425992	2.91E+01	-1.609644545
1.536173964	16.41347572	2.86E+01	-1.807820521
2.444603616	16.42263666	2.80E+01	-2.011496519
3.497050841	16.36706009	2.75E+01	-2.217504858
4.690552041	16.24185046	2.69E+01	-2.421111185
6.018035532	16.04186624	2.63E+01	-2.616233434
7.468685269	15.76182005	2.57E+01	-2.79584358
9.028489341	15.39652325	2.51E+01	-2.952511582
10.68092204	14.94126016	2.45E+01	-3.079033699
12.40770335	14.39225323	2.38E+01	-3.169077787
14.18957989	13.74716309	2.32E+01	-3.217776853
16.00707615	13.00555885	2.25E+01	-3.222208811
17.84117352	12.16929536	2.18E+01	-3.181713788
19.67388608	11.24274361	2.11E+01	-3.09801844
21.48871323	10.23283651	2.04E+01	-2.975157294
23.27096009	9.14891211	1.97E+01	-2.819201625
25.00792425	8.00235719	1.91E+01	-2.63782465
26.68895341	6.806074635	1.84E+01	-2.439746152
28.30538341	5.573815344	1.78E+01	-2.23410888
29.85037049	4.319429203	1.72E+01	-2.029842719
31.31863638	3.056097894	1.67E+01	-1.835070723
32.7061492	1.795614611	1.62E+01	-1.656604362
34.00976735	0.547771774	1.57E+01	-1.499564622
35.22687553	-0.884119513	1.52E+01	-1.367152407
36.35504262	-2.448352513	1.48E+01	-1.260577269
37.39172829	-3.978154516	1.43E+01	-1.179139309
38.33406033	-5.47443035	1.39E+01	-1.120446469
39.1786977	-6.940942158	1.34E+01	-1.080739303
39.92178619	-8.383607229	1.30E+01	-1.05528861
40.55900543	-9.809645579	1.25E+01	-1.038828343
41.08569847	-11.22665221	1.20E+01	-1.025986967
41.49706943	-12.641673	1.15E+01	-1.011684461
41.78843056	-14.06035956	1.10E+01	-0.991468596
41.95547726	-15.48626728	1.05E+01	-0.961772118
41.99456864	-16.9203457	9.93E+00	-0.92008086
41.90299072	-18.36065236	9.36E+00	-0.865010833
41.67918076	-19.80230391	8.78E+00	-0.796299239
41.32289429	-21.23766076	8.20E+00	-0.714719442
40.8353011	-22.65672508	7.61E+00	-0.621933291
40.21900299	-24.04771579	7.03E+00	-0.520295645
39.47797337	-25.39777042	6.45E+00	-0.412626653
38.61742629	-26.69371409	5.88E+00	-0.301967984
37.64362889	-27.92283197	5.32E+00	-0.191340621
36.56367674	-29.07358452	4.78E+00	-0.083523311
35.38525366	-30.13621392	4.24E+00	0.019129147
34.11639839	-31.10320432	3.71E+00	0.11481148
32.76529761	-31.96957515	3.19E+00	0.202327369
31.34012103	-32.7330042	2.67E+00	0.2810813
29.84890896	-33.39379202	2.15E+00	0.351010398
28.29951793	-33.95469128	1.64E+00	0.412471235
26.69962574	-34.42063188	1.11E+00	0.466101103
25.0567939	-34.79837543	5.83E-01	0.5126743
23.37858227	-35.09613082	4.29E-02	0.552971834
21.67270649	-35.32315704	-0.391794517	0.587678304
19.94722373	-35.4893714	-0.8264645	0.617313712
18.21072659	-35.60497291	-1.271286571	0.64220168
16.47252075	-35.68008391	-1.726067662	0.662470036
14.74275991	-35.72440911	-2.190253367	0.678075735
13.03251336	-35.74690996	-2.663061244	0.688843821
11.35374681	-35.75549297	-3.143626266	0.694509783
9.719206094	-35.75671291	-3.631139823	0.694755796
8.142203506	-35.75549404	-4.124965043	0.689233763
6.636316789	-35.75487776	-4.624714509	0.677571071
5.215016952	-35.75581061	-5.130281278	0.659358016
3.891244801	-35.75699466	-5.641819649	0.634118261
2.676958014	-35.75482905	-6.159677871	0.601265321
1.582673211	-35.74347379	-6.684290539	0.560049067
0.617030554	-35.71506176	-7.216043442	0.509496934
-0.213588992	-35.6600722	-7.755127333	0.44835462
-0.905361751	-35.56786146	-8.301398331	0.375029836
-1.457202407	-35.42733039	-8.854260837	0.287539795
-1.870799216	-35.2276925	-9.412583861	0.183459254
-2.15048578	-34.95929509	-9.974654639	0.059862853
-2.302951893	-34.6144339	-10.53816563	-0.0867446
-2.336821047	-34.18809412	-11.10022409	-0.260512106
-2.262145283	-33.67854828	-11.65736911	-0.46633473
-2.089882295	-33.08774633	-12.20558006	-0.709938215
-1.831421185	-32.42144726	-12.74026394	-0.99793177
-1.498211939	-31.68906252	-13.25621601	-1.337801292
-1.101532364	-30.90320846	-13.74755776	-1.737817297
-0.652399955	-30.07899377	-14.20766721	-2.206837563
-0.161610167	-29.23309442	-14.62912756	-2.753991968
0.360138376	-28.38268994	-15.00372671	-3.388246261
0.902084286	-27.54434802	-15.32254017	-4.117855152
1.453265847	-26.73294965	-15.57612048	-4.94973468
2.002456689	-25.96074351	-15.75479933	-5.888806312
2.538213018	-25.23660688	-15.84908908	-6.937383345
3.049052249	-24.5655718	-15.85015308	-8.094676272
3.523761809	-23.94865142	-15.75030288	-9.356484547
3.951816259	-23.38297451	-15.54347573	-10.71511936
4.323863366	-22.86220902	-15.22564792	-12.15957117
4.632227644	-22.37723061	-14.7951461	-13.67590336
4.871374146	-21.91697206	-14.25282964	-15.24782515
5.038276728	-21.46937527	-13.60212951	-16.85737774
5.132643358	-21.02236172	-12.84894189	-18.4856603
5.156965572	-20.56473861	-12.00138564	-20.11352658
5.116378004	-20.08696788	-11.06944199	-21.72219776
5.018334239	-19.58174129	-10.06450049	-23.29375767
4.872124063	-19.0443259	-8.998840204	-24.81151881
4.688272141	-18.4726673	-7.885076715	-26.26026687
4.477867885	-17.86726143	-6.735607327	-27.62640506
4.251880696	-17.2308265	-5.562086539	-28.89802586
4.020514208	-16.56782289	-4.374963161	-30.06493685
3.792647793	-15.88387898	-3.183107988	-31.11866117
3.575403743	-15.18518472	-1.99355621	-32.05242453
3.373865002	-14.47791106	-0.811381135	-32.86113131
3.19095294	-13.76770553	0.468382661	-33.54132599
3.027460082	-13.05930213	1.976199547	-34.0911313
2.882221044	-12.3562695	3.468951221	-34.51015412
2.752397202	-11.66090644	4.94847971	-34.79935136
2.633846557	-10.97427906	6.417626784	-34.9608522
2.521548896	-10.29638004	7.879642945	-34.99773816
2.410056671	-9.626380095	9.337590669	-34.91378754
2.293943281	-8.962934229	10.79377857	-34.71319659
2.168222327	-8.304503008	12.24926008	-34.40029421
2.028713929	-7.64965039	13.70342681	-33.97927114
1.872337617	-6.997285582	15.15372234	-33.45394664
1.697315778	-6.346825168	16.59549711	-32.82759553
1.503277205	-5.698262743	18.02201753	-32.10285504
1.291256734	-5.052144789	19.42463373	-31.28172497
1.063593976	-4.409462549	20.79310033	-30.36566608
0.823741801	-3.771479067	22.11603392	-29.35579186
0.576002861	-3.139517726	23.38148088	-28.25313973
0.32521926	-2.514742653	24.57756068	-27.05900032
0.076444698	-1.897961254	25.69314394	-25.77527935
-0.165371412	-1.289474501	26.71852131	-24.40486618
-0.395662542	-0.688991872	27.64602049	-22.95198618
-0.61046845	-0.095616881	28.47053275	-21.42251887
-0.806594253	0.378539902	29.18991728	-19.82426962
-0.981704154	0.827744619	29.80525955	-18.16718544
-1.134354959	1.275770904	30.32096721	-16.46350579
-1.263978076	1.724457618	30.74469373	-14.72783518
-1.370819803	2.175665713	31.08708561	-12.97711898
-1.455849069	2.631184377	31.36135471	-11.23049845
-1.520640273	3.092657204	31.58268419	-9.509019142
-1.567237314	3.561528994	31.76748457	-7.835171006
-1.598003785	4.039010086	31.93252684	-6.232248676
-1.615463799	4.526052921	32.09399007	-4.723537341
-1.622138017	5.023334979	32.26647174	-3.331350428
-1.620379845	5.531243229	32.46201786	-2.075967855
-1.612217782	6.049857223	32.68923632	-0.97454379
-1.59921115	6.578930472	32.95255981	-0.040066859
-1.582327565	7.117871911	33.25172337	0.719539611
-1.561850206	7.665730351	33.58151489	1.302094874
-1.537319889	8.221184043	33.93184274	1.711546809
-1.507511009	8.782535062	34.28814253	1.958017195
-1.470432798	9.347705065	34.63211629	2.05747875
-1.423340551	9.914226923	34.94276681	2.031059964
-1.362738508	10.47922728	35.19766203	1.903998861
-1.284360109	11.03939959	35.37434351	1.704293884
-1.183125075	11.59097599	35.45178067	1.460769052
-1.053094591	12.12971682	35.41176939	1.20021951
-0.887466708	12.65094301	35.24017798	0.944847783
-0.678661106	13.14963155	34.92795445	0.711686096
-0.418529255	13.62057818	34.4718239	0.513375309
-0.098696963	14.0586083	33.87462327	0.358687805
0.28899019	14.45879558	33.14524285	0.252498563
0.751984124	14.81663184	32.29817018	0.195593818
1.296606235	15.12808627	31.35266349	0.184595716
1.927770764	15.38950216	30.33161507	0.212351792
2.64893101	15.59730944	29.26019506	0.269255884
3.462267256	15.74757682	28.16438627	0.345158555
4.369069461	15.83547875	27.06952741	0.430460864
5.370208309	15.85479242	25.99897407	0.515867531
6.466552415	15.79755863	24.97296781	0.591902458
7.659187279	15.65402839	24.00777734	0.649104135
8.94932371	15.41297844	23.11514759	0.678804751
10.3378428	15.06241968	22.30206508	0.674100787
11.82449871	14.59065477	21.57082447	0.630726592
13.40687499	13.98757696	20.91936291	0.547643336
15.07925038	13.24605263	20.34181465	0.427248207
16.83156435	12.36320339	19.82923003	0.275187598
18.64867467	11.34140489	19.37039809	0.099819874
20.51006773	10.18884849	18.95271234	-0.088584296
22.39012335	8.919564429	18.56302305	-0.278793273
24.25895976	7.552872695	18.18842668	-0.45960206
26.08380448	6.112299573	17.81695264	-0.620750702
27.83076535	4.624063357	17.43811793	-0.75368854
29.46682432	3.115283147	17.04333082	-0.852125918
30.96185007	1.612093763	16.62613532	-0.912343764
32.29042787	0.137854821	16.1822981	-0.933259036
33.433333	-1.674889301	15.70974946	-0.916267755
34.37852054	-3.448867526	15.20839795	-0.864905434
35.12155787	-5.132913115	14.67984545	-0.784376116
35.66547696	-6.725276265	14.12703356	-0.681006031
36.02006711	-8.231749631	13.55385397	-0.561676637
36.20066772	-9.664530585	12.96475459	-0.43328592
36.22655837	-11.04056948	12.36436989	-0.302277655
36.11908021	-12.37955413	11.75719861	-0.174267305
35.89965301	-13.70171506	11.1473452	-0.053781609
35.58786872	-15.0256533	10.53833422	0.055882485
35.19983899	-16.36638911	9.932999167	0.152684256
34.74695071	-17.73380563	9.333440684	0.2357646
34.23514147	-19.13162044	8.741043344	0.305290717
33.66475267	-20.55696478	8.156536355	0.36224484
33.03095875	-22.00059098	7.580081742	0.408183509
32.32471257	-23.44766874	7.011373794	0.444993061
31.53409774	-24.87907605	6.449735792	0.474663885
30.6459418	-26.27304724	5.894203728	0.499101005
29.64752573	-27.60701224	5.343591085	0.519982439
28.52822449	-28.85945156	4.796533155	0.538670342
27.28093119	-30.01159996	4.25151293	0.556173897
25.90314964	-31.0488566	3.706873039	0.573157808
24.39768283	-31.96179652	3.160819287	0.589986516
22.77289025	-32.74672178	2.611421316	0.606791807
21.04253099	-33.40573593	2.056615128	0.623550529
19.2252455	-33.94636725	1.494211151	0.640159362
17.34375579	-34.38080248	0.921910467	0.656494991
15.42387857	-34.72481938	0.33733094	0.672450587
13.49344691	-34.99652203	-0.201504406	0.687942924
11.58122493	-35.21498491	-0.675673458	0.70288867
9.715879561	-35.39890493	-1.164839886	0.717152749
7.925050013	-35.56534537	-1.670718229	0.730475525
6.234534723	-35.72863974	-2.194854072	0.742388131
4.66760139	-35.89950709	-2.738547511	0.752126111
3.244419196	-36.08441647	-3.302765121	0.758550993
1.981611142	-36.28522431	-3.88804282	0.76008797
0.891925282	-36.49909432	-4.494386753	0.754685901
-0.015976958	-36.71869531	-5.121183757	0.739802615
-0.737620951	-36.93265736	-5.767134531	0.712413261
-1.272718259	-37.12625514	-6.430219645	0.669032573
-1.625077935	-37.28227989	-7.1077015	0.60573535
-1.80243761	-37.38206135	-7.796156371	0.518156674
-1.816212139	-37.40660284	-8.491522606	0.401457102
-1.681148354	-37.33779136	-9.189146291	0.250248716
-1.414872821	-37.15963293	-9.883805742	0.058492929
-1.037328013	-36.85944417	-10.56970121	-0.180604211
-0.570107869	-36.42890991	-11.24040564	-0.474662366
-0.035720306	-35.86490484	-11.88878513	-0.83212059
0.543183851	-35.16998213	-12.5069114	-1.2621129
1.144571489	-34.35245721	-13.08600022	-1.774193482
1.747735855	-33.42605496	-13.61641396	-2.377899276
2.333919017	-32.4091375	-14.08776102	-3.08216844
2.886823241	-31.32357605	-14.48911082	-3.894668106
3.392995455	-30.19336749	-14.80932382	-4.821112369
3.842076552	-29.0431182	-15.03747847	-5.864660334
4.22691323	-27.89652518	-15.16336473	-7.025470638
4.543534819	-26.7749769	-15.17800739	-8.300458373
4.791001826	-25.69637841	-15.07418062	-9.683263076
4.971137141	-24.67427997	-14.84687613	-11.16440318
5.08815519	-23.71735799	-14.49368989	-12.73157028
5.148208701	-22.82926605	-14.01509559	-14.37000852
5.15887683	-22.00884346	-13.41457862	-16.06292944
5.128621731	-21.25064164	-12.69861166	-17.79192631
5.066242747	-20.54570727	-11.87646285	-19.53736983
4.980357745	-19.88254529	-10.95983928	-21.27878413
4.878939251	-19.24817713	-9.962381289	-22.99521431
4.768929068	-18.62920802	-8.899035461	-24.66560303
4.655949172	-18.01282361	-7.785344944	-26.26919263
4.544119678	-17.38764747	-6.636703793	-27.7859629
4.43598722	-16.74440811	-5.467626228	-29.19710339
4.332559836	-16.07638383	-4.291081981	-30.48550673
4.233437935	-15.37961399	-3.117944894	-31.63625701
4.137025355	-14.65288559	-1.956593876	-32.63707824
4.040800336	-13.89752023	-0.812693793	-33.47870343
3.94162366	-13.11699989	0.404079154	-34.15512599
3.836060526	-12.316478	1.837713725	-34.66370184
3.720693929	-11.50222595	3.246845357	-35.00508222
3.592410168	-10.6810646	4.636185007	-35.18297186
3.448641078	-9.859825179	6.011939909	-35.20372323
3.28755215	-9.04487642	7.380965884	-35.07579331
3.10817027	-8.241743963	8.749908279	-34.80910335
2.910449063	-7.454837253	10.12439731	-34.41435428
2.695273545	-6.687287829	11.50836081	-33.90236004
2.464408825	-5.940893223	12.90350969	-33.28346359
2.220400094	-5.216153135	14.30903544	-32.56709161
1.966433007	-4.512379509	15.72153374	-31.76147853
1.706164831	-3.827859838	17.13513688	-30.87355577
1.443537389	-3.160053061	18.54181072	-29.90896849
1.18258286	-2.505799511	19.93175783	-28.87216615
0.927232713	-1.861529662	21.29387289	-27.76651901
0.681138346	-1.223460184	22.61621373	-26.59443718
0.447509035	-0.587768761	23.88647479	-25.35749932
0.228969419	0.037891713	25.0924685	-24.05662332
0.027436857	0.531629358	26.22262847	-22.69232263
-0.155978428	1.031544287	27.26654483	-21.26508646
-0.3210397	1.539841264	28.21552783	-19.7759017
-0.468395877	2.058459204	29.06317752	-18.2269056
-0.599513441	2.589068348	29.80591876	-16.622126
-0.7165072	3.133058641	30.44344733	-14.96823692
-0.821865884	3.691507463	30.97902588	-13.27523654
-0.918093278	4.265123305	31.41957037	-11.55694436
-1.007311482	4.85417296	31.77547857	-9.831219117
-1.090893015	5.458410379	32.06017145	-8.119817948
-1.169194862	6.077031549	32.28934434	-6.4478495
-1.241452836	6.708677196	32.47995404	-4.842816077
-1.30585706	7.351491856	32.64899858	-3.333286177
-1.359778191	8.003227107	32.81217605	-1.947284415
-1.400068626	8.661357397	32.98253401	-0.710524591
-1.42334221	9.323167942	33.16923885	0.355361431
-1.426147264	9.985779665	33.37659799	1.234435712
-1.404984112	10.64609357	33.60345298	1.917751077
-1.356164862	11.30066006	33.84302893	2.404201135
-1.275555052	11.94550055	34.08327841	2.700830208
-1.158263587	12.57592343	34.30770462	2.82255808
-0.998355212	13.18638046	34.49659663	2.79132718
-0.78865076	13.770402	34.62856722	2.634731458
-0.520661002	14.32063293	34.68225562	2.38423136
-0.184677418	14.82897078	34.63804608	2.07309406
0.229976807	15.28678893	34.47965724	1.733861367
0.734547373	15.68521605	34.19547441	1.39525945
1.340322935	16.01543925	33.77952276	1.08002344
2.058010742	16.26900381	33.23201158	0.804806108
2.897046117	16.43809302	32.55941545	0.580750168
3.864872328	16.51578377	31.77409559	0.413635612
4.966233602	16.49628187	30.89350098	0.30433063
6.202531605	16.37514268	29.9390223	0.249509608
7.571302297	16.14947737	28.93459719	0.241884331
9.065872167	15.81813635	27.90518263	0.270282212
10.67524785	15.3818527	26.87521586	0.320331671
12.38427951	14.8433226	25.86718012	0.375804666
14.17411583	14.20719982	24.90037702	0.420288094
16.02293833	13.4799863	23.98998461	0.438892664
17.9069286	12.66981117	23.14645343	0.419760534
19.80138967	11.78610268	22.37526318	0.35519666
21.68191788	10.83917077	21.6770335	0.242317645
23.52551125	9.839729082	21.04795583	0.083180011
25.31150572	8.798393566	20.48049088	-0.115588441
27.02225228	7.725198672	19.9642599	-0.343579643
28.64348133	6.629171303	19.48704849	-0.587707483
30.16434022	5.51799705	19.03583926	-0.833489164
31.57713	4.39780358	18.59779436	-1.066368551
32.87680188	3.273073726	18.16111928	-1.272953439
34.06029823	2.146687752	17.715754	-1.442059398
35.12583491	1.020082064	17.25385602	-1.565481648
36.07222055	-0.138447848	16.77005933	-1.638449581
36.89829466	-1.603788123	16.26151304	-1.659752331
37.60254336	-3.071416607	15.72772123	-1.631554971
38.18292193	-4.543065615	15.1702203	-1.558951024
38.63688314	-6.020277686	14.59213938	-1.449316064
38.96158298	-7.504046946	13.99769479	-1.31153845
39.15421486	-8.994538484	13.39166841	-1.155206299
39.21241183	-10.49089384	12.77891588	-0.989825285
39.13465399	-11.99112395	12.16394257	-0.82413085
38.92062402	-13.4920868	11.55057595	-0.66554273
38.57146702	-14.98954587	10.94175205	-0.519791331
38.08993003	-16.47830575	10.3394224	-0.390726625
37.48037953	-17.952423	9.744575483	-0.280302627
36.74871847	-19.40549002	9.157355668	-0.188715882
35.90224104	-20.83098611	8.577253052	-0.11466581
34.94946665	-22.22267896	8.003332005	-0.055698782
33.89997935	-23.57504116	7.434464764	-0.008596254
32.76426645	-24.88362136	6.869539319	0.030230663
31.55351218	-26.14528868	6.30761733	0.064373075
30.27927977	-27.35826611	5.748026827	0.09710878
28.95302668	-28.52189547	5.190384498	0.131157698
27.58544542	-29.63613199	4.634552257	0.168518214
26.18569019	-30.70083506	4.080541043	0.210386291
24.76061205	-31.71498074	3.528380603	0.257151933
23.31416097	-32.67595416	2.977976774	0.308461829
21.84711045	-33.57907693	2.428977365	0.363333028
20.35722058	-34.41748807	1.880664491	0.420300646
18.83988761	-35.18243635	1.331885666	0.477582679
17.28924816	-35.86397035	0.781029199	0.533246825
15.6996299	-36.4519456	0.22604269	0.585366771
14.06718175	-36.93721505	-0.258085643	0.632157478
12.39148424	-37.31283843	-0.697207956	0.672079589
10.67693743	-37.57514022	-1.145741146	0.7039026
8.933748895	-37.72446441	-1.605987323	0.726716799
7.178391122	-37.76551604	-2.080184653	0.739887127
5.433459107	-37.70723729	-2.570380968	0.742948475
3.726925999	-37.56223104	-3.078295882	0.735449861
2.090858094	-37.34580471	-3.605175736	0.716762103
0.55970187	-37.07475161	-4.151648451	0.685868397
-0.831711056	-36.76600917	-4.717588365	0.641158814
-2.050281219	-36.43533434	-5.302003539	0.580248153
-3.066722724	-36.09611991	-5.902958814	0.499832483
-3.857462497	-35.75844987	-6.517545915	0.395594196
-4.40622866	-35.42846273	-7.141906484	0.262160358
-4.7052213	-35.10806158	-7.771305785	0.093116065
-4.755786179	-34.79498055	-8.400245633	-0.118926122
-4.568544869	-34.48318808	-9.022597586	-0.382198682
-4.162972421	-34.16358072	-9.631734254	-0.705590156
-3.566452985	-33.82489933	-10.22063934	-1.098390631
-2.812880986	-33.45478463	-10.78198562	-1.5699687
-1.940906768	-33.04088301	-11.30818225	-2.129380629
-0.991948278	-32.57191583	-11.79140516	-2.784919373
-0.008102654	-32.03863469	-12.22363323	-3.543620265
0.96990695	-31.43459923	-12.59671691	-4.410749855
1.904622874	-30.75673135	-12.9025024	-5.389312027
2.763474108	-30.00561806	-13.13302686	-6.479609418
3.520042655	-29.18555381	-13.28078713	-7.678897464
4.154918612	-28.30433122	-13.33907127	-8.981163508
4.656116747	-27.37280504	-13.30232853	-10.37705499
5.019055857	-26.40426764	-13.16654427	-11.85396985
5.24612865	-25.41368451	-12.92958101	-13.39630968
5.345913079	-24.41684481	-12.5914478	-14.98588388
5.332094953	-23.42948427	-12.15446511	-16.60244177
5.222185301	-22.46643725	-11.62330142	-18.22430203
5.036123891	-21.54087012	-11.00486832	-19.82904488
4.794862205	-20.66364112	-10.30807312	-21.39423174
4.519015422	-19.84282163	-9.543440515	-22.89811924
4.22766378	-19.08340231	-8.722627551	-24.32033694
3.937369716	-18.38719463	-7.857866933	-25.64250151
3.661459233	-17.75292551	-6.96138157	-26.84874307
3.409595029	-17.17651065	-6.044816885	-27.92612251
3.187646731	-16.65148132	-5.118736245	-28.86492247
2.997841688	-16.1695307	-4.192218743	-29.65879976
2.839160153	-15.72113912	-3.272587999	-30.30479435
2.707922857	-15.29623439	-2.365286916	-30.80319883
2.598508131	-14.88484254	-1.47389858	-31.15730149
2.504130751	-14.47768707	-0.600300913	-31.37302196
2.417615443	-14.06670022	0.331585365	-31.45845892
2.332104459	-13.6454176	1.420694906	-31.42336588
2.241649541	-13.20923713	2.488633626	-31.27856849
2.141652917	-12.75553381	3.537374529	-31.03533892
2.02913798	-12.28363205	4.568581192	-30.70475221
1.902846505	-11.79464714	5.583069065	-30.29706196
1.763174142	-11.29121577	6.580364291	-29.82114368
1.611968228	-10.77714215	7.558406481	-29.28405871
1.452220694	-10.2569909	8.51343149	-28.69078711
1.287693654	-9.735659755	9.440053748	-28.04416444
1.12251639	-9.217964922	10.33154715	-27.34503698
0.960790443	-8.708269128	11.1803018	-26.59262519
0.80623522	-8.210177626	11.97841385	-25.78506102
0.661900429	-7.726321138	12.71835023	-24.92004308
0.529964292	-7.258237026	13.39362138	-23.99553987
0.411628181	-6.806351442	13.99939398	-23.01046548
0.307109582	-6.370056587	14.532983	-21.96525637
0.21572683	-5.947869175	14.99417588	-20.86229084
0.136061414	-5.537649845	15.38535998	-19.70611213
0.066177666	-5.136859216	15.71144486	-18.50343916
0.003875542	-4.742824654	15.9795908	-17.26297343
-0.053049603	-4.352992541	16.19877325	-15.99503184
-0.10656586	-3.965143473	16.37922654	-14.71105384
-0.158204859	-3.577552095	16.53181978	-13.42304173
-0.208920624	-3.189079026	16.66742129	-12.14299803
-0.259017854	-2.799189134	16.7963063	-10.88241974
-0.308152559	-2.407897899	16.92765561	-9.651900242
-0.355400334	-2.015654908	17.06918117	-8.460873327
-0.399380827	-1.62317993	17.2268994	-7.317514825
-0.438421883	-1.231271507	17.40505507	-6.228795558
-0.470743949	-0.840610016	17.60618076	-5.200658347
-0.494644728	-0.451576547	17.83126126	-4.238274087
-0.508665623	-0.064105916	18.07996042	-3.346320181
-0.511724569	0.248009495	18.35086391	-2.529221781
-0.503203784	0.545520149	18.64169437	-1.7913043
-0.482985103	0.844578863	18.949468	-1.136824038
-0.451429521	1.146921515	19.2705788	-0.569867827
-0.409301451	1.454555958	19.60081491	-0.09413565
-0.35764192	1.769618327	19.93532725	0.287362941
-0.297598385	2.09419698	20.2685802	0.572658768
-0.230222028	2.43013223	20.59431893	0.76117768
-0.156246006	2.778801773	20.90558622	0.854061695
-0.075860407	3.140904328	21.19481537	0.854424733
0.011498436	3.516257545	21.45401595	0.767518123
0.10732486	3.903630498	21.67505635	0.600787526
0.214166844	4.300634196	21.8500328	0.363808742
0.335676882	4.703692943	21.97170032	0.068095862
0.476578837	5.108112582	22.03392792	-0.273217555
0.642549048	5.508248925	22.03213213	-0.645814884
0.84002122	5.897763779	21.96363933	-1.034731367
1.075933383	6.269941236	21.82793101	-1.424958989
1.357439092	6.618027142	21.62673603	-1.802084486
1.691603804	6.935551761	21.36394974	-2.152917788
2.085103111	7.216599706	21.04537952	-2.466065928
2.543934741	7.456000721	20.67833714	-2.732409314
3.073153026	7.649427786	20.27111774	-2.945443752
3.676633068	7.793403298	19.83241996	-3.10146218
4.35687117	7.88522782	19.37076981	-3.199563693
5.114827032	7.922857234	18.89401001	-3.241492639
5.949811157	7.90476117	18.40890752	-3.23132542
6.859418409	7.829796923	17.92091581	-3.175035471
7.839506513	7.697128429	17.43410703	-3.07997621
8.884216494	7.506210347	16.95126704	-2.95432664
9.986030113	7.256845239	16.47412584	-2.806544449
11.13585646	6.949309887	16.00368024	-2.644867095
12.32313695	6.584536581	15.54055737	-2.47689322
13.53595759	6.164327169	15.08536665	-2.309266117
14.76116151	5.691571443	14.63899397	-2.147469143
15.98446437	5.170437233	14.20280356	-1.995731549
17.19058615	4.60649854	13.77872758	-1.857033283
18.36342203	4.006771174	13.36923892	-1.733189946
19.48627855	3.379633367	12.97721709	-1.624994792
20.54219701	2.73462083	12.60572851	-1.53239351
21.51437525	2.082100318	12.25775125	-1.454669398
22.38668277	1.432840669	11.9358787	-1.390620676
23.14424635	0.797513327	11.64203768	-1.338717281
23.77406758	0.186163818	11.37725372	-1.297230571
24.26562238	-0.509989661	11.14149024	-1.264334893
24.61138854	-1.20972223	10.93357974	-1.238184258
24.8072504	-1.850179022	10.75125488	-1.216969884
24.85274035	-2.427144679	10.5912764	-1.198965141
24.75109194	-2.939276381	10.44964432	-1.182563636
24.50909747	-3.387985461	10.3218704	-1.166314363
24.13678097	-3.777131376	10.20328366	-1.148955484
23.64691354	-4.112556912	10.08933799	-1.129446051
23.05441031	-4.401506338	9.97589135	-1.10699316
22.37565606	-4.651976893	9.859430713	-1.081071062
21.62780883	-4.872057809	9.737223434	-1.051428739
20.82812755	-5.069309568	9.60738549	-1.018083321
19.99336181	-5.250229599	9.468866659	-0.981298335
19.13922989	-5.419839894	9.321362201	-0.941547605
18.27999837	-5.581418756	9.165167908	-0.899467454
17.42816471	-5.736384936	9.000999964	-0.855801173
16.59423488	-5.884329548	8.829802564	-0.811340483
15.78658428	-6.023180845	8.652565012	-0.766868769
15.01139112	-6.14947978	8.470166571	-0.723110279
14.27263802	-6.258739719	8.283262456	-0.680688467
13.57218544	-6.345860466	8.09221844	-0.640095937
12.90992527	-6.405563421	7.897095882	-0.601678989
12.28402056	-6.432811416	7.697684793	-0.565642317
11.6912265	-6.423175467	7.493580496	-0.532082847
11.12727408	-6.373114587	7.284298375	-0.501062369
10.58728692	-6.280145994	7.069418762	-0.472722815
10.06619796	-6.142900431	6.848749198	-0.447435246
9.559136684	-5.961076669	6.622485001	-0.425957887
9.06176551	-5.735325123	6.391343765	-0.409565722
8.570553718	-5.467098615	6.156647296	-0.400109155
8.082984154	-5.15850727	5.920327221	-0.399964451
7.597692284	-4.812205519	5.68483853	-0.411853624
7.114537649	-4.431325465	5.452978199	-0.438533763
6.634606438	-4.019456083	5.227621514	-0.48238098
6.160142483	-3.580655013	5.011403873	-0.544917309
5.694404366	-3.119471481	4.806387333	-0.62634502
5.24144955	-2.640955878	4.613756717	-0.725158807
4.805852319	-2.150633906	4.433588537	-0.837900798
4.392369878	-1.654429688	4.264727725	-0.959107392
4.005578783	-1.158531443	4.104793712	-1.081473208
3.649510183	-0.669203343	3.950320923	-1.196339318
3.327315964	-0.192659363	3.797021923	-1.294729963
3.040997647	0.203662176	3.640146537	-1.368826684
2.791225583	0.535537022	3.474899149	-1.413250455
2.577267844	0.841680685	3.296870323	-1.425676603
2.397037211	1.116251049	3.102438275	-1.4068169
2.247252256	1.353930789	2.889100361	-1.359981767
2.123696314	1.550553312	2.655750535	-1.290403218
2.021547773	1.703584733	2.403020293	-1.204464463
1.93574793	1.812392152	2.133703999	-1.108947052
1.861369514	1.878284713	1.852980723	-1.010373027
1.793950359	1.904351655	1.568117665	-0.914489285
1.729762096	1.895143804	1.287685713	-0.825915381
1.665992164	1.856254914	1.020556372	-0.747955135
1.600827436	1.793859721	0.774926598	-0.682556756
1.533438157	1.714259571	0.557524358	-0.630395821
1.463870671	1.623476296	0.37307283	-0.591049751
1.392866137	1.526922925	0.224034168	-0.563230858
1.321629229	1.429167386	0.110613253	-0.54504669
1.251575028	1.333794005	0.030975821	-0.534260403
1.184083251	1.243358001	-0.014137159	-0.52852944
1.120286567	1.159421035	-0.032423098	-0.525606983
1.060914184	1.082651079	-0.035187158	-0.523496895
1.006204079	1.01296757	-0.026758373	-0.52055861
0.955888168	0.949712554	-0.011313482	-0.515563271
0.909245722	0.891829994	0.007386419	-0.507706188
0.865212508	0.838038044	0.026195077	-0.496583234
0.822527588	0.786982548	0.042711346	-0.48214026
0.779896775	0.737363735	0.055327865	-0.464604939
0.736151804	0.688031716	0.06319787	-0.444410043
0.690386874	0.63804974	0.066139508	-0.422116008
0.642058898	0.586726856	0.064502081	-0.398339138
0.591043529	0.533623754	0.059015342	-0.37369006
0.53764482	0.478536872	0.050639024	-0.348725284
0.482519999	0.421505944	0.040426398	-0.323860638