-1.49E-09	1.57E-09	-2.18E-09	-1.97E-09
7.34E-05	-1.91E-05	3.77E-05	-0.0001404
0.000665602	-0.000170951	3.45E-04	-0.001280714
0.003016141	-0.00076442	1.58E-03	-0.005852349
0.00928222	-0.00231288	4.93E-03	-0.018203388
0.022149646	-0.005402895	1.20E-02	-0.044012312
0.044133027	-0.010484938	2.43E-02	-0.089101212
0.076855891	-0.017671779	4.35E-02	-0.158152299
0.120509169	-0.026600576	7.03E-02	-0.253678767
0.173595624	-0.03638636	1.05E-01	-0.3754557
0.232988032	-0.045670292	1.48E-01	-0.520492074
0.294266655	-0.052747963	1.97E-01	-0.68352971
0.352259827	-0.055751728	2.52E-01	-0.857989244
0.401690432	-0.052856418	3.11E-01	-1.037240313
0.437828251	-0.042478445	3.75E-01	-1.216044837
0.457059783	-0.023442979	4.43E-01	-1.392004797
0.457308512	0.003919342	5.18E-01	-1.566840525
0.438265111	0.03409225	6.02E-01	-1.7473362
0.401414701	0.071357903	7.01E-01	-1.945817771
0.349873559	0.114901016	8.23E-01	-2.180073441
0.288068228	0.163586189	9.76E-01	-2.472683349
0.221303966	0.216071634	1.17E+00	-2.849786207
0.155276343	0.270933953	1.42E+00	-3.33936885
0.095579565	0.326790126	1.74E+00	-3.969212687
0.04725885	0.382404839	2.13E+00	-4.764663689
0.014443667	0.43677445	2.61E+00	-5.746407903
8.56E-05	0.4891828	3.20E+00	-6.92843261
0.005811593	0.53922781	3.88E+00	-8.316336831
0.03188976	0.586820901	4.67E+00	-9.906126537
0.077297739	0.632163307	5.56E+00	-11.68359247
0.13987329	0.675704505	6.56E+00	-13.62432485
0.216525756	0.718088182	7.64E+00	-15.69437225
0.303484625	0.760090961	8.80E+00	-17.85150488
0.396563115	0.802558614	1.00E+01	-20.04699903
0.491417519	0.846343941	1.13E+01	-22.2278234
0.583786968	0.892250058	1.26E+01	-24.33908154
0.669702496	0.940982388	1.38E+01	-26.32655127
0.745658474	0.993112124	1.51E+01	-28.13916065
0.808743026	1.049053308	1.63E+01	-29.73125039
0.856726788	1.109054848	1.75E+01	-31.0644929
0.88811129	1.173207734	1.86E+01	-32.10936428
0.90213942	1.24146649	1.97E+01	-32.84609772
0.898771245	1.313682612	2.06E+01	-33.26508189
0.878629131	1.389646594	2.15E+01	-33.36670482
0.842916721	1.469134299	2.23E+01	-33.16068149
0.793317045	1.551953176	2.31E+01	-32.66493741
0.731875677	1.637984054	2.37E+01	-31.90414961
0.660875478	1.727215038	2.43E+01	-30.90806639
0.582709739	1.819765104	2.49E+01	-29.70973737
0.499760506	1.915896153	2.54E+01	-28.34378493
0.414288218	2.01601338	2.59E+01	-26.84483846
0.32833783	2.120654733	2.63E+01	-25.24623404
0.243665165	2.230470806	2.68E+01	-23.57904921
0.161685757	2.34619698	2.72E+01	-21.87149801
0.083446896	2.468619816	2.76E+01	-20.14865922
0.009622188	2.598539817	2.80E+01	-18.43246707
-0.059473248	2.73673275	2.84E+01	-16.741869
-0.123849877	2.883911738	2.89E+01	-15.09305651
-0.183796781	3.040692292	2.93E+01	-13.49969689
-0.239824743	3.207562352	2.97E+01	-11.97312556
-0.292603595	3.384859102	3.01E+01	-10.5224899
-0.342897772	3.572753862	3.06E+01	-9.154859006
-0.391503555	3.771245802	3.10E+01	-7.875325143
-0.43919091	3.980164552	3.15E+01	-6.68712363
-0.486652376	4.199181238	3.20E+01	-5.591789973
-0.534461105	4.427826989	3.25E+01	-4.589361219
-0.583039872	4.665517639	3.29E+01	-3.678615903
-0.632642626	4.911583183	3.34E+01	-2.857337052
-0.683349626	5.165300378	3.39E+01	-2.12257724
-0.735076417	5.42592675	3.44E+01	-1.470904221
-0.787595644	5.692734069	3.49E+01	-0.898609733
-0.840569258	5.965039118	3.53E+01	-0.401871209
-0.893587177	6.242229494	3.57E+01	0.01542359
-0.946207192	6.523782118	3.60E+01	0.25344399
-0.99799015	6.809272218	3.63E+01	0.448580963
-1.048524597	7.098370947	3.66E+01	0.60318731
-1.097437222	7.390830899	3.68E+01	0.719530973
-1.1443909	7.686461294	3.69E+01	0.799796501
-1.189080377	7.985098282	3.70E+01	0.84609503
-1.23124178	8.286578736	3.70E+01	0.86048986
-1.270688038	8.590724824	3.69E+01	0.845044542
-1.307362805	8.897339528	3.67E+01	0.801894847
-1.341376498	9.20620248	3.65E+01	0.733336144
-1.372965787	9.517046856	3.62E+01	0.641906984
-1.402318966	9.829498952	3.59E+01	0.530442212
-1.429238353	10.14297219	3.55E+01	0.402068131
-1.452657251	10.45652456	3.51E+01	0.2601197
-1.470075987	10.76870458	3.46E+01	0.107974803
-1.47701419	11.07742062	3.41E+01	-0.051179646
-1.466586719	11.37986863	3.36E+01	-0.214615374
-1.429297489	11.67254294	3.30E+01	-0.380315615
-1.353113485	11.95133736	3.25E+01	-0.547159802
-1.223838752	12.21172217	3.19E+01	-0.714993061
-1.025764125	12.44896383	3.14E+01	-0.88454995
-0.742531244	12.65834338	3.08E+01	-1.057225503
-0.358124585	12.83532923	3.02E+01	-1.234712911
0.142105086	12.97567199	2.97E+01	-1.418551283
0.770479422	13.07540794	2.91E+01	-1.609644545
1.536173964	13.13078058	2.86E+01	-1.807820521
2.444603616	13.13810933	2.80E+01	-2.011496519
3.497050841	13.09364807	2.75E+01	-2.217504858
4.690552041	12.99348037	2.69E+01	-2.421111185
6.018035532	12.83349299	2.63E+01	-2.616233434
7.468685269	12.60945604	2.57E+01	-2.79584358
9.028489341	12.3172186	2.51E+01	-2.952511582
10.68092204	11.95300813	2.45E+01	-3.079033699
12.40770335	11.51380258	2.38E+01	-3.169077787
14.18957989	10.99773047	2.32E+01	-3.217776853
16.00707615	10.40444708	2.25E+01	-3.222208811
17.84117352	9.735436288	2.18E+01	-3.181713788
19.67388608	8.994194888	2.11E+01	-3.09801844
21.48871323	8.186269208	2.04E+01	-2.975157294
23.27096009	7.319129688	1.97E+01	-2.819201625
25.00792425	6.401885752	1.91E+01	-2.63782465
26.68895341	5.444859708	1.84E+01	-2.439746152
28.30538341	4.459052275	1.78E+01	-2.23410888
29.85037049	3.455543362	1.72E+01	-2.029842719
31.31863638	2.444878315	1.67E+01	-1.835070723
32.7061492	1.436491689	1.62E+01	-1.656604362
34.00976735	0.438217419	1.57E+01	-1.499564622
35.22687553	-0.884119513	1.52E+01	-1.367152407
36.35504262	-2.448352513	1.48E+01	-1.260577269
37.39172829	-3.978154516	1.43E+01	-1.179139309
38.33406033	-5.47443035	1.39E+01	-1.120446469
39.1786977	-6.940942158	1.34E+01	-1.080739303
39.92178619	-8.383607229	1.30E+01	-1.05528861
40.55900543	-9.809645579	1.25E+01	-1.038828343
41.08569847	-11.22665221	1.20E+01	-1.025986967
41.49706943	-12.641673	1.15E+01	-1.011684461
41.78843056	-14.06035956	1.10E+01	-0.991468596
41.95547726	-15.48626728	1.05E+01	-0.961772118
41.99456864	-16.9203457	9.93E+00	-0.92008086
41.90299072	-18.36065236	9.36E+00	-0.865010833
41.67918076	-19.80230391	8.78E+00	-0.796299239
41.32289429	-21.23766076	8.20E+00	-0.714719442
40.8353011	-22.65672508	7.61E+00	-0.621933291
40.21900299	-24.04771579	7.03E+00	-0.520295645
39.47797337	-25.39777042	6.45E+00	-0.412626653
38.61742629	-26.69371409	5.88E+00	-0.301967984
37.64362889	-27.92283197	5.32E+00	-0.191340621
36.56367674	-29.07358452	4.78E+00	-0.083523311
35.38525366	-30.13621392	4.24E+00	0.019129147
34.11639839	-31.10320432	3.71E+00	0.11481148
32.76529761	-31.96957515	3.19E+00	0.202327369
31.34012103	-32.7330042	2.67E+00	0.2810813
29.84890896	-33.39379202	2.15E+00	0.351010398
28.29951793	-33.95469128	1.64E+00	0.412471235
26.69962574	-34.42063188	1.11E+00	0.466101103
25.0567939	-34.79837543	5.83E-01	0.5126743
23.37858227	-35.09613082	4.29E-02	0.552971834
21.67270649	-35.32315704	-0.313435614	0.587678304
19.94722373	-35.4893714	-0.6611716	0.617313712
18.21072659	-35.60497291	-1.017029257	0.64220168
16.47252075	-35.68008391	-1.38085413	0.662470036
14.74275991	-35.72440911	-1.752202694	0.678075735
13.03251336	-35.74690996	-2.130448995	0.688843821
11.35374681	-35.75549297	-2.514901013	0.694509783
9.719206094	-35.75671291	-2.904911858	0.694755796
8.142203506	-35.75549404	-3.299972034	0.689233763
6.636316789	-35.75487776	-3.699771607	0.677571071
5.215016952	-35.75581061	-4.104225022	0.659358016
3.891244801	-35.75699466	-4.513455719	0.634118261
2.676958014	-35.75482905	-4.927742297	0.601265321
1.582673211	-35.74347379	-5.347432431	0.560049067
0.617030554	-35.71506176	-5.772834754	0.509496934
-0.213588992	-35.6600722	-6.204101866	0.44835462
-0.905361751	-35.56786146	-6.641118665	0.375029836
-1.457202407	-35.42733039	-7.08340867	0.287539795
-1.870799216	-35.2276925	-7.530067089	0.183459254
-2.15048578	-34.95929509	-7.979723711	0.059862853
-2.302951893	-34.6144339	-8.430532504	-0.0867446
-2.336821047	-34.18809412	-8.880179272	-0.260512106
-2.262145283	-33.67854828	-9.325895288	-0.46633473
-2.089882295	-33.08774633	-9.764464048	-0.709938215
-1.831421185	-32.42144726	-10.19221115	-0.99793177
-1.498211939	-31.68906252	-10.60497281	-1.337801292
-1.101532364	-30.90320846	-10.99804621	-1.737817297
-0.652399955	-30.07899377	-11.36613377	-2.206837563
-0.161610167	-29.23309442	-11.70330205	-2.753991968
0.360138376	-28.38268994	-12.00298137	-3.388246261
0.902084286	-27.54434802	-12.25803214	-4.117855152
1.453265847	-26.73294965	-12.46089638	-4.94973468
2.002456689	-25.96074351	-12.60383946	-5.888806312
2.538213018	-25.23660688	-12.67927126	-6.937383345
3.049052249	-24.5655718	-12.68012246	-8.094676272
3.523761809	-23.94865142	-12.6002423	-9.356484547
3.951816259	-23.38297451	-12.43478058	-10.71511936
4.323863366	-22.86220902	-12.18051834	-12.15957117
4.632227644	-22.37723061	-11.83611688	-13.67590336
4.871374146	-21.91697206	-11.40226371	-15.24782515
5.038276728	-21.46937527	-10.88170361	-16.85737774
5.132643358	-21.02236172	-10.27915351	-18.4856603
5.156965572	-20.56473861	-9.601108512	-20.11352658
5.116378004	-20.08696788	-8.855553592	-21.72219776
5.018334239	-19.58174129	-8.051600392	-23.29375767
4.872124063	-19.0443259	-7.199072163	-24.81151881
4.688272141	-18.4726673	-6.308061372	-26.26026687
4.477867885	-17.86726143	-5.388485862	-27.62640506
4.251880696	-17.2308265	-4.449669231	-28.89802586
4.020514208	-16.56782289	-3.499970529	-30.06493685
3.792647793	-15.88387898	-2.54648639	-31.11866117
3.575403743	-15.18518472	-1.594844968	-32.05242453
3.373865002	-14.47791106	-0.649104908	-32.86113131
3.19095294	-13.76770553	0.468382661	-33.54132599
3.027460082	-13.05930213	1.976199547	-34.0911313
2.882221044	-12.3562695	3.468951221	-34.51015412
2.752397202	-11.66090644	4.94847971	-34.79935136
2.633846557	-10.97427906	6.417626784	-34.9608522
2.521548896	-10.29638004	7.879642945	-34.99773816
2.410056671	-9.626380095	9.337590669	-34.91378754
2.293943281	-8.962934229	10.79377857	-34.71319659
2.168222327	-8.304503008	12.24926008	-34.40029421
2.028713929	-7.64965039	13.70342681	-33.97927114
1.872337617	-6.997285582	15.15372234	-33.45394664
1.697315778	-6.346825168	16.59549711	-32.82759553
1.503277205	-5.698262743	18.02201753	-32.10285504
1.291256734	-5.052144789	19.42463373	-31.28172497
1.063593976	-4.409462549	20.79310033	-30.36566608
0.823741801	-3.771479067	22.11603392	-29.35579186
0.576002861	-3.139517726	23.38148088	-28.25313973
0.32521926	-2.514742653	24.57756068	-27.05900032
0.076444698	-1.897961254	25.69314394	-25.77527935
-0.165371412	-1.289474501	26.71852131	-24.40486618
-0.395662542	-0.688991872	27.64602049	-22.95198618
-0.61046845	-0.095616881	28.47053275	-21.42251887
-0.806594253	0.302831922	29.18991728	-19.82426962
-0.981704154	0.662195695	29.80525955	-18.16718544
-1.134354959	1.020616723	30.32096721	-16.46350579
-1.263978076	1.379566094	30.74469373	-14.72783518
-1.370819803	1.74053257	31.08708561	-12.97711898
-1.455849069	2.104947502	31.36135471	-11.23049845
-1.520640273	2.474125763	31.58268419	-9.509019142
-1.567237314	2.849223195	31.76748457	-7.835171006
-1.598003785	3.231208069	31.93252684	-6.232248676
-1.615463799	3.620842337	32.09399007	-4.723537341
-1.622138017	4.018667983	32.26647174	-3.331350428
-1.620379845	4.424994583	32.46201786	-2.075967855
-1.612217782	4.839885778	32.68923632	-0.97454379
-1.59921115	5.263144378	32.95255981	-0.040066859
-1.582327565	5.694297529	33.25172337	0.719539611
-1.561850206	6.132584281	33.58151489	1.302094874
-1.537319889	6.576947234	33.93184274	1.711546809
-1.507511009	7.02602805	34.28814253	1.958017195
-1.470432798	7.478164052	34.63211629	2.05747875
-1.423340551	7.931381538	34.94276681	2.031059964
-1.362738508	8.383381824	35.19766203	1.903998861
-1.284360109	8.831519672	35.37434351	1.704293884
-1.183125075	9.272780792	35.45178067	1.460769052
-1.053094591	9.703773456	35.41176939	1.20021951
-0.887466708	10.12075441	35.24017798	0.944847783
-0.678661106	10.51970524	34.92795445	0.711686096
-0.418529255	10.89646254	34.4718239	0.513375309
-0.098696963	11.24688664	33.87462327	0.358687805
0.28899019	11.56703646	33.14524285	0.252498563
0.751984124	11.85330547	32.29817018	0.195593818
1.296606235	12.10246902	31.35266349	0.184595716
1.927770764	12.31160173	30.33161507	0.212351792
2.64893101	12.47784755	29.26019506	0.269255884
3.462267256	12.59806146	28.16438627	0.345158555
4.369069461	12.668383	27.06952741	0.430460864
5.370208309	12.68383394	25.99897407	0.515867531
6.466552415	12.6380469	24.97296781	0.591902458
7.659187279	12.52322271	24.00777734	0.649104135
8.94932371	12.33038275	23.11514759	0.678804751
10.3378428	12.04993574	22.30206508	0.674100787
11.82449871	11.67252382	21.57082447	0.630726592
13.40687499	11.19006157	20.91936291	0.547643336
15.07925038	10.5968421	20.34181465	0.427248207
16.83156435	9.890562712	19.82923003	0.275187598
18.64867467	9.073123912	19.37039809	0.099819874
20.51006773	8.151078792	18.95271234	-0.088584296
22.39012335	7.135651543	18.56302305	-0.278793273
24.25895976	6.042298156	18.18842668	-0.45960206
26.08380448	4.889839658	17.81695264	-0.620750702
27.83076535	3.699250686	17.43811793	-0.75368854
29.46682432	2.492226518	17.04333082	-0.852125918
30.96185007	1.28967501	16.62613532	-0.912343764
32.29042787	0.110283857	16.1822981	-0.933259036
33.433333	-1.674889301	15.70974946	-0.916267755
34.37852054	-3.448867526	15.20839795	-0.864905434
35.12155787	-5.132913115	14.67984545	-0.784376116
35.66547696	-6.725276265	14.12703356	-0.681006031
36.02006711	-8.231749631	13.55385397	-0.561676637
36.20066772	-9.664530585	12.96475459	-0.43328592
36.22655837	-11.04056948	12.36436989	-0.302277655
36.11908021	-12.37955413	11.75719861	-0.174267305
35.89965301	-13.70171506	11.1473452	-0.053781609
35.58786872	-15.0256533	10.53833422	0.055882485
35.19983899	-16.36638911	9.932999167	0.152684256
34.74695071	-17.73380563	9.333440684	0.2357646
34.23514147	-19.13162044	8.741043344	0.305290717
33.66475267	-20.55696478	8.156536355	0.36224484
33.03095875	-22.00059098	7.580081742	0.408183509
32.32471257	-23.44766874	7.011373794	0.444993061
31.53409774	-24.87907605	6.449735792	0.474663885
30.6459418	-26.27304724	5.894203728	0.499101005
29.64752573	-27.60701224	5.343591085	0.519982439
28.52822449	-28.85945156	4.796533155	0.538670342
27.28093119	-30.01159996	4.25151293	0.556173897
25.90314964	-31.0488566	3.706873039	0.573157808
24.39768283	-31.96179652	3.160819287	0.589986516
22.77289025	-32.74672178	2.611421316	0.606791807
21.04253099	-33.40573593	2.056615128	0.623550529
19.2252455	-33.94636725	1.494211151	0.640159362
17.34375579	-34.38080248	0.921910467	0.656494991
15.42387857	-34.72481938	0.33733094	0.672450587
13.49344691	-34.99652203	-0.161203525	0.687942924
11.58122493	-35.21498491	-0.540538766	0.70288867
9.715879561	-35.39890493	-0.931871909	0.717152749
7.925050013	-35.56534537	-1.336574583	0.730475525
6.234534723	-35.72863974	-1.755883258	0.742388131
4.66760139	-35.89950709	-2.190838009	0.752126111
3.244419196	-36.08441647	-2.642212097	0.758550993
1.981611142	-36.28522431	-3.110434256	0.76008797
0.891925282	-36.49909432	-3.595509402	0.754685901
-0.015976958	-36.71869531	-4.096947006	0.739802615
-0.737620951	-36.93265736	-4.613707625	0.712413261
-1.272718259	-37.12625514	-5.144175716	0.669032573
-1.625077935	-37.28227989	-5.6861612	0.60573535
-1.80243761	-37.38206135	-6.236925097	0.518156674
-1.816212139	-37.40660284	-6.793218085	0.401457102
-1.681148354	-37.33779136	-7.351317033	0.250248716
-1.414872821	-37.15963293	-7.907044594	0.058492929
-1.037328013	-36.85944417	-8.455760968	-0.180604211
-0.570107869	-36.42890991	-8.992324512	-0.474662366
-0.035720306	-35.86490484	-9.511028104	-0.83212059
0.543183851	-35.16998213	-10.00552912	-1.2621129
1.144571489	-34.35245721	-10.46880018	-1.774193482
1.747735855	-33.42605496	-10.89313117	-2.377899276
2.333919017	-32.4091375	-11.27020882	-3.08216844
2.886823241	-31.32357605	-11.59128866	-3.894668106
3.392995455	-30.19336749	-11.84745906	-4.821112369
3.842076552	-29.0431182	-12.02998278	-5.864660334
4.22691323	-27.89652518	-12.13069178	-7.025470638
4.543534819	-26.7749769	-12.14240591	-8.300458373
4.791001826	-25.69637841	-12.0593445	-9.683263076
4.971137141	-24.67427997	-11.8775009	-11.16440318
5.08815519	-23.71735799	-11.59495191	-12.73157028
5.148208701	-22.82926605	-11.21207647	-14.37000852
5.15887683	-22.00884346	-10.7316629	-16.06292944
5.128621731	-21.25064164	-10.15888933	-17.79192631
5.066242747	-20.54570727	-9.50117028	-19.53736983
4.980357745	-19.88254529	-8.767871424	-21.27878413
4.878939251	-19.24817713	-7.969905031	-22.99521431
4.768929068	-18.62920802	-7.119228369	-24.66560303
4.655949172	-18.01282361	-6.228275955	-26.26919263
4.544119678	-17.38764747	-5.309363034	-27.7859629
4.43598722	-16.74440811	-4.374100982	-29.19710339
4.332559836	-16.07638383	-3.432865585	-30.48550673
4.233437935	-15.37961399	-2.494355915	-31.63625701
4.137025355	-14.65288559	-1.565275101	-32.63707824
4.040800336	-13.89752023	-0.650155034	-33.47870343
3.94162366	-13.11699989	0.404079154	-34.15512599
3.836060526	-12.316478	1.837713725	-34.66370184
3.720693929	-11.50222595	3.246845357	-35.00508222
3.592410168	-10.6810646	4.636185007	-35.18297186
3.448641078	-9.859825179	6.011939909	-35.20372323
3.28755215	-9.04487642	7.380965884	-35.07579331
3.10817027	-8.241743963	8.749908279	-34.80910335
2.910449063	-7.454837253	10.12439731	-34.41435428
2.695273545	-6.687287829	11.50836081	-33.90236004
2.464408825	-5.940893223	12.90350969	-33.28346359
2.220400094	-5.216153135	14.30903544	-32.56709161
1.966433007	-4.512379509	15.72153374	-31.76147853
1.706164831	-3.827859838	17.13513688	-30.87355577
1.443537389	-3.160053061	18.54181072	-29.90896849
1.18258286	-2.505799511	19.93175783	-28.87216615
0.927232713	-1.861529662	21.29387289	-27.76651901
0.681138346	-1.223460184	22.61621373	-26.59443718
0.447509035	-0.587768761	23.88647479	-25.35749932
0.228969419	0.03031337	25.0924685	-24.05662332
0.027436857	0.425303486	26.22262847	-22.69232263
-0.155978428	0.82523543	27.26654483	-21.26508646
-0.3210397	1.231873011	28.21552783	-19.7759017
-0.468395877	1.646767363	29.06317752	-18.2269056
-0.599513441	2.071254678	29.80591876	-16.622126
-0.7165072	2.506446913	30.44344733	-14.96823692
-0.821865884	2.95320597	30.97902588	-13.27523654
-0.918093278	3.412098644	31.41957037	-11.55694436
-1.007311482	3.883338368	31.77547857	-9.831219117
-1.090893015	4.366728303	32.06017145	-8.119817948
-1.169194862	4.861625239	32.28934434	-6.4478495
-1.241452836	5.366941757	32.47995404	-4.842816077
-1.30585706	5.881193485	32.64899858	-3.333286177
-1.359778191	6.402581686	32.81217605	-1.947284415
-1.400068626	6.929085918	32.98253401	-0.710524591
-1.42334221	7.458534354	33.16923885	0.355361431
-1.426147264	7.988623732	33.37659799	1.234435712
-1.404984112	8.516874856	33.60345298	1.917751077
-1.356164862	9.040528048	33.84302893	2.404201135
-1.275555052	9.55640044	34.08327841	2.700830208
-1.158263587	10.06073874	34.30770462	2.82255808
-0.998355212	10.54910437	34.49659663	2.79132718
-0.78865076	11.0163216	34.62856722	2.634731458
-0.520661002	11.45650634	34.68225562	2.38423136
-0.184677418	11.86317662	34.63804608	2.07309406
0.229976807	12.22943114	34.47965724	1.733861367
0.734547373	12.54817284	34.19547441	1.39525945
1.340322935	12.8123514	33.77952276	1.08002344
2.058010742	13.01520305	33.23201158	0.804806108
2.897046117	13.15047442	32.55941545	0.580750168
3.864872328	13.21262702	31.77409559	0.413635612
4.966233602	13.1970255	30.89350098	0.30433063
6.202531605	13.10011414	29.9390223	0.249509608
7.571302297	12.9195819	28.93459719	0.241884331
9.065872167	12.65450908	27.90518263	0.270282212
10.67524785	12.30548216	26.87521586	0.320331671
12.38427951	11.87465808	25.86718012	0.375804666
14.17411583	11.36575986	24.90037702	0.420288094
16.02293833	10.78398904	23.98998461	0.438892664
17.9069286	10.13584894	23.14645343	0.419760534
19.80138967	9.428882144	22.37526318	0.35519666
21.68191788	8.671336616	21.6770335	0.242317645
23.52551125	7.871783266	21.04795583	0.083180011
25.31150572	7.038714853	20.48049088	-0.115588441
27.02225228	6.180158938	19.9642599	-0.343579643
28.64348133	5.303337042	19.48704849	-0.587707483
30.16434022	4.41439764	19.03583926	-0.833489164
31.57713	3.518242864	18.59779436	-1.066368551
32.87680188	2.618458981	18.16111928	-1.272953439
34.06029823	1.717350202	17.715754	-1.442059398
35.12583491	0.816065651	17.25385602	-1.565481648
36.07222055	-0.138447848	16.77005933	-1.638449581
36.89829466	-1.603788123	16.26151304	-1.659752331
37.60254336	-3.071416607	15.72772123	-1.631554971
38.18292193	-4.543065615	15.1702203	-1.558951024
38.63688314	-6.020277686	14.59213938	-1.449316064
38.96158298	-7.504046946	13.99769479	-1.31153845
39.15421486	-8.994538484	13.39166841	-1.155206299
39.21241183	-10.49089384	12.77891588	-0.989825285
39.13465399	-11.99112395	12.16394257	-0.82413085
38.92062402	-13.4920868	11.55057595	-0.66554273
38.57146702	-14.98954587	10.94175205	-0.519791331
38.08993003	-16.47830575	10.3394224	-0.390726625
37.48037953	-17.952423	9.744575483	-0.280302627
36.74871847	-19.40549002	9.157355668	-0.188715882
35.90224104	-20.83098611	8.577253052	-0.11466581
34.94946665	-22.22267896	8.003332005	-0.055698782
33.89997935	-23.57504116	7.434464764	-0.008596254
32.76426645	-24.88362136	6.869539319	0.030230663
31.55351218	-26.14528868	6.30761733	0.064373075
30.27927977	-27.35826611	5.748026827	0.09710878
28.95302668	-28.52189547	5.190384498	0.131157698
27.58544542	-29.63613199	4.634552257	0.168518214
26.18569019	-30.70083506	4.080541043	0.210386291
24.76061205	-31.71498074	3.528380603	0.257151933
23.31416097	-32.67595416	2.977976774	0.308461829
21.84711045	-33.57907693	2.428977365	0.363333028
20.35722058	-34.41748807	1.880664491	0.420300646
18.83988761	-35.18243635	1.331885666	0.477582679
17.28924816	-35.86397035	0.781029199	0.533246825
15.6996299	-36.4519456	0.22604269	0.585366771
14.06718175	-36.93721505	-0.206468514	0.632157478
12.39148424	-37.31283843	-0.557766365	0.672079589
10.67693743	-37.57514022	-0.916592917	0.7039026
8.933748895	-37.72446441	-1.284789858	0.726716799
7.178391122	-37.76551604	-1.664147722	0.739887127
5.433459107	-37.70723729	-2.056304774	0.742948475
3.726925999	-37.56223104	-2.462636706	0.735449861
2.090858094	-37.34580471	-2.884140589	0.716762103
0.55970187	-37.07475161	-3.321318761	0.685868397
-0.831711056	-36.76600917	-3.774070692	0.641158814
-2.050281219	-36.43533434	-4.241602831	0.580248153
-3.066722724	-36.09611991	-4.722367051	0.499832483
-3.857462497	-35.75844987	-5.214036732	0.395594196
-4.40622866	-35.42846273	-5.713525187	0.262160358
-4.7052213	-35.10806158	-6.217044628	0.093116065
-4.755786179	-34.79498055	-6.720196506	-0.118926122
-4.568544869	-34.48318808	-7.218078069	-0.382198682
-4.162972421	-34.16358072	-7.705387403	-0.705590156
-3.566452985	-33.82489933	-8.176511472	-1.098390631
-2.812880986	-33.45478463	-8.625588496	-1.5699687
-1.940906768	-33.04088301	-9.0465458	-2.129380629
-0.991948278	-32.57191583	-9.433124128	-2.784919373
-0.008102654	-32.03863469	-9.778906584	-3.543620265
0.96990695	-31.43459923	-10.07737353	-4.410749855
1.904622874	-30.75673135	-10.32200192	-5.389312027
2.763474108	-30.00561806	-10.50642149	-6.479609418
3.520042655	-29.18555381	-10.6246297	-7.678897464
4.154918612	-28.30433122	-10.67125702	-8.981163508
4.656116747	-27.37280504	-10.64186282	-10.37705499
5.019055857	-26.40426764	-10.53323542	-11.85396985
5.24612865	-25.41368451	-10.34366481	-13.39630968
5.345913079	-24.41684481	-10.07315824	-14.98588388
5.332094953	-23.42948427	-9.723572088	-16.60244177
5.222185301	-22.46643725	-9.298641136	-18.22430203
5.036123891	-21.54087012	-8.803894656	-19.82904488
4.794862205	-20.66364112	-8.246458496	-21.39423174
4.519015422	-19.84282163	-7.634752412	-22.89811924
4.22766378	-19.08340231	-6.978102041	-24.32033694
3.937369716	-18.38719463	-6.286293546	-25.64250151
3.661459233	-17.75292551	-5.569105256	-26.84874307
3.409595029	-17.17651065	-4.835853508	-27.92612251
3.187646731	-16.65148132	-4.094988996	-28.86492247
2.997841688	-16.1695307	-3.353774994	-29.65879976
2.839160153	-15.72113912	-2.618070399	-30.30479435
2.707922857	-15.29623439	-1.892229533	-30.80319883
2.598508131	-14.88484254	-1.179118864	-31.15730149
2.504130751	-14.47768707	-0.48024073	-31.37302196
2.417615443	-14.06670022	0.331585365	-31.45845892
2.332104459	-13.6454176	1.420694906	-31.42336588
2.241649541	-13.20923713	2.488633626	-31.27856849
2.141652917	-12.75553381	3.537374529	-31.03533892
2.02913798	-12.28363205	4.568581192	-30.70475221
1.902846505	-11.79464714	5.583069065	-30.29706196
1.763174142	-11.29121577	6.580364291	-29.82114368
1.611968228	-10.77714215	7.558406481	-29.28405871
1.452220694	-10.2569909	8.51343149	-28.69078711
1.287693654	-9.735659755	9.440053748	-28.04416444
1.12251639	-9.217964922	10.33154715	-27.34503698
0.960790443	-8.708269128	11.1803018	-26.59262519
0.80623522	-8.210177626	11.97841385	-25.78506102
0.661900429	-7.726321138	12.71835023	-24.92004308
0.529964292	-7.258237026	13.39362138	-23.99553987
0.411628181	-6.806351442	13.99939398	-23.01046548
0.307109582	-6.370056587	14.532983	-21.96525637
0.21572683	-5.947869175	14.99417588	-20.86229084
0.136061414	-5.537649845	15.38535998	-19.70611213
0.066177666	-5.136859216	15.71144486	-18.50343916
0.003875542	-4.742824654	15.9795908	-17.26297343
-0.053049603	-4.352992541	16.19877325	-15.99503184
-0.10656586	-3.965143473	16.37922654	-14.71105384
-0.158204859	-3.577552095	16.53181978	-13.42304173
-0.208920624	-3.189079026	16.66742129	-12.14299803
-0.259017854	-2.799189134	16.7963063	-10.88241974
-0.308152559	-2.407897899	16.92765561	-9.651900242
-0.355400334	-2.015654908	17.06918117	-8.460873327
-0.399380827	-1.62317993	17.2268994	-7.317514825
-0.438421883	-1.231271507	17.40505507	-6.228795558
-0.470743949	-0.840610016	17.60618076	-5.200658347
-0.494644728	-0.451576547	17.83126126	-4.238274087
-0.508665623	-0.064105916	18.07996042	-3.346320181
-0.511724569	0.198407596	18.35086391	-2.529221781
-0.503203784	0.436416119	18.64169437	-1.7913043
-0.482985103	0.67566309	18.949468	-1.136824038
-0.451429521	0.917537212	19.2705788	-0.569867827
-0.409301451	1.163644766	19.60081491	-0.09413565
-0.35764192	1.415694662	19.93532725	0.287362941
-0.297598385	1.675357584	20.2685802	0.572658768
-0.230222028	1.944105784	20.59431893	0.76117768
-0.156246006	2.223041418	20.90558622	0.854061695
-0.075860407	2.512723462	21.19481537	0.854424733
0.017247654	2.813006036	21.45401595	0.767518123
0.16098729	3.122904398	21.67505635	0.600787526
0.321250266	3.440507357	21.8500328	0.363808742
0.503515323	3.762954354	21.97170032	0.068095862
0.714868256	4.086490066	22.03392792	-0.273217555
0.963823572	4.40659914	22.03213213	-0.645814884
1.26003183	4.718211023	21.96363933	-1.034731367
1.613900075	5.015952989	21.82793101	-1.424958989
2.036158638	5.294421714	21.62673603	-1.802084486
2.537405706	5.548441409	21.36394974	-2.152917788
3.127654667	5.773279765	21.04537952	-2.466065928
3.815902112	5.964800577	20.67833714	-2.732409314
4.609729539	6.119542229	20.27111774	-2.945443752
5.514949602	6.234722638	19.83241996	-3.10146218
6.535306755	6.308182256	19.37076981	-3.199563693
7.672240548	6.338285787	18.89401001	-3.241492639
8.924716736	6.323808936	18.40890752	-3.23132542
10.28912761	6.263837538	17.92091581	-3.175035471
11.75925977	6.157702743	17.43410703	-3.07997621
13.32632474	6.004968278	16.95126704	-2.95432664
14.97904517	5.805476191	16.47412584	-2.806544449
16.70378469	5.55944791	16.00368024	-2.644867095
18.48470543	5.267629265	15.54055737	-2.47689322
20.30393639	4.931461735	15.08536665	-2.309266117
22.14174227	4.553257154	14.63899397	-2.147469143
23.97669656	4.136349786	14.20280356	-1.995731549
25.78587923	3.685198832	13.77872758	-1.857033283
27.54513305	3.205416939	13.36923892	-1.733189946
29.22941783	2.703706694	12.97721709	-1.624994792
30.81329552	2.187696664	12.60572851	-1.53239351
32.27156288	1.665680254	12.25775125	-1.454669398
33.58002416	1.146272535	11.9358787	-1.390620676
34.71636953	0.638010662	11.64203768	-1.338717281
35.66110137	0.148931054	11.37725372	-1.297230571
36.39843357	-0.509989661	11.14149024	-1.264334893
36.91708281	-1.20972223	10.93357974	-1.238184258
37.2108756	-1.850179022	10.75125488	-1.216969884
37.27911053	-2.427144679	10.5912764	-1.198965141
37.12663791	-2.939276381	10.44964432	-1.182563636
36.76364621	-3.387985461	10.3218704	-1.166314363
36.20517146	-3.777131376	10.20328366	-1.148955484
35.47037031	-4.112556912	10.08933799	-1.129446051
34.58161547	-4.401506338	9.97589135	-1.10699316
33.56348409	-4.651976893	9.859430713	-1.081071062
32.44171325	-4.872057809	9.737223434	-1.051428739
31.24219133	-5.069309568	9.60738549	-1.018083321
29.99004272	-5.250229599	9.468866659	-0.981298335
28.70884484	-5.419839894	9.321362201	-0.941547605
27.41999756	-5.581418756	9.165167908	-0.899467454
26.14224707	-5.736384936	9.000999964	-0.855801173
24.89135232	-5.884329548	8.829802564	-0.811340483
23.67987642	-6.023180845	8.652565012	-0.766868769
22.51708668	-6.14947978	8.470166571	-0.723110279
21.40895703	-6.258739719	8.283262456	-0.680688467
20.35827816	-6.345860466	8.09221844	-0.640095937
19.36488791	-6.405563421	7.897095882	-0.601678989
18.42603084	-6.432811416	7.697684793	-0.565642317
17.53683975	-6.423175467	7.493580496	-0.532082847
16.69091112	-6.373114587	7.284298375	-0.501062369
15.88093038	-6.280145994	7.069418762	-0.472722815
15.09929694	-6.142900431	6.848749198	-0.447435246
14.33870503	-5.961076669	6.622485001	-0.425957887
13.59264827	-5.735325123	6.391343765	-0.409565722
12.85583058	-5.467098615	6.156647296	-0.400109155
12.12447623	-5.15850727	5.920327221	-0.399964451
11.39653843	-4.812205519	5.68483853	-0.411853624
10.67180647	-4.431325465	5.452978199	-0.438533763
9.951909657	-4.019456083	5.227621514	-0.48238098
9.240213725	-3.580655013	5.011403873	-0.544917309
8.541606549	-3.119471481	4.806387333	-0.62634502
7.862174325	-2.640955878	4.613756717	-0.725158807
7.208778479	-2.150633906	4.433588537	-0.837900798
6.588554817	-1.654429688	4.264727725	-0.959107392
6.008368175	-1.158531443	4.104793712	-1.081473208
5.474265275	-0.669203343	3.950320923	-1.196339318
4.990973946	-0.192659363	3.797021923	-1.294729963
4.561496471	0.162929741	3.640146537	-1.368826684
4.186838375	0.428429618	3.474899149	-1.413250455
3.865901766	0.673344548	3.296870323	-1.425676603
3.595555817	0.893000839	3.102438275	-1.4068169
3.370878384	1.083144631	2.889100361	-1.359981767
3.185544471	1.24044265	2.655750535	-1.290403218
3.03232166	1.362867786	2.403020293	-1.204464463
2.903621895	1.449913722	2.133703999	-1.108947052
2.792054271	1.50262777	1.852980723	-1.010373027
2.690925539	1.523481324	1.568117665	-0.914489285
2.594643144	1.516115043	1.287685713	-0.825915381
2.498988246	1.485003931	1.020556372	-0.747955135
2.401241154	1.435087777	0.774926598	-0.682556756
2.300157236	1.371407657	0.557524358	-0.630395821
2.195806007	1.298781037	0.37307283	-0.591049751
2.089299206	1.22153834	0.224034168	-0.563230858
1.982443844	1.143333909	0.110613253	-0.54504669
1.877362542	1.067035204	0.030975821	-0.534260403
1.776124877	0.994686401	-0.014137159	-0.52852944
1.680429851	0.927536828	-0.032423098	-0.525606983
1.591371276	0.866120863	-0.035187158	-0.523496895
1.509306119	0.810374056	-0.026758373	-0.52055861
1.433832252	0.759770043	-0.011313482	-0.515563271
1.363868583	0.713463995	0.007386419	-0.507706188
1.297818762	0.670430435	0.026195077	-0.496583234
1.233791382	0.629586038	0.042711346	-0.48214026
1.169845163	0.589890988	0.055327865	-0.464604939
1.104227706	0.550425373	0.06319787	-0.444410043
1.035580311	0.510439792	0.066139508	-0.422116008
0.963088347	0.469381485	0.064502081	-0.398339138
0.886565294	0.426899003	0.059015342	-0.37369006
0.80646723	0.382829498	0.050639024	-0.348725284
0.723779999	0.337204755	0.040426398	-0.323860638