-1.49E-09	1.57E-09	-1.744E-09	-1.97E-09
7.34E-05	-1.91E-05	0.00003016	-0.0001404
0.000665602	-0.000170951	0.000276	-0.001280714
0.003016141	-0.00076442	0.001264	-0.005852349
0.00928222	-0.00231288	0.003944	-0.018203388
0.022149646	-0.005402895	0.0096	-0.044012312
0.044133027	-0.010484938	0.01944	-0.089101212
0.076855891	-0.017671779	0.0348	-0.158152299
0.120509169	-0.026600576	0.05624	-0.253678767
0.173595624	-0.03638636	0.084	-0.3754557
0.232988032	-0.045670292	0.1184	-0.520492074
0.294266655	-0.052747963	0.1576	-0.68352971
0.352259827	-0.055751728	0.2016	-0.857989244
0.401690432	-0.052856418	0.2488	-1.037240313
0.437828251	-0.042478445	0.3	-1.216044837
0.457059783	-0.023442979	0.3544	-1.392004797
0.457308512	0.003919342	0.4144	-1.566840525
0.438265111	0.03409225	0.4816	-1.7473362
0.401414701	0.071357903	0.5608	-1.945817771
0.349873559	0.114901016	0.6584	-2.180073441
0.288068228	0.163586189	0.7808	-2.472683349
0.221303966	0.216071634	0.936	-2.849786207
0.155276343	0.270933953	1.136	-3.33936885
0.095579565	0.326790126	1.392	-3.969212687
0.04725885	0.382404839	1.704	-4.764663689
0.014443667	0.43677445	2.088	-5.746407903
8.56E-05	0.4891828	2.56	-6.92843261
0.005811593	0.53922781	3.104	-8.316336831
0.03188976	0.586820901	3.736	-9.906126537
0.077297739	0.632163307	4.448	-11.68359247
0.13987329	0.675704505	5.248	-13.62432485
0.216525756	0.718088182	6.112	-15.69437225
0.303484625	0.760090961	7.04	-17.85150488
0.396563115	0.802558614	8	-20.04699903
0.491417519	0.846343941	9.04	-22.2278234
0.583786968	0.892250058	10.08	-24.33908154
0.669702496	0.940982388	11.04	-26.32655127
0.745658474	0.993112124	12.08	-28.13916065
0.808743026	1.049053308	13.04	-29.73125039
0.856726788	1.109054848	14	-31.0644929
0.88811129	1.173207734	14.88	-32.10936428
0.90213942	1.24146649	15.76	-32.84609772
0.898771245	1.313682612	16.48	-33.26508189
0.878629131	1.389646594	17.2	-33.36670482
0.842916721	1.469134299	17.84	-33.16068149
0.793317045	1.551953176	18.48	-32.66493741
0.731875677	1.637984054	18.96	-31.90414961
0.660875478	1.727215038	19.44	-30.90806639
0.582709739	1.819765104	19.92	-29.70973737
0.499760506	1.915896153	20.32	-28.34378493
0.414288218	2.01601338	20.72	-26.84483846
0.32833783	2.120654733	21.04	-25.24623404
0.243665165	2.230470806	21.44	-23.57904921
0.161685757	2.34619698	21.76	-21.87149801
0.083446896	2.468619816	22.08	-20.14865922
0.009622188	2.598539817	22.4	-18.43246707
-0.059473248	2.73673275	22.72	-16.741869
-0.123849877	2.883911738	23.12	-15.09305651
-0.183796781	3.040692292	23.44	-13.49969689
-0.239824743	3.207562352	23.76	-11.97312556
-0.292603595	3.384859102	24.08	-10.5224899
-0.342897772	3.572753862	24.48	-9.154859006
-0.391503555	3.771245802	24.8	-7.875325143
-0.43919091	3.980164552	25.2	-6.68712363
-0.486652376	4.199181238	25.6	-5.591789973
-0.534461105	4.427826989	26	-4.589361219
-0.583039872	4.665517639	26.32	-3.678615903
-0.632642626	4.911583183	26.72	-2.857337052
-0.683349626	5.165300378	27.12	-2.12257724
-0.735076417	5.42592675	27.52	-1.470904221
-0.787595644	5.692734069	27.92	-0.898609733
-0.840569258	5.965039118	28.24	-0.401871209
-0.893587177	6.242229494	28.56	0.01542359
-0.946207192	6.523782118	28.8	0.25344399
-0.99799015	6.809272218	29.04	0.448580963
-1.048524597	7.098370947	29.28	0.60318731
-1.097437222	7.390830899	29.44	0.719530973
-1.1443909	7.686461294	29.52	0.799796501
-1.189080377	7.985098282	29.6	0.84609503
-1.23124178	8.286578736	29.6	0.86048986
-1.270688038	8.590724824	29.52	0.845044542
-1.307362805	8.897339528	29.36	0.801894847
-1.341376498	9.20620248	29.2	0.733336144
-1.372965787	9.517046856	28.96	0.641906984
-1.402318966	9.829498952	28.72	0.530442212
-1.429238353	10.14297219	28.4	0.402068131
-1.452657251	10.45652456	28.08	0.2601197
-1.470075987	10.76870458	27.68	0.107974803
-1.47701419	11.07742062	27.28	-0.051179646
-1.466586719	11.37986863	26.88	-0.214615374
-1.429297489	11.67254294	26.4	-0.380315615
-1.353113485	11.95133736	26	-0.547159802
-1.223838752	12.21172217	25.52	-0.714993061
-1.025764125	12.44896383	25.12	-0.88454995
-0.742531244	12.65834338	24.64	-1.057225503
-0.358124585	12.83532923	24.16	-1.234712911
0.142105086	12.97567199	23.76	-1.418551283
0.770479422	13.07540794	23.28	-1.609644545
1.536173964	13.13078058	22.88	-1.807820521
2.444603616	13.13810933	22.4	-2.011496519
3.497050841	13.09364807	22	-2.217504858
4.690552041	12.99348037	21.52	-2.421111185
6.018035532	12.83349299	21.04	-2.616233434
7.468685269	12.60945604	20.56	-2.79584358
9.028489341	12.3172186	20.08	-2.952511582
10.68092204	11.95300813	19.6	-3.079033699
12.40770335	11.51380258	19.04	-3.169077787
14.18957989	10.99773047	18.56	-3.217776853
16.00707615	10.40444708	18	-3.222208811
17.84117352	9.735436288	17.44	-3.181713788
19.67388608	8.994194888	16.88	-3.09801844
21.48871323	8.186269208	16.32	-2.975157294
23.27096009	7.319129688	15.76	-2.819201625
25.00792425	6.401885752	15.28	-2.63782465
26.68895341	5.444859708	14.72	-2.439746152
28.30538341	4.459052275	14.24	-2.23410888
29.85037049	3.455543362	13.76	-2.029842719
31.31863638	2.444878315	13.36	-1.835070723
32.7061492	1.436491689	12.96	-1.656604362
34.00976735	0.438217419	12.56	-1.499564622
35.22687553	-0.70729561	12.16	-1.367152407
36.35504262	-1.95868201	11.84	-1.260577269
37.39172829	-3.182523613	11.44	-1.179139309
38.33406033	-4.37954428	11.12	-1.120446469
39.1786977	-5.552753726	10.72	-1.080739303
39.92178619	-6.706885783	10.4	-1.05528861
40.55900543	-7.847716463	10	-1.038828343
41.08569847	-8.981321768	9.6	-1.025986967
41.49706943	-10.1133384	9.2	-1.011684461
41.78843056	-11.24828765	8.8	-0.991468596
41.95547726	-12.38901382	8.4	-0.961772118
41.99456864	-13.53627656	7.944	-0.92008086
41.90299072	-14.68852189	7.488	-0.865010833
41.67918076	-15.84184313	7.024	-0.796299239
41.32289429	-16.99012861	6.56	-0.714719442
40.8353011	-18.12538006	6.088	-0.621933291
40.21900299	-19.23817263	5.624	-0.520295645
39.47797337	-20.31821634	5.16	-0.412626653
38.61742629	-21.35497127	4.704	-0.301967984
37.64362889	-22.33826558	4.256	-0.191340621
36.56367674	-23.25886762	3.824	-0.083523311
35.38525366	-24.10897114	3.392	0.019129147
34.11639839	-24.88256346	2.968	0.11481148
32.76529761	-25.57566012	2.552	0.202327369
31.34012103	-26.18640336	2.136	0.2810813
29.84890896	-26.71503362	1.72	0.351010398
28.29951793	-27.16375302	1.312	0.412471235
26.69962574	-27.5365055	0.888	0.466101103
25.0567939	-27.83870034	0.4664	0.5126743
23.37858227	-28.07690466	0.03432	0.552971834
21.67270649	-28.25852563	-0.313435614	0.587678304
19.94722373	-28.39149712	-0.6611716	0.617313712
18.21072659	-28.48397833	-1.017029257	0.64220168
16.47252075	-28.54406713	-1.38085413	0.662470036
14.74275991	-28.57952729	-1.752202694	0.678075735
13.03251336	-28.59752797	-2.130448995	0.688843821
11.35374681	-28.60439438	-2.514901013	0.694509783
9.719206094	-28.60537033	-2.904911858	0.694755796
8.142203506	-28.60439523	-3.299972034	0.689233763
6.636316789	-28.60390221	-3.699771607	0.677571071
5.215016952	-28.60464849	-4.104225022	0.659358016
3.891244801	-28.60559573	-4.513455719	0.634118261
2.676958014	-28.60386324	-4.927742297	0.601265321
1.582673211	-28.59477903	-5.347432431	0.560049067
0.617030554	-28.57204941	-5.772834754	0.509496934
-0.213588992	-28.52805776	-6.204101866	0.44835462
-0.905361751	-28.45428917	-6.641118665	0.375029836
-1.457202407	-28.34186431	-7.08340867	0.287539795
-1.870799216	-28.182154	-7.530067089	0.183459254
-2.15048578	-27.96743607	-7.979723711	0.059862853
-2.302951893	-27.69154712	-8.430532504	-0.0867446
-2.336821047	-27.3504753	-8.880179272	-0.260512106
-2.262145283	-26.94283862	-9.325895288	-0.46633473
-2.089882295	-26.47019706	-9.764464048	-0.709938215
-1.831421185	-25.93715781	-10.19221115	-0.99793177
-1.498211939	-25.35125002	-10.60497281	-1.337801292
-1.101532364	-24.72256677	-10.99804621	-1.737817297
-0.652399955	-24.06319502	-11.36613377	-2.206837563
-0.161610167	-23.38647554	-11.70330205	-2.753991968
0.360138376	-22.70615195	-12.00298137	-3.388246261
0.902084286	-22.03547842	-12.25803214	-4.117855152
1.453265847	-21.38635972	-12.46089638	-4.94973468
2.002456689	-20.76859481	-12.60383946	-5.888806312
2.538213018	-20.1892855	-12.67927126	-6.937383345
3.049052249	-19.65245744	-12.68012246	-8.094676272
3.523761809	-19.15892114	-12.6002423	-9.356484547
3.951816259	-18.70637961	-12.43478058	-10.71511936
4.323863366	-18.28976722	-12.18051834	-12.15957117
4.632227644	-17.90178449	-11.83611688	-13.67590336
4.871374146	-17.53357765	-11.40226371	-15.24782515
5.038276728	-17.17550022	-10.88170361	-16.85737774
5.132643358	-16.81788938	-10.27915351	-18.4856603
5.156965572	-16.45179089	-9.601108512	-20.11352658
5.116378004	-16.0695743	-8.855553592	-21.72219776
5.018334239	-15.66539303	-8.051600392	-23.29375767
4.872124063	-15.23546072	-7.199072163	-24.81151881
4.688272141	-14.77813384	-6.308061372	-26.26026687
4.477867885	-14.29380914	-5.388485862	-27.62640506
4.251880696	-13.7846612	-4.449669231	-28.89802586
4.020514208	-13.25425831	-3.499970529	-30.06493685
3.792647793	-12.70710318	-2.54648639	-31.11866117
3.575403743	-12.14814778	-1.594844968	-32.05242453
3.373865002	-11.58232885	-0.649104908	-32.86113131
3.19095294	-11.01416442	0.374706129	-33.54132599
3.027460082	-10.4474417	1.580959638	-34.0911313
2.882221044	-9.8850156	2.775160977	-34.51015412
2.752397202	-9.328725152	3.958783768	-34.79935136
2.633846557	-8.779423248	5.134101427	-34.9608522
2.521548896	-8.237104032	6.303714356	-34.99773816
2.410056671	-7.701104076	7.470072535	-34.91378754
2.293943281	-7.170347383	8.635022856	-34.71319659
2.168222327	-6.643602406	9.799408064	-34.40029421
2.028713929	-6.119720312	10.96274145	-33.97927114
1.872337617	-5.597828466	12.12297787	-33.45394664
1.697315778	-5.077460134	13.27639769	-32.82759553
1.503277205	-4.558610194	14.41761402	-32.10285504
1.291256734	-4.041715831	15.53970698	-31.28172497
1.063593976	-3.527570039	16.63448026	-30.36566608
0.823741801	-3.017183254	17.69282714	-29.35579186
0.576002861	-2.511614181	18.7051847	-28.25313973
0.32521926	-2.011794122	19.66204854	-27.05900032
0.076444698	-1.518369003	20.55451515	-25.77527935
-0.165371412	-1.031579601	21.37481705	-24.40486618
-0.395662542	-0.551193498	22.11681639	-22.95198618
-0.61046845	-0.076493505	22.7764262	-21.42251887
-0.806594253	0.302831922	23.35193382	-19.82426962
-0.981704154	0.662195695	23.84420764	-18.16718544
-1.134354959	1.020616723	24.25677377	-16.46350579
-1.263978076	1.379566094	24.59575498	-14.72783518
-1.370819803	1.74053257	24.86966849	-12.97711898
-1.455849069	2.104947502	25.08908377	-11.23049845
-1.520640273	2.474125763	25.26614735	-9.509019142
-1.567237314	2.849223195	25.41398766	-7.835171006
-1.598003785	3.231208069	25.54602147	-6.232248676
-1.615463799	3.620842337	25.67519206	-4.723537341
-1.622138017	4.018667983	25.81317739	-3.331350428
-1.620379845	4.424994583	25.96961429	-2.075967855
-1.612217782	4.839885778	26.15138906	-0.97454379
-1.59921115	5.263144378	26.36204785	-0.040066859
-1.582327565	5.694297529	26.6013787	0.719539611
-1.561850206	6.132584281	26.86521191	1.302094874
-1.537319889	6.576947234	27.14547419	1.711546809
-1.507511009	7.02602805	27.43051402	1.958017195
-1.470432798	7.478164052	27.70569303	2.05747875
-1.423340551	7.931381538	27.95421345	2.031059964
-1.362738508	8.383381824	28.15812962	1.903998861
-1.284360109	8.831519672	28.29947481	1.704293884
-1.183125075	9.272780792	28.36142454	1.460769052
-1.053094591	9.703773456	28.32941551	1.20021951
-0.887466708	10.12075441	28.19214238	0.944847783
-0.678661106	10.51970524	27.94236356	0.711686096
-0.418529255	10.89646254	27.57745912	0.513375309
-0.098696963	11.24688664	27.09969862	0.358687805
0.28899019	11.56703646	26.51619428	0.252498563
0.751984124	11.85330547	25.83853614	0.195593818
1.296606235	12.10246902	25.08213079	0.184595716
1.927770764	12.31160173	24.26529206	0.212351792
2.64893101	12.47784755	23.40815605	0.269255884
3.462267256	12.59806146	22.53150902	0.345158555
4.369069461	12.668383	21.65562193	0.430460864
5.370208309	12.68383394	20.79917926	0.515867531
6.466552415	12.6380469	19.97837425	0.591902458
7.659187279	12.52322271	19.20622187	0.649104135
8.94932371	12.33038275	18.49211807	0.678804751
10.3378428	12.04993574	17.84165206	0.674100787
11.82449871	11.67252382	17.25665958	0.630726592
13.40687499	11.19006157	16.73549033	0.547643336
15.07925038	10.5968421	16.27345172	0.427248207
16.83156435	9.890562712	15.86338402	0.275187598
18.64867467	9.073123912	15.49631847	0.099819874
20.51006773	8.151078792	15.16216987	-0.088584296
22.39012335	7.135651543	14.85041844	-0.278793273
24.25895976	6.042298156	14.55074134	-0.45960206
26.08380448	4.889839658	14.25356211	-0.620750702
27.83076535	3.699250686	13.95049434	-0.75368854
29.46682432	2.492226518	13.63466466	-0.852125918
30.96185007	1.28967501	13.30090826	-0.912343764
32.29042787	0.110283857	12.94583848	-0.933259036
33.433333	-1.339911441	12.56779957	-0.916267755
34.37852054	-2.759094021	12.16671836	-0.864905434
35.12155787	-4.106330492	11.74387636	-0.784376116
35.66547696	-5.380221012	11.30162685	-0.681006031
36.02006711	-6.585399705	10.84308318	-0.561676637
36.20066772	-7.731624468	10.37180367	-0.43328592
36.22655837	-8.832455584	9.891495912	-0.302277655
36.11908021	-9.903643304	9.405758888	-0.174267305
35.89965301	-10.96137205	8.91787616	-0.053781609
35.58786872	-12.02052264	8.430667376	0.055882485
35.19983899	-13.09311129	7.946399334	0.152684256
34.74695071	-14.1870445	7.466752547	0.2357646
34.23514147	-15.30529635	6.992834675	0.305290717
33.66475267	-16.44557182	6.525229084	0.36224484
33.03095875	-17.60047278	6.064065394	0.408183509
32.32471257	-18.75813499	5.609099035	0.444993061
31.53409774	-19.90326084	5.159788634	0.474663885
30.6459418	-21.01843779	4.715362982	0.499101005
29.64752573	-22.08560979	4.274872868	0.519982439
28.52822449	-23.08756125	3.837226524	0.538670342
27.28093119	-24.00927997	3.401210344	0.556173897
25.90314964	-24.83908528	2.965498431	0.573157808
24.39768283	-25.56943722	2.52865543	0.589986516
22.77289025	-26.19737742	2.089137053	0.606791807
21.04253099	-26.72458874	1.645292102	0.623550529
19.2252455	-27.1570938	1.195368921	0.640159362
17.34375579	-27.50464198	0.737528374	0.656494991
15.42387857	-27.7798555	0.269864752	0.672450587
13.49344691	-27.99721762	-0.161203525	0.687942924
11.58122493	-28.17198793	-0.540538766	0.70288867
9.715879561	-28.31912394	-0.931871909	0.717152749
7.925050013	-28.4522763	-1.336574583	0.730475525
6.234534723	-28.58291179	-1.755883258	0.742388131
4.66760139	-28.71960567	-2.190838009	0.752126111
3.244419196	-28.86753318	-2.642212097	0.758550993
1.981611142	-29.02817945	-3.110434256	0.76008797
0.891925282	-29.19927546	-3.595509402	0.754685901
-0.015976958	-29.37495625	-4.096947006	0.739802615
-0.737620951	-29.54612589	-4.613707625	0.712413261
-1.272718259	-29.70100411	-5.144175716	0.669032573
-1.625077935	-29.82582391	-5.6861612	0.60573535
-1.80243761	-29.90564908	-6.236925097	0.518156674
-1.816212139	-29.92528227	-6.793218085	0.401457102
-1.681148354	-29.87023309	-7.351317033	0.250248716
-1.414872821	-29.72770634	-7.907044594	0.058492929
-1.037328013	-29.48755534	-8.455760968	-0.180604211
-0.570107869	-29.14312793	-8.992324512	-0.474662366
-0.035720306	-28.69192387	-9.511028104	-0.83212059
0.543183851	-28.1359857	-10.00552912	-1.2621129
1.144571489	-27.48196577	-10.46880018	-1.774193482
1.747735855	-26.74084397	-10.89313117	-2.377899276
2.333919017	-25.92731	-11.27020882	-3.08216844
2.886823241	-25.05886084	-11.59128866	-3.894668106
3.392995455	-24.15469399	-11.84745906	-4.821112369
3.842076552	-23.23449456	-12.02998278	-5.864660334
4.22691323	-22.31722014	-12.13069178	-7.025470638
4.543534819	-21.41998152	-12.14240591	-8.300458373
4.791001826	-20.55710273	-12.0593445	-9.683263076
4.971137141	-19.73942398	-11.8775009	-11.16440318
5.08815519	-18.97388639	-11.59495191	-12.73157028
5.148208701	-18.26341284	-11.21207647	-14.37000852
5.15887683	-17.60707477	-10.7316629	-16.06292944
5.128621731	-17.00051331	-10.15888933	-17.79192631
5.066242747	-16.43656582	-9.50117028	-19.53736983
4.980357745	-15.90603623	-8.767871424	-21.27878413
4.878939251	-15.3985417	-7.969905031	-22.99521431
4.768929068	-14.90336642	-7.119228369	-24.66560303
4.655949172	-14.41025889	-6.228275955	-26.26919263
4.544119678	-13.91011798	-5.309363034	-27.7859629
4.43598722	-13.39552649	-4.374100982	-29.19710339
4.332559836	-12.86110706	-3.432865585	-30.48550673
4.233437935	-12.30369119	-2.494355915	-31.63625701
4.137025355	-11.72230847	-1.565275101	-32.63707824
4.040800336	-11.11801618	-0.650155034	-33.47870343
3.94162366	-10.49359991	0.323263323	-34.15512599
3.836060526	-9.8531824	1.47017098	-34.66370184
3.720693929	-9.20178076	2.597476286	-35.00508222
3.592410168	-8.54485168	3.708948006	-35.18297186
3.448641078	-7.887860143	4.809551927	-35.20372323
3.28755215	-7.235901136	5.904772707	-35.07579331
3.10817027	-6.59339517	6.999926623	-34.80910335
2.910449063	-5.963869802	8.099517848	-34.41435428
2.695273545	-5.349830263	9.206688648	-33.90236004
2.464408825	-4.752714578	10.32280775	-33.28346359
2.220400094	-4.172922508	11.44722835	-32.56709161
1.966433007	-3.609903607	12.57722699	-31.76147853
1.706164831	-3.06228787	13.7081095	-30.87355577
1.443537389	-2.528042449	14.83344858	-29.90896849
1.18258286	-2.004639609	15.94540626	-28.87216615
0.927232713	-1.48922373	17.03509831	-27.76651901
0.681138346	-0.978768147	18.09297098	-26.59443718
0.447509035	-0.470215009	19.10917983	-25.35749932
0.228969419	0.03031337	20.0739748	-24.05662332
0.027436857	0.425303486	20.97810278	-22.69232263
-0.155978428	0.82523543	21.81323586	-21.26508646
-0.3210397	1.231873011	22.57242226	-19.7759017
-0.468395877	1.646767363	23.25054202	-18.2269056
-0.599513441	2.071254678	23.84473501	-16.622126
-0.7165072	2.506446913	24.35475786	-14.96823692
-0.821865884	2.95320597	24.7832207	-13.27523654
-0.918093278	3.412098644	25.1356563	-11.55694436
-1.007311482	3.883338368	25.42038286	-9.831219117
-1.090893015	4.366728303	25.64813716	-8.119817948
-1.169194862	4.861625239	25.83147547	-6.4478495
-1.241452836	5.366941757	25.98396323	-4.842816077
-1.30585706	5.881193485	26.11919886	-3.333286177
-1.359778191	6.402581686	26.24974084	-1.947284415
-1.400068626	6.929085918	26.38602721	-0.710524591
-1.42334221	7.458534354	26.53539108	0.355361431
-1.426147264	7.988623732	26.70127839	1.234435712
-1.404984112	8.516874856	26.88276238	1.917751077
-1.356164862	9.040528048	27.07442314	2.404201135
-1.275555052	9.55640044	27.26662273	2.700830208
-1.158263587	10.06073874	27.4461637	2.82255808
-0.998355212	10.54910437	27.5972773	2.79132718
-0.78865076	11.0163216	27.70285378	2.634731458
-0.520661002	11.45650634	27.7458045	2.38423136
-0.184677418	11.86317662	27.71043686	2.07309406
0.229976807	12.22943114	27.58372579	1.733861367
0.734547373	12.54817284	27.35637953	1.39525945
1.340322935	12.8123514	27.02361821	1.08002344
2.058010742	13.01520305	26.58560926	0.804806108
2.897046117	13.15047442	26.04753236	0.580750168
3.864872328	13.21262702	25.41927647	0.413635612
4.966233602	13.1970255	24.71480078	0.30433063
6.202531605	13.10011414	23.95121784	0.249509608
7.571302297	12.9195819	23.14767775	0.241884331
9.065872167	12.65450908	22.3241461	0.270282212
10.67524785	12.30548216	21.50017269	0.320331671
12.38427951	11.87465808	20.6937441	0.375804666
14.17411583	11.36575986	19.92030162	0.420288094
16.02293833	10.78398904	19.19198769	0.438892664
17.9069286	10.13584894	18.51716274	0.419760534
19.80138967	9.428882144	17.90021054	0.35519666
21.68191788	8.671336616	17.3416268	0.242317645
23.52551125	7.871783266	16.83836466	0.083180011
25.31150572	7.038714853	16.3843927	-0.115588441
27.02225228	6.180158938	15.97140792	-0.343579643
28.64348133	5.303337042	15.58963879	-0.587707483
30.16434022	4.41439764	15.22867141	-0.833489164
31.57713	3.518242864	14.87823549	-1.066368551
32.87680188	2.618458981	14.52889542	-1.272953439
34.06029823	1.717350202	14.1726032	-1.442059398
35.12583491	0.816065651	13.80308482	-1.565481648
36.07222055	-0.110758278	13.41604746	-1.638449581
36.89829466	-1.283030498	13.00921043	-1.659752331
37.60254336	-2.457133286	12.58217698	-1.631554971
38.18292193	-3.634452492	12.13617624	-1.558951024
38.63688314	-4.816222149	11.6737115	-1.449316064
38.96158298	-6.003237557	11.19815583	-1.31153845
39.15421486	-7.195630787	10.71333473	-1.155206299
39.21241183	-8.392715072	10.2231327	-0.989825285
39.13465399	-9.59289916	9.731154056	-0.82413085
38.92062402	-10.79366944	9.24046076	-0.66554273
38.57146702	-11.9916367	8.75340164	-0.519791331
38.08993003	-13.1826446	8.27153792	-0.390726625
37.48037953	-14.3619384	7.795660386	-0.280302627
36.74871847	-15.52439202	7.325884534	-0.188715882
35.90224104	-16.66478889	6.861802442	-0.11466581
34.94946665	-17.77814317	6.402665604	-0.055698782
33.89997935	-18.86003293	5.947571811	-0.008596254
32.76426645	-19.90689709	5.495631455	0.030230663
31.55351218	-20.91623094	5.046093864	0.064373075
30.27927977	-21.88661289	4.598421462	0.09710878
28.95302668	-22.81751638	4.152307598	0.131157698
27.58544542	-23.70890559	3.707641806	0.168518214
26.18569019	-24.56066805	3.264432834	0.210386291
24.76061205	-25.37198459	2.822704482	0.257151933
23.31416097	-26.14076333	2.382381419	0.308461829
21.84711045	-26.86326154	1.943181892	0.363333028
20.35722058	-27.53399046	1.504531593	0.420300646
18.83988761	-28.14594908	1.065508533	0.477582679
17.28924816	-28.69117628	0.624823359	0.533246825
15.6996299	-29.16155648	0.180834152	0.585366771
14.06718175	-29.54977204	-0.206468514	0.632157478
12.39148424	-29.85027074	-0.557766365	0.672079589
10.67693743	-30.06011218	-0.916592917	0.7039026
8.933748895	-30.17957153	-1.284789858	0.726716799
7.178391122	-30.21241283	-1.664147722	0.739887127
5.433459107	-30.16578983	-2.056304774	0.742948475
3.726925999	-30.04978483	-2.462636706	0.735449861
2.090858094	-29.87664377	-2.884140589	0.716762103
0.55970187	-29.65980129	-3.321318761	0.685868397
-0.831711056	-29.41280734	-3.774070692	0.641158814
-2.050281219	-29.14826747	-4.241602831	0.580248153
-3.066722724	-28.87689593	-4.722367051	0.499832483
-3.857462497	-28.6067599	-5.214036732	0.395594196
-4.40622866	-28.34277018	-5.713525187	0.262160358
-4.7052213	-28.08644926	-6.217044628	0.093116065
-4.755786179	-27.83598444	-6.720196506	-0.118926122
-4.568544869	-27.58655046	-7.218078069	-0.382198682
-4.162972421	-27.33086458	-7.705387403	-0.705590156
-3.566452985	-27.05991946	-8.176511472	-1.098390631
-2.812880986	-26.7638277	-8.625588496	-1.5699687
-1.940906768	-26.43270641	-9.0465458	-2.129380629
-0.991948278	-26.05753266	-9.433124128	-2.784919373
-0.008102654	-25.63090775	-9.778906584	-3.543620265
0.96990695	-25.14767938	-10.07737353	-4.410749855
1.904622874	-24.60538508	-10.32200192	-5.389312027
2.763474108	-24.00449445	-10.50642149	-6.479609418
3.520042655	-23.34844305	-10.6246297	-7.678897464
4.154918612	-22.64346498	-10.67125702	-8.981163508
4.656116747	-21.89824403	-10.64186282	-10.37705499
5.019055857	-21.12341411	-10.53323542	-11.85396985
5.24612865	-20.33094761	-10.34366481	-13.39630968
5.345913079	-19.53347585	-10.07315824	-14.98588388
5.332094953	-18.74358742	-9.723572088	-16.60244177
5.222185301	-17.9731498	-9.298641136	-18.22430203
5.036123891	-17.2326961	-8.803894656	-19.82904488
4.794862205	-16.5309129	-8.246458496	-21.39423174
4.519015422	-15.8742573	-7.634752412	-22.89811924
4.22766378	-15.26672185	-6.978102041	-24.32033694
3.937369716	-14.7097557	-6.286293546	-25.64250151
3.661459233	-14.20234041	-5.569105256	-26.84874307
3.409595029	-13.74120852	-4.835853508	-27.92612251
3.187646731	-13.32118506	-4.094988996	-28.86492247
2.997841688	-12.93562456	-3.353774994	-29.65879976
2.839160153	-12.5769113	-2.618070399	-30.30479435
2.707922857	-12.23698751	-1.892229533	-30.80319883
2.598508131	-11.90787403	-1.179118864	-31.15730149
2.504130751	-11.58214966	-0.48024073	-31.37302196
2.417615443	-11.25336018	0.331585365	-31.45845892
2.332104459	-10.91633408	1.420694906	-31.42336588
2.241649541	-10.5673897	2.488633626	-31.27856849
2.141652917	-10.20442705	3.537374529	-31.03533892
2.02913798	-9.82690564	4.568581192	-30.70475221
1.902846505	-9.435717712	5.583069065	-30.29706196
1.763174142	-9.032972616	6.580364291	-29.82114368
1.611968228	-8.62171372	7.558406481	-29.28405871
1.452220694	-8.20559272	8.51343149	-28.69078711
1.287693654	-7.788527804	9.440053748	-28.04416444
1.12251639	-7.374371938	10.33154715	-27.34503698
0.960790443	-6.966615302	11.1803018	-26.59262519
0.80623522	-6.568142101	11.97841385	-25.78506102
0.661900429	-6.18105691	12.71835023	-24.92004308
0.529964292	-5.806589621	13.39362138	-23.99553987
0.411628181	-5.445081154	13.99939398	-23.01046548
0.307109582	-5.09604527	14.532983	-21.96525637
0.21572683	-4.75829534	14.99417588	-20.86229084
0.136061414	-4.430119876	15.38535998	-19.70611213
0.066177666	-4.109487373	15.71144486	-18.50343916
0.003875542	-3.794259723	15.9795908	-17.26297343
-0.053049603	-3.482394033	16.19877325	-15.99503184
-0.10656586	-3.172114778	16.37922654	-14.71105384
-0.158204859	-2.862041676	16.53181978	-13.42304173
-0.208920624	-2.551263221	16.66742129	-12.14299803
-0.259017854	-2.239351307	16.7963063	-10.88241974
-0.308152559	-1.926318319	16.92765561	-9.651900242
-0.355400334	-1.612523926	17.06918117	-8.460873327
-0.399380827	-1.298543944	17.2268994	-7.317514825
-0.438421883	-0.985017206	17.40505507	-6.228795558
-0.470743949	-0.672488013	17.60618076	-5.200658347
-0.494644728	-0.361261238	17.83126126	-4.238274087
-0.508665623	-0.051284733	18.07996042	-3.346320181
-0.511724569	0.198407596	18.35086391	-2.529221781
-0.503203784	0.436416119	18.64169437	-1.7913043
-0.482985103	0.67566309	18.949468	-1.136824038
-0.451429521	0.917537212	19.2705788	-0.569867827
-0.409301451	1.163644766	19.60081491	-0.09413565
-0.35764192	1.415694662	19.93532725	0.287362941
-0.297598385	1.675357584	20.2685802	0.572658768
-0.230222028	1.944105784	20.59431893	0.76117768
-0.156246006	2.223041418	20.90558622	0.854061695
-0.075860407	2.512723462	21.19481537	0.854424733
0.017247654	2.813006036	21.45401595	0.767518123
0.16098729	3.122904398	21.67505635	0.600787526
0.321250266	3.440507357	21.8500328	0.363808742
0.503515323	3.762954354	21.97170032	0.068095862
0.714868256	4.086490066	22.03392792	-0.273217555
0.963823572	4.40659914	22.03213213	-0.645814884
1.26003183	4.718211023	21.96363933	-1.034731367
1.613900075	5.015952989	21.82793101	-1.424958989
2.036158638	5.294421714	21.62673603	-1.802084486
2.537405706	5.548441409	21.36394974	-2.152917788
3.127654667	5.773279765	21.04537952	-2.466065928
3.815902112	5.964800577	20.67833714	-2.732409314
4.609729539	6.119542229	20.27111774	-2.945443752
5.514949602	6.234722638	19.83241996	-3.10146218
6.535306755	6.308182256	19.37076981	-3.199563693
7.672240548	6.338285787	18.89401001	-3.241492639
8.924716736	6.323808936	18.40890752	-3.23132542
10.28912761	6.263837538	17.92091581	-3.175035471
11.75925977	6.157702743	17.43410703	-3.07997621
13.32632474	6.004968278	16.95126704	-2.95432664
14.97904517	5.805476191	16.47412584	-2.806544449
16.70378469	5.55944791	16.00368024	-2.644867095
18.48470543	5.267629265	15.54055737	-2.47689322
20.30393639	4.931461735	15.08536665	-2.309266117
22.14174227	4.553257154	14.63899397	-2.147469143
23.97669656	4.136349786	14.20280356	-1.995731549
25.78587923	3.685198832	13.77872758	-1.857033283
27.54513305	3.205416939	13.36923892	-1.733189946
29.22941783	2.703706694	12.97721709	-1.624994792
30.81329552	2.187696664	12.60572851	-1.53239351
32.27156288	1.665680254	12.25775125	-1.454669398
33.58002416	1.146272535	11.9358787	-1.390620676
34.71636953	0.638010662	11.64203768	-1.338717281
35.66110137	0.148931054	11.37725372	-1.297230571
36.39843357	-0.407991729	11.14149024	-1.264334893
36.91708281	-0.967777784	10.93357974	-1.238184258
37.2108756	-1.480143218	10.75125488	-1.216969884
37.27911053	-1.941715743	10.5912764	-1.198965141
37.12663791	-2.351421105	10.44964432	-1.182563636
36.76364621	-2.710388369	10.3218704	-1.166314363
36.20517146	-3.021705101	10.20328366	-1.148955484
35.47037031	-3.29004553	10.08933799	-1.129446051
34.58161547	-3.52120507	9.97589135	-1.10699316
33.56348409	-3.721581514	9.859430713	-1.081071062
32.44171325	-3.897646247	9.737223434	-1.051428739
31.24219133	-4.055447654	9.60738549	-1.018083321
29.99004272	-4.200183679	9.468866659	-0.981298335
28.70884484	-4.335871915	9.321362201	-0.941547605
27.41999756	-4.465135005	9.165167908	-0.899467454
26.14224707	-4.589107949	9.000999964	-0.855801173
24.89135232	-4.707463638	8.829802564	-0.811340483
23.67987642	-4.818544676	8.652565012	-0.766868769
22.51708668	-4.919583824	8.470166571	-0.723110279
21.40895703	-5.006991775	8.283262456	-0.680688467
20.35827816	-5.076688373	8.09221844	-0.640095937
19.36488791	-5.124450737	7.897095882	-0.601678989
18.42603084	-5.146249133	7.697684793	-0.565642317
17.53683975	-5.138540374	7.493580496	-0.532082847
16.69091112	-5.09849167	7.284298375	-0.501062369
15.88093038	-5.024116795	7.069418762	-0.472722815
15.09929694	-4.914320345	6.848749198	-0.447435246
14.33870503	-4.768861335	6.622485001	-0.425957887
13.59264827	-4.588260098	6.391343765	-0.409565722
12.85583058	-4.373678892	6.156647296	-0.400109155
12.12447623	-4.126805816	5.920327221	-0.399964451
11.39653843	-3.849764415	5.68483853	-0.411853624
10.67180647	-3.545060372	5.452978199	-0.438533763
9.951909657	-3.215564866	5.227621514	-0.48238098
9.240213725	-2.86452401	5.011403873	-0.544917309
8.541606549	-2.495577185	4.806387333	-0.62634502
7.862174325	-2.112764702	4.613756717	-0.725158807
7.208778479	-1.720507125	4.433588537	-0.837900798
6.588554817	-1.32354375	4.264727725	-0.959107392
6.008368175	-0.926825154	4.104793712	-1.081473208
5.474265275	-0.535362674	3.950320923	-1.196339318
4.990973946	-0.15412749	3.797021923	-1.294729963
4.561496471	0.162929741	3.640146537	-1.368826684
4.186838375	0.428429618	3.474899149	-1.413250455
3.865901766	0.673344548	3.296870323	-1.425676603
3.595555817	0.893000839	3.102438275	-1.4068169
3.370878384	1.083144631	2.889100361	-1.359981767
3.185544471	1.24044265	2.655750535	-1.290403218
3.03232166	1.362867786	2.403020293	-1.204464463
2.903621895	1.449913722	2.133703999	-1.108947052
2.792054271	1.50262777	1.852980723	-1.010373027
2.690925539	1.523481324	1.568117665	-0.914489285
2.594643144	1.516115043	1.287685713	-0.825915381
2.498988246	1.485003931	1.020556372	-0.747955135
2.401241154	1.435087777	0.774926598	-0.682556756
2.300157236	1.371407657	0.557524358	-0.630395821
2.195806007	1.298781037	0.37307283	-0.591049751
2.089299206	1.22153834	0.224034168	-0.563230858
1.982443844	1.143333909	0.110613253	-0.54504669
1.877362542	1.067035204	0.030975821	-0.534260403
1.776124877	0.994686401	-0.014137159	-0.52852944
1.680429851	0.927536828	-0.032423098	-0.525606983
1.591371276	0.866120863	-0.035187158	-0.523496895
1.509306119	0.810374056	-0.026758373	-0.52055861
1.433832252	0.759770043	-0.011313482	-0.515563271
1.363868583	0.713463995	0.007386419	-0.507706188
1.297818762	0.670430435	0.026195077	-0.496583234
1.233791382	0.629586038	0.042711346	-0.48214026
1.169845163	0.589890988	0.055327865	-0.464604939
1.104227706	0.550425373	0.06319787	-0.444410043
1.035580311	0.510439792	0.066139508	-0.422116008
0.963088347	0.469381485	0.064502081	-0.398339138
0.886565294	0.426899003	0.059015342	-0.37369006
0.80646723	0.382829498	0.050639024	-0.348725284
0.723779999	0.337204755	0.040426398	-0.323860638