0	0	0.00E+00	0.00E+00
7.71E-06	-5.36E-05	6.19E-05	-1.24E-05
6.98E-05	-0.000491242	5.64E-04	-1.08E-04
0.000318788	-0.002264413	2.59E-03	-4.71E-04
0.001001585	-0.007140772	8.15E-03	-1.42E-03
0.002480088	-0.017593275	2.00E-02	-3.39E-03
0.005211934	-0.036472405	4.15E-02	-6.90E-03
0.009715347	-0.066606617	7.57E-02	-1.25E-02
0.016520966	-0.110437274	1.25E-01	-2.07E-02
0.026108882	-0.169747097	1.93E-01	-3.20E-02
0.038836468	-0.245500025	2.79E-01	-4.66E-02
0.054891496	-0.337791384	3.84E-01	-6.46E-02
0.074289884	-0.445893128	5.06E-01	-8.58E-02
0.096893645	-0.568374025	6.44E-01	-1.10E-01
0.12242932	-0.703284317	7.96E-01	-1.36E-01
0.150507867	-0.848391797	9.59E-01	-1.63E-01
0.180645293	-1.001436191	1.13E+00	-1.92E-01
0.212286799	-1.16035978	1.31E+00	-2.21E-01
0.244834626	-1.323482921	1.49E+00	-2.51E-01
0.277673382	-1.48961098	1.67E+00	-2.80E-01
0.31019903	-1.658017084	1.85E+00	-3.08E-01
0.341859485	-1.82817533	2.04E+00	-3.37E-01
0.372204039	-1.999336328	2.22E+00	-3.65E-01
0.400933723	-2.170378459	2.41E+00	-3.93E-01
0.427941598	-2.340286394	2.59E+00	-4.21E-01
0.453341043	-2.509127554	2.78E+00	-4.49E-01
0.477476462	-2.678787656	2.96E+00	-4.78E-01
0.500898038	-2.852783609	3.15E+00	-5.07E-01
0.524314564	-3.035344084	3.34E+00	-5.37E-01
0.548563367	-3.230245953	3.55E+00	-5.69E-01
0.574609659	-3.43979125	3.77E+00	-6.02E-01
0.603566055	-3.664532556	4.01E+00	-6.39E-01
0.636718179	-3.904158249	4.26E+00	-6.79E-01
0.675536264	-4.159206428	4.53E+00	-7.24E-01
0.721649166	-4.432372845	4.81E+00	-7.75E-01
0.776774745	-4.728310953	5.12E+00	-8.34E-01
0.842638153	-5.052416795	5.45E+00	-9.03E-01
0.920910767	-5.40973993	5.82E+00	-9.82E-01
1.013159473	-5.804346782	6.22E+00	-1.07E+00
1.120786664	-6.238988261	6.66E+00	-1.18E+00
1.244976255	-6.714971222	7.15E+00	-1.30E+00
1.386664189	-7.23217959	7.67E+00	-1.44E+00
1.546530766	-7.789185776	8.23E+00	-1.59E+00
1.725022489	-8.383385166	8.83E+00	-1.76E+00
1.922417794	-9.011133399	9.46E+00	-1.95E+00
2.138920867	-9.667932959	1.01E+01	-2.15E+00
2.374754341	-10.3487242	1.08E+01	-2.36E+00
2.630243217	-11.04827446	1.15E+01	-2.59E+00
2.905880778	-11.76158955	1.22E+01	-2.84E+00
3.202349448	-12.484274	1.29E+01	-3.09E+00
3.520476288	-13.21280905	1.37E+01	-3.35E+00
3.861108285	-13.94471606	1.44E+01	-3.63E+00
4.224905391	-14.67857887	1.51E+01	-3.91E+00
4.612090165	-15.413947	1.58E+01	-4.21E+00
5.022211523	-16.1511607	1.66E+01	-4.53E+00
5.45395714	-16.89111517	1.73E+01	-4.86E+00
5.905017511	-17.63497011	1.80E+01	-5.21E+00
6.371994225	-18.38382555	1.88E+01	-5.58E+00
6.850374099	-19.13839387	1.95E+01	-5.97E+00
7.334621948	-19.89868492	2.03E+01	-6.38E+00
7.818425321	-20.66371682	2.11E+01	-6.81E+00
8.295090913	-21.4313132	2.19E+01	-7.27E+00
8.758073124	-22.19809116	2.27E+01	-7.74E+00
9.201575581	-22.95969727	2.35E+01	-8.22E+00
9.621140788	-23.71126705	2.44E+01	-8.71E+00
10.01414128	-24.44802527	2.52E+01	-9.21E+00
10.38005719	-25.1659	2.60E+01	-9.71E+00
10.72045754	-25.86202513	2.68E+01	-1.02E+01
11.03873834	-26.53505196	2.76E+01	-1.07E+01
11.33973783	-27.18524984	2.83E+01	-1.12E+01
11.62928895	-27.81443615	2.91E+01	-1.17E+01
11.91372355	-28.42579196	2.98E+01	-1.22E+01
12.19935338	-29.02358207	3.05E+01	-1.27E+01
12.4919572	-29.61276278	3.12E+01	-1.32E+01
12.79631742	-30.19848611	3.19E+01	-1.37E+01
13.11587483	-30.78558311	3.26E+01	-1.42E+01
13.45257103	-31.37804627	3.32E+01	-1.47E+01
13.80693383	-31.97836294	3.39E+01	-1.51E+01
14.17835045	-32.58683062	3.46E+01	-1.56E+01
14.56533309	-33.20148854	3.52E+01	-1.61E+01
14.96561391	-33.81908552	3.59E+01	-1.66E+01
15.37609581	-34.43669238	3.65E+01	-1.71E+01
15.79294045	-35.05289561	3.72E+01	-1.76E+01
16.21204573	-35.66782809	3.78E+01	-1.81E+01
16.62973817	-36.28239459	3.85E+01	-1.85E+01
17.04333583	-36.89729404	3.91E+01	-1.90E+01
17.4514301	-37.51217844	3.97E+01	-1.95E+01
17.85383507	-38.12546528	4.04E+01	-2.00E+01
18.25119587	-38.73504451	4.10E+01	-2.05E+01
18.64437585	-39.33938387	4.16E+01	-2.09E+01
19.03391604	-39.93812329	4.23E+01	-2.14E+01
19.41983346	-40.53166709	4.29E+01	-2.19E+01
19.80171579	-41.12031547	4.35E+01	-2.23E+01
20.17890619	-41.70369091	4.41E+01	-2.28E+01
20.55067546	-42.28058855	4.47E+01	-2.33E+01
20.91636124	-42.84909552	4.54E+01	-2.37E+01
21.27547269	-43.40687876	4.60E+01	-2.42E+01
21.62777479	-43.95156568	4.66E+01	-2.46E+01
21.97337672	-44.48114253	4.72E+01	-2.50E+01
22.3128469	-44.99431247	4.77E+01	-2.55E+01
22.6473257	-45.49075256	4.83E+01	-2.59E+01
22.97854718	-45.97117404	4.89E+01	-2.63E+01
23.30871545	-46.43714558	4.94E+01	-2.67E+01
23.64027626	-46.89076107	4.99E+01	-2.71E+01
23.97567453	-47.33427657	5.05E+01	-2.74E+01
24.3171546	-47.76979859	5.10E+01	-2.78E+01
24.66659227	-48.19905207	5.15E+01	-2.82E+01
25.02533618	-48.62322597	5.20E+01	-2.86E+01
25.3940639	-49.0428939	5.25E+01	-2.90E+01
25.77266663	-49.45800459	5.30E+01	-2.95E+01
26.16020556	-49.86793697	5.35E+01	-2.99E+01
26.5549979	-50.27163897	5.40E+01	-3.03E+01
26.95483263	-50.6678665	5.44E+01	-3.08E+01
27.357274	-51.05548844	5.49E+01	-3.12E+01
27.75997459	-51.43374502	5.54E+01	-3.16E+01
28.16088986	-51.80233825	5.58E+01	-3.21E+01
28.55836672	-52.16137175	5.62E+01	-3.25E+01
28.95114939	-52.51125064	5.67E+01	-3.29E+01
29.33832812	-52.85257923	5.71E+01	-3.33E+01
29.71926761	-53.18603343	5.75E+01	-3.37E+01
30.09357575	-53.51222813	5.79E+01	-3.41E+01
30.46114245	-53.83163566	5.83E+01	-3.45E+01
30.82221738	-54.14457107	5.87E+01	-3.49E+01
31.17745307	-54.45121409	5.91E+01	-3.53E+01
31.52786246	-54.75164189	5.95E+01	-3.56E+01
31.87472015	-55.04587285	5.99E+01	-3.60E+01
32.21944844	-55.333929	6.02E+01	-3.64E+01
32.56346291	-55.61589668	6.06E+01	-3.67E+01
32.90798465	-55.8919642	6.10E+01	-3.71E+01
33.25389646	-56.16244425	6.13E+01	-3.75E+01
33.60167074	-56.42776185	6.17E+01	-3.79E+01
33.95135265	-56.68837062	6.20E+01	-3.82E+01
34.30260313	-56.94463325	6.24E+01	-3.86E+01
34.65481089	-57.19675685	6.28E+01	-3.90E+01
35.00725593	-57.44483243	6.31E+01	-3.94E+01
35.35927468	-57.68895741	6.35E+01	-3.98E+01
35.71036473	-57.9293609	6.38E+01	-4.02E+01
36.06020124	-58.1664373	6.41E+01	-4.06E+01
36.40860313	-58.4006844	6.45E+01	-4.10E+01
36.75551016	-58.63261098	6.48E+01	-4.14E+01
37.10097407	-58.86264693	6.52E+01	-4.18E+01
37.44512423	-59.09107977	6.55E+01	-4.21E+01
37.78809363	-59.31802641	6.59E+01	-4.25E+01
38.12993655	-59.54340046	6.62E+01	-4.29E+01
38.47059424	-59.76687947	6.65E+01	-4.33E+01
38.80992709	-59.98793385	6.69E+01	-4.36E+01
39.14775042	-60.20591781	6.72E+01	-4.40E+01
39.48380377	-60.42017663	6.75E+01	-4.43E+01
39.81767344	-60.6301516	6.78E+01	-4.47E+01
40.14875148	-60.83546449	6.81E+01	-4.51E+01
40.47627943	-61.03596983	6.84E+01	-4.54E+01
40.79945477	-61.23177965	6.87E+01	-4.58E+01
41.11754914	-61.4232445	6.90E+01	-4.61E+01
41.42998986	-61.6108857	6.93E+01	-4.65E+01
41.73636531	-61.79529628	6.95E+01	-4.68E+01
42.03635133	-61.97700219	6.98E+01	-4.71E+01
42.32960724	-62.15632552	7.01E+01	-4.75E+01
42.61570837	-62.33335149	7.03E+01	-4.78E+01
42.89415692	-62.50797591	7.06E+01	-4.81E+01
43.16445998	-62.67993205	7.08E+01	-4.84E+01
43.42623051	-62.84879001	7.11E+01	-4.87E+01
43.67926729	-63.01394799	7.14E+01	-4.90E+01
43.92358343	-63.17462686	7.16E+01	-4.92E+01
44.15938101	-63.32990686	7.19E+01	-4.95E+01
44.38700257	-63.47881058	7.22E+01	-4.98E+01
44.60689851	-63.62040697	7.24E+01	-5.00E+01
44.81961971	-63.753906	7.27E+01	-5.03E+01
45.02581739	-63.87869431	7.30E+01	-5.05E+01
45.22624374	-63.9943108	7.32E+01	-5.08E+01
45.4217529	-64.10041345	7.34E+01	-5.10E+01
45.61330035	-64.19676228	7.37E+01	-5.12E+01
45.80194744	-64.28322408	7.39E+01	-5.15E+01
45.98886325	-64.35979459	7.41E+01	-5.17E+01
46.17530034	-64.42661486	7.43E+01	-5.19E+01
46.36255094	-64.48400327	7.45E+01	-5.22E+01
46.55192151	-64.53254353	7.46E+01	-5.24E+01
46.74471014	-64.57316587	7.48E+01	-5.26E+01
46.94211244	-64.60712151	7.49E+01	-5.29E+01
47.14504814	-64.63585392	7.50E+01	-5.31E+01
47.35398606	-64.66083349	7.50E+01	-5.34E+01
47.56883076	-64.68340431	7.51E+01	-5.36E+01
47.78888379	-64.7046624	7.51E+01	-5.38E+01
48.01287319	-64.72536163	7.51E+01	-5.41E+01
48.2390493	-64.74585901	7.51E+01	-5.43E+01
48.46534331	-64.7661217	7.51E+01	-5.46E+01
48.6895613	-64.7857795	7.51E+01	-5.48E+01
48.90956769	-64.8042014	7.51E+01	-5.50E+01
49.12343533	-64.82059504	7.50E+01	-5.52E+01
49.32956903	-64.83410891	7.50E+01	-5.54E+01
49.52680343	-64.84391879	7.49E+01	-5.56E+01
49.71447095	-64.84929466	7.48E+01	-5.58E+01
49.89243543	-64.84963066	7.48E+01	-5.60E+01
50.06107361	-64.8444448	7.47E+01	-5.61E+01
50.22118523	-64.83338173	7.46E+01	-5.63E+01
50.37383485	-64.8162177	7.44E+01	-5.64E+01
50.52017288	-64.79286093	7.43E+01	-5.66E+01
50.66128875	-64.76336468	7.42E+01	-5.67E+01
50.79809241	-64.72793782	7.40E+01	-5.68E+01
50.93120789	-64.68690003	7.39E+01	-5.70E+01
51.0609131	-64.64057294	7.37E+01	-5.71E+01
51.18715613	-64.58923277	7.36E+01	-5.72E+01
51.30962266	-64.53332274	7.34E+01	-5.73E+01
51.4278311	-64.47382446	7.32E+01	-5.74E+01
51.54126934	-64.41230974	7.31E+01	-5.75E+01
51.64957815	-64.35035285	7.29E+01	-5.76E+01
51.75275208	-64.28851416	7.28E+01	-5.77E+01
51.85127045	-64.22564788	7.26E+01	-5.78E+01
51.94606169	-64.15916573	7.25E+01	-5.79E+01
52.03833809	-64.08592441	7.23E+01	-5.80E+01
52.12942294	-64.00303284	7.21E+01	-5.81E+01
52.22062507	-63.90836777	7.20E+01	-5.81E+01
52.31315648	-63.80085461	7.17E+01	-5.82E+01
52.40808894	-63.68054201	7.15E+01	-5.83E+01
52.50636542	-63.54851152	7.13E+01	-5.83E+01
52.60883676	-63.40668073	7.10E+01	-5.84E+01
52.71621551	-63.25752966	7.07E+01	-5.85E+01
52.82897384	-63.10379147	7.04E+01	-5.86E+01
52.94733647	-62.94817177	7.02E+01	-5.87E+01
53.07127602	-62.79308733	6.99E+01	-5.88E+01
53.20033846	-62.64040591	6.96E+01	-5.89E+01
53.33346388	-62.49127023	6.93E+01	-5.90E+01
53.46905532	-62.34607389	6.91E+01	-5.91E+01
53.60528253	-62.20456248	6.88E+01	-5.92E+01
53.74041583	-62.06599974	6.86E+01	-5.93E+01
53.8729828	-61.929332	6.83E+01	-5.94E+01
54.00172099	-61.79331267	6.81E+01	-5.95E+01
54.12550867	-61.65661333	6.79E+01	-5.96E+01
54.24340375	-61.51795223	6.76E+01	-5.97E+01
54.3547296	-61.37622386	6.74E+01	-5.98E+01
54.45912613	-61.23060001	6.71E+01	-5.98E+01
54.55655408	-61.08057437	6.69E+01	-5.99E+01
54.64725352	-60.92592842	6.66E+01	-6.00E+01
54.73167846	-60.76665599	6.64E+01	-6.01E+01
54.81045625	-60.60294514	6.61E+01	-6.01E+01
54.88439249	-60.43527195	6.58E+01	-6.02E+01
54.95448	-60.26454034	6.55E+01	-6.02E+01
55.02186131	-60.0921245	6.53E+01	-6.03E+01
55.08774929	-59.91972735	6.50E+01	-6.03E+01
55.15333197	-59.74911904	6.47E+01	-6.04E+01
55.21968665	-59.58189095	6.45E+01	-6.04E+01
55.28772664	-59.41930081	6.42E+01	-6.05E+01
55.35815304	-59.26219415	6.39E+01	-6.05E+01
55.43138632	-59.11096696	6.37E+01	-6.06E+01
55.50753819	-58.96556841	6.34E+01	-6.07E+01
55.58645013	-58.82552898	6.32E+01	-6.07E+01
55.66773842	-58.6899909	6.30E+01	-6.08E+01
55.75088271	-58.55778877	6.27E+01	-6.09E+01
55.83543285	-58.42761998	6.25E+01	-6.09E+01
55.92121424	-58.29823035	6.23E+01	-6.10E+01
56.00838758	-58.1685353	6.21E+01	-6.11E+01
56.09739595	-58.03768199	6.19E+01	-6.11E+01
56.18886382	-57.90507745	6.16E+01	-6.12E+01
56.2834693	-57.77042223	6.14E+01	-6.13E+01
56.38179562	-57.6337643	6.12E+01	-6.14E+01
56.48416027	-57.49547605	6.10E+01	-6.14E+01
56.59048048	-57.35609281	6.07E+01	-6.15E+01
56.70022826	-57.21611295	6.05E+01	-6.16E+01
56.81243859	-57.07585383	6.03E+01	-6.17E+01
56.92576096	-56.93537464	6.01E+01	-6.17E+01
57.03859161	-56.7944774	5.99E+01	-6.18E+01
57.14925582	-56.65279377	5.97E+01	-6.19E+01
57.25617618	-56.50993075	5.94E+01	-6.19E+01
57.35801681	-56.36563963	5.92E+01	-6.20E+01
57.45381117	-56.21998365	5.90E+01	-6.21E+01
57.54303724	-56.07345387	5.88E+01	-6.21E+01
57.62560365	-55.9269729	5.86E+01	-6.21E+01
57.70177908	-55.78180033	5.84E+01	-6.22E+01
57.77212694	-55.63940642	5.82E+01	-6.22E+01
57.83746793	-55.50136124	5.80E+01	-6.22E+01
57.89883112	-55.3692405	5.78E+01	-6.22E+01
57.95734943	-55.24450906	5.76E+01	-6.22E+01
58.01414513	-55.12839322	5.75E+01	-6.22E+01
58.07024051	-55.02178627	5.73E+01	-6.22E+01
58.12643605	-54.92516614	5.71E+01	-6.22E+01
58.18319437	-54.83853779	5.70E+01	-6.22E+01
58.24062854	-54.76145847	5.69E+01	-6.22E+01
58.29854685	-54.69311003	5.68E+01	-6.22E+01
58.35648984	-54.63237119	5.66E+01	-6.22E+01
58.41378145	-54.57790676	5.65E+01	-6.22E+01
58.46959408	-54.52825856	5.64E+01	-6.22E+01
58.52301578	-54.48191884	5.64E+01	-6.22E+01
58.57313026	-54.43741802	5.63E+01	-6.23E+01
58.61911647	-54.39344053	5.62E+01	-6.23E+01
58.6603618	-54.34893995	5.61E+01	-6.23E+01
58.69654917	-54.30321336	5.60E+01	-6.23E+01
58.72767269	-54.25590106	5.60E+01	-6.23E+01
58.75399402	-54.20692573	5.59E+01	-6.23E+01
58.77598364	-54.15642005	5.58E+01	-6.23E+01
58.79426114	-54.10466733	5.58E+01	-6.23E+01
58.80952685	-54.05205581	5.57E+01	-6.23E+01
58.82248674	-53.99904308	5.56E+01	-6.23E+01
58.83379134	-53.94612039	5.56E+01	-6.23E+01
58.8440105	-53.89377816	5.55E+01	-6.23E+01
58.85362821	-53.84247475	5.54E+01	-6.23E+01
58.86300405	-53.79257603	5.54E+01	-6.23E+01
58.87229479	-53.74426418	5.53E+01	-6.23E+01
58.88140819	-53.69749053	5.53E+01	-6.23E+01
58.88876196	-53.6520149	5.52E+01	-6.23E+01
58.88987791	-53.60749181	5.52E+01	-6.23E+01
58.8899122	-53.56356035	5.51E+01	-6.23E+01
58.89003591	-53.51991575	5.51E+01	-6.23E+01
58.89278153	-53.47636184	5.50E+01	-6.23E+01
58.89367678	-53.43287171	5.50E+01	-6.23E+01
58.89688326	-53.38965747	5.50E+01	-6.23E+01
58.89773912	-53.3472047	5.49E+01	-6.23E+01
58.90024408	-53.30624766	5.49E+01	-6.23E+01
58.90149837	-53.26770129	5.49E+01	-6.23E+01
58.90404735	-53.232573	5.48E+01	-6.23E+01
58.90588475	-53.20188962	5.48E+01	-6.23E+01
58.90854496	-53.17667121	5.48E+01	-6.23E+01
58.90930979	-53.15790106	5.48E+01	-6.23E+01
58.9096137	-53.1464116	5.48E+01	-6.23E+01
58.91094076	-53.14272192	5.48E+01	-6.23E+01
58.91114003	-53.14692768	5.48E+01	-6.23E+01
58.92157475	-53.15868267	5.48E+01	-6.24E+01
58.9357055	-53.17725736	5.48E+01	-6.24E+01
58.95140582	-53.20162942	5.48E+01	-6.24E+01
58.96795959	-53.23055123	5.49E+01	-6.24E+01
58.9846084	-53.2625876	5.49E+01	-6.24E+01
59.00061422	-53.2961892	5.49E+01	-6.24E+01
59.01082171	-53.32983944	5.49E+01	-6.24E+01
59.01095871	-53.36220029	5.50E+01	-6.24E+01
59.01232132	-53.39220597	5.50E+01	-6.24E+01
59.01254154	-53.41916749	5.50E+01	-6.25E+01
59.01523101	-53.44288627	5.50E+01	-6.25E+01
59.01531507	-53.46368072	5.51E+01	-6.25E+01
59.01547949	-53.48227162	5.51E+01	-6.25E+01
59.01858889	-53.49954585	5.51E+01	-6.25E+01
59.02014592	-53.51631431	5.51E+01	-6.25E+01
59.02600079	-53.53318866	5.51E+01	-6.25E+01
59.02818528	-53.5505752	5.52E+01	-6.25E+01
59.03257604	-53.56872175	5.52E+01	-6.25E+01
59.03887961	-53.5877768	5.52E+01	-6.25E+01
59.03931494	-53.60783227	5.52E+01	-6.25E+01
59.04565488	-53.62892885	5.52E+01	-6.25E+01
59.04723025	-53.65103494	5.53E+01	-6.25E+01
59.05109147	-53.67403301	5.53E+01	-6.25E+01
59.05320388	-53.69773298	5.53E+01	-6.25E+01
59.05520949	-53.72190196	5.53E+01	-6.25E+01
59.05685603	-53.74628781	5.54E+01	-6.25E+01
59.05769103	-53.77063678	5.54E+01	-6.25E+01
59.05830103	-53.79472355	5.54E+01	-6.26E+01