91.47210965	-80.15359733	88.2	-101
91.26290846	-80.33130647	88.5	-100
91.04534093	-80.50813159	88.8	-100
90.82130275	-80.68579966	89.2	-100
90.59292746	-80.86593123	89.5	-100
90.36270348	-81.04989605	89.8	-99.8
90.13355395	-81.2386513	90.1	-99.6
89.908572	-81.43252768	90.5	-99.5
89.69045648	-81.63101353	90.8	-99.3
89.48099863	-81.83262331	91.2	-99.2
89.28096579	-82.03492892	91.6	-99.1
89.09040421	-82.23478856	91.9	-98.9
88.90893413	-82.42868495	92.3	-98.8
88.73575757	-82.61306498	92.6	-98.7
88.56967031	-82.78470461	93	-98.5
88.40923446	-82.94111099	93.3	-98.4
88.25285635	-83.0808781	93.5	-98.3
88.09872477	-83.20394269	93.8	-98.2
87.94479138	-83.31170174	94	-98
87.78884426	-83.40691545	94.2	-97.9
87.62864707	-83.49334224	94.4	-97.8
87.46215101	-83.57506841	94.6	-97.6
87.28778708	-83.65545871	94.8	-97.4
87.10474518	-83.73600267	95	-97.2
86.91303457	-83.8159718	95.2	-97.1
86.7132623	-83.89331957	95.4	-96.9
86.50629386	-83.96600261	95.6	-96.7
86.29294315	-84.03274482	95.8	-96.5
86.07374133	-84.09297004	96	-96.3
85.84877617	-84.14631917	96.2	-96.1
85.61757798	-84.19237409	96.4	-95.8
85.37909218	-84.23071921	96.6	-95.6
85.13178089	-84.261083	96.8	-95.4
84.87380304	-84.28339625	96.9	-95.2
84.60321441	-84.29777825	97.1	-94.9
84.31821588	-84.30451986	97.2	-94.6
84.01745591	-84.30408306	97.3	-94.3
83.70029779	-84.29709443	97.4	-94
83.36697168	-84.28434158	97.5	-93.6
83.0186057	-84.26677355	97.5	-93.3
82.6571694	-84.24546182	97.6	-93
82.2853586	-84.22151334	97.6	-92.6
81.90643019	-84.19595821	97.7	-92.2
81.52399333	-84.16961671	97.7	-91.8
81.14175568	-84.14297012	97.7	-91.4
80.76321361	-84.11606112	97.6	-91
80.39132397	-84.0884256	97.6	-90.6
80.02823644	-84.05908354	97.5	-90.2
79.67513137	-84.0266101	97.5	-89.7
79.33217003	-83.98925796	97.3	-89.3
78.99856013	-83.94511563	97.2	-88.9
78.67274736	-83.89230659	97	-88.5
78.35271109	-83.82920425	96.8	-88.1
78.03625757	-83.75459932	96.6	-87.8
77.7211789	-83.66773297	96.3	-87.4
77.40529117	-83.5681913	96.1	-87
77.0864776	-83.45579097	95.8	-86.6
76.7627624	-83.33053748	95.5	-86.2
76.43235193	-83.19260404	95.2	-85.8
76.09363139	-83.04230261	94.8	-85.4
75.74515732	-82.88007781	94.5	-85
75.38565849	-82.70652906	94.2	-84.5
75.01403433	-82.52245375	93.8	-84.1
74.62935392	-82.32887892	93.5	-83.7
74.230856	-82.12701492	93.1	-83.2
73.81796171	-81.91813238	92.8	-82.7
73.39032957	-81.70342701	92.4	-82.3
72.94793737	-81.48391167	92.1	-81.8
72.49112519	-81.26036868	91.8	-81.3
72.02054714	-81.03335693	91.4	-80.7
71.53703623	-80.80322317	91.1	-80.2
71.04143375	-80.57010284	90.7	-79.7
70.53445737	-80.33388517	90.4	-79
70.01668287	-80.09415141	90	-78.5
69.48865804	-79.85021786	89.7	-78
68.95107855	-79.60131354	89.3	-77.4
68.40491224	-79.34676078	89	-76.8
67.85139	-79.08610384	88.6	-76.2
67.29186811	-78.81919708	88.2	-75.5
66.72762838	-78.54622961	87.8	-75
66.15969822	-78.26769315	87.3	-74.4
65.58877679	-77.984314	86.9	-73.7
65.01530426	-77.69694331	86.5	-73.1
64.43959276	-77.4064206	86.1	-72.4
63.86187822	-77.11343433	85.6	-71.9
63.28225995	-76.8184037	85.2	-71.2
62.70064618	-76.52144101	84.7	-70.6
62.11681217	-76.22239427	84.3	-69.9
61.53053928	-75.92088972	83.8	-69.3
60.94174009	-75.61636849	83.4	-68.6
60.3505164	-75.30816916	82.9	-68
59.7571742	-74.99564464	82.5	-67.3
59.16226252	-74.67828216	82	-66.6
58.5666304	-74.3557839	81.6	-65.9
57.97139929	-74.02802322	81.1	-65.3
57.37778597	-73.69488181	80.7	-64.6
56.78682356	-73.3560904	80.2	-64
56.19908501	-73.01117753	79.7	-63.3
55.61449407	-72.65955346	79.3	-62.7
55.03225233	-72.30066568	78.8	-62
54.45086787	-71.9341077	78.3	-61.5
53.86827705	-71.55963471	77.8	-60.8
53.28208756	-71.17713446	77.3	-60.2
52.68989569	-70.78657831	76.8	-59.5
52.08954738	-70.38794239	76.3	-58.9
51.47933073	-69.98112636	75.8	-58.4
50.85814301	-69.56589657	75.3	-57.7
50.22556227	-69.14184346	74.8	-56.9
49.58177453	-68.708353	74.2	-56.3
48.92744247	-68.26462584	73.7	-55.6
48.26363976	-67.80978327	73.1	-54.9
47.59190385	-67.34303972	72.5	-54.2
46.91435706	-66.86386852	72	-53.4
46.23379306	-66.37213497	71.4	-52.8
45.55366715	-65.86822645	70.8	-52
44.87794645	-65.35313066	70.1	-51.2
44.2107474	-64.82831806	69.5	-50.6
43.55580661	-64.29540597	68.9	-49.8
42.91596799	-63.75576207	68.2	-49.1
42.29281815	-63.21019376	67.6	-48.4
41.68654094	-62.65876769	66.9	-47.7
41.09599127	-62.10073817	66.3	-47.1
40.51888996	-61.53455954	65.6	-46.4
39.95206688	-60.95798939	64.9	-45.8
39.3917291	-60.36828925	64.2	-45.1
38.83374473	-59.76252625	63.5	-44.5
38.27398043	-59.13797832	62.8	-43.7
37.70871126	-58.49260621	62.1	-43
37.13500666	-57.82548528	61.3	-42.4
36.5509394	-57.13703538	60.5	-41.6
35.95554885	-56.42894239	59.8	-40.8
35.34865049	-55.70382418	59	-40
34.73064152	-54.96476511	58.2	-39.4
34.10235147	-54.21479819	57.4	-38.5
33.46489969	-53.45641011	56.5	-37.7
32.81951855	-52.69116722	55.7	-36.9
32.16731811	-51.91956028	54.9	-36.1
31.50899519	-51.14119903	54.1	-35.4
30.84452102	-50.35555787	53.3	-34.6
30.17298128	-49.56310486	52.5	-33.8
29.49291688	-48.76583197	51.6	-33
28.80323755	-47.96648225	50.8	-32.1
28.10425751	-47.16711297	50	-31.3
27.39835729	-46.36817652	49.2	-30.6
26.69006935	-45.56876429	48.3	-29.8
25.98560192	-44.7677001	47.5	-28.9
25.2918875	-43.96481118	46.7	-28.1
24.61541293	-43.16193511	45.8	-27.3
23.96141225	-42.36287981	45	-26.4
23.33371817	-41.57187182	44.1	-25.6
22.73484504	-40.79146015	43.2	-24.8
22.16582846	-40.02125804	42.4	-23.9
21.62577645	-39.25803194	41.5	-23.1
21.11140767	-38.49659161	40.6	-22.4
20.61690721	-37.73065669	39.7	-21.5
20.13419279	-36.95352955	38.8	-20.7
19.65349833	-36.158767	37.8	-19.8
19.16415693	-35.34082479	36.8	-19
18.65546781	-34.49556755	35.8	-18.1
18.11757324	-33.62063267	34.8	-17.3
17.54229666	-32.71567	33.8	-16.4
16.92389877	-31.78243285	32.7	-15.6
16.25972793	-30.82464716	31.7	-14.7
15.55066274	-29.84760645	30.6	-13.9
14.80114358	-28.85751851	29.5	-13.1
14.01870365	-27.86070716	28.5	-12.3
13.2131388	-26.86283187	27.4	-11.5
12.39551109	-25.8682904	26.4	-10.8
11.57713223	-24.87991203	25.4	-10.1
10.76867024	-23.89897322	24.4	-9.43
9.979479593	-22.92546115	23.5	-8.8
9.217187568	-21.95844972	22.5	-8.22
8.487537474	-20.99650891	21.5	-7.64
7.794432378	-20.0381311	20.6	-7.12
7.140090112	-19.08215253	19.7	-6.62
6.525273002	-18.12813088	18.7	-6.12
5.949604928	-17.17665176	17.8	-5.67
5.411970568	-16.22955619	16.8	-5.21
4.910938514	-15.29006641	15.9	-4.8
4.445111037	-14.3627568	15	-4.38
4.013334836	-13.45334146	14.1	-3.99
3.614776265	-12.56831285	13.2	-3.63
3.248886072	-11.71447342	12.3	-3.29
2.915288007	-10.89840072	11.5	-2.98
2.613636995	-10.12594151	10.7	-2.69
2.34346248	-9.401833467	9.97	-2.43
2.104009872	-8.729462589	9.29	-2.2
1.894129462	-8.110684739	8.66	-1.99
1.712239508	-7.545650816	8.09	-1.82
1.556339196	-7.032661909	7.57	-1.66
1.424058479	-6.568141834	7.09	-1.52
1.312749318	-6.146804239	6.66	-1.4
1.219587091	-5.762084698	6.26	-1.31
1.141656286	-5.406968356	5.89	-1.22
1.076053723	-5.075405724	5.54	-1.15
1.020026634	-4.763892322	5.21	-1.08
0.971090323	-4.471728625	4.9	-1.02
0.92707209	-4.199319738	4.62	-0.961
0.886091613	-3.945947309	4.35	-0.907
0.846517684	-3.708618691	4.09	-0.857
0.80693522	-3.482423952	3.85	-0.807
0.766146363	-3.261865821	3.61	-0.759
0.723221301	-3.042372312	3.37	-0.711
0.677577992	-2.821491997	3.13	-0.664
0.629024825	-2.599137227	2.89	-0.618
0.577742529	-2.376627928	2.65	-0.569
0.524236361	-2.15542221	2.41	-0.521
0.469268015	-1.936494274	2.17	-0.473
0.413770518	-1.720527797	1.93	-0.424
0.358764691	-1.508467715	1.7	-0.374
0.305290545	-1.301867048	1.47	-0.325
0.254358295	-1.102909336	1.25	-0.277
0.206905552	-0.914269612	1.04	-0.23
0.163750261	-0.738886232	0.838	-0.186
0.125549904	-0.579661066	0.658	-0.146
0.092766629	-0.439128799	0.499	-0.109
0.06563363	-0.319150033	0.362	-0.0788
0.04412401	-0.220671226	0.251	-0.0541
0.027920433	-0.143568456	0.163	-0.035
0.016418936	-0.086588603	0.0984	-0.0211
0.008808168	-0.047414126	0.0539	-0.0117
0.00419135	-0.022871257	0.026	-0.00573
0.001692678	-0.009283003	0.0106	-0.00241
0.000538751	-0.002943737	0.00337	-0.000797
0.000118017	-0.000638615	0.000734	-0.000182
0.000013029	-6.97295E-05	0.0000804	-0.0000211
0	0	0	0