0	0	0.00E+00	0.00E+00
1.3029E-05	-6.97295E-05	8.04E-05	-2.11E-05
0.000118017	-0.000638615	7.34E-04	-1.82E-04
0.000538751	-0.002943737	3.37E-03	-7.97E-04
0.001692678	-0.009283003	1.06E-02	-2.41E-03
0.00419135	-0.022871257	2.60E-02	-5.73E-03
0.008808168	-0.047414126	5.39E-02	-1.17E-02
0.016418936	-0.086588603	9.84E-02	-2.11E-02
0.027920433	-0.143568456	1.63E-01	-3.50E-02
0.04412401	-0.220671226	2.51E-01	-5.41E-02
0.06563363	-0.319150033	3.62E-01	-7.88E-02
0.092766629	-0.439128799	4.99E-01	-1.09E-01
0.125549904	-0.579661066	6.58E-01	-1.46E-01
0.163750261	-0.738886232	8.38E-01	-1.86E-01
0.206905552	-0.914269612	1.04E+00	-2.30E-01
0.254358295	-1.102909336	1.25E+00	-2.77E-01
0.305290545	-1.301867048	1.47E+00	-3.25E-01
0.358764691	-1.508467715	1.70E+00	-3.74E-01
0.413770518	-1.720527797	1.93E+00	-4.24E-01
0.469268015	-1.936494274	2.17E+00	-4.73E-01
0.524236361	-2.15542221	2.41E+00	-5.21E-01
0.577742529	-2.376627928	2.65E+00	-5.69E-01
0.629024825	-2.599137227	2.89E+00	-6.18E-01
0.677577992	-2.821491997	3.13E+00	-6.64E-01
0.723221301	-3.042372312	3.37E+00	-7.11E-01
0.766146363	-3.261865821	3.61E+00	-7.59E-01
0.80693522	-3.482423952	3.85E+00	-8.07E-01
0.846517684	-3.708618691	4.09E+00	-8.57E-01
0.886091613	-3.945947309	4.35E+00	-9.07E-01
0.92707209	-4.199319738	4.62E+00	-9.61E-01
0.971090323	-4.471728625	4.90E+00	-1.02E+00
1.020026634	-4.763892322	5.21E+00	-1.08E+00
1.076053723	-5.075405724	5.54E+00	-1.15E+00
1.141656286	-5.406968356	5.89E+00	-1.22E+00
1.219587091	-5.762084698	6.26E+00	-1.31E+00
1.312749318	-6.146804239	6.66E+00	-1.40E+00
1.424058479	-6.568141834	7.09E+00	-1.52E+00
1.556339196	-7.032661909	7.57E+00	-1.66E+00
1.712239508	-7.545650816	8.09E+00	-1.82E+00
1.894129462	-8.110684739	8.66E+00	-1.99E+00
2.104009872	-8.729462589	9.29E+00	-2.20E+00
2.34346248	-9.401833467	9.97E+00	-2.43E+00
2.613636995	-10.12594151	1.07E+01	-2.69E+00
2.915288007	-10.89840072	1.15E+01	-2.98E+00
3.248886072	-11.71447342	1.23E+01	-3.29E+00
3.614776265	-12.56831285	1.32E+01	-3.63E+00
4.013334836	-13.45334146	1.41E+01	-3.99E+00
4.445111037	-14.3627568	1.50E+01	-4.38E+00
4.910938514	-15.29006641	1.59E+01	-4.80E+00
5.411970568	-16.22955619	1.68E+01	-5.21E+00
5.949604928	-17.17665176	1.78E+01	-5.67E+00
6.525273002	-18.12813088	1.87E+01	-6.12E+00
7.140090112	-19.08215253	1.97E+01	-6.62E+00
7.794432378	-20.0381311	2.06E+01	-7.12E+00
8.487537474	-20.99650891	2.15E+01	-7.64E+00
9.217187568	-21.95844972	2.25E+01	-8.22E+00
9.979479593	-22.92546115	2.35E+01	-8.80E+00
10.76867024	-23.89897322	2.44E+01	-9.43E+00
11.57713223	-24.87991203	2.54E+01	-1.01E+01
12.39551109	-25.8682904	2.64E+01	-1.08E+01
13.2131388	-26.86283187	2.74E+01	-1.15E+01
14.01870365	-27.86070716	2.85E+01	-1.23E+01
14.80114358	-28.85751851	2.95E+01	-1.31E+01
15.55066274	-29.84760645	3.06E+01	-1.39E+01
16.25972793	-30.82464716	3.17E+01	-1.47E+01
16.92389877	-31.78243285	3.27E+01	-1.56E+01
17.54229666	-32.71567	3.38E+01	-1.64E+01
18.11757324	-33.62063267	3.48E+01	-1.73E+01
18.65546781	-34.49556755	3.58E+01	-1.81E+01
19.16415693	-35.34082479	3.68E+01	-1.90E+01
19.65349833	-36.158767	3.78E+01	-1.98E+01
20.13419279	-36.95352955	3.88E+01	-2.07E+01
20.61690721	-37.73065669	3.97E+01	-2.15E+01
21.11140767	-38.49659161	4.06E+01	-2.24E+01
21.62577645	-39.25803194	4.15E+01	-2.31E+01
22.16582846	-40.02125804	4.24E+01	-2.39E+01
22.73484504	-40.79146015	4.32E+01	-2.48E+01
23.33371817	-41.57187182	4.41E+01	-2.56E+01
23.96141225	-42.36287981	4.50E+01	-2.64E+01
24.61541293	-43.16193511	4.58E+01	-2.73E+01
25.2918875	-43.96481118	4.67E+01	-2.81E+01
25.98560192	-44.7677001	4.75E+01	-2.89E+01
26.69006935	-45.56876429	4.83E+01	-2.98E+01
27.39835729	-46.36817652	4.92E+01	-3.06E+01
28.10425751	-47.16711297	5.00E+01	-3.13E+01
28.80323755	-47.96648225	5.08E+01	-3.21E+01
29.49291688	-48.76583197	5.16E+01	-3.30E+01
30.17298128	-49.56310486	5.25E+01	-3.38E+01
30.84452102	-50.35555787	5.33E+01	-3.46E+01
31.50899519	-51.14119903	5.41E+01	-3.54E+01
32.16731811	-51.91956028	5.49E+01	-3.61E+01
32.81951855	-52.69116722	5.57E+01	-3.69E+01
33.46489969	-53.45641011	5.65E+01	-3.77E+01
34.10235147	-54.21479819	5.74E+01	-3.85E+01
34.73064152	-54.96476511	5.82E+01	-3.94E+01
35.34865049	-55.70382418	5.90E+01	-4.00E+01
35.95554885	-56.42894239	5.98E+01	-4.08E+01
36.5509394	-57.13703538	6.05E+01	-4.16E+01
37.13500666	-57.82548528	6.13E+01	-4.24E+01
37.70871126	-58.49260621	6.21E+01	-4.30E+01
38.27398043	-59.13797832	6.28E+01	-4.37E+01
38.83374473	-59.76252625	6.35E+01	-4.45E+01
39.3917291	-60.36828925	6.42E+01	-4.51E+01
39.95206688	-60.95798939	6.49E+01	-4.58E+01
40.51888996	-61.53455954	6.56E+01	-4.64E+01
41.09599127	-62.10073817	6.63E+01	-4.71E+01
41.68654094	-62.65876769	6.69E+01	-4.77E+01
42.29281815	-63.21019376	6.76E+01	-4.84E+01
42.91596799	-63.75576207	6.82E+01	-4.91E+01
43.55580661	-64.29540597	6.89E+01	-4.98E+01
44.2107474	-64.82831806	6.95E+01	-5.06E+01
44.87794645	-65.35313066	7.01E+01	-5.12E+01
45.55366715	-65.86822645	7.08E+01	-5.20E+01
46.23379306	-66.37213497	7.14E+01	-5.28E+01
46.91435706	-66.86386852	7.20E+01	-5.34E+01
47.59190385	-67.34303972	7.25E+01	-5.42E+01
48.26363976	-67.80978327	7.31E+01	-5.49E+01
48.92744247	-68.26462584	7.37E+01	-5.56E+01
49.58177453	-68.708353	7.42E+01	-5.63E+01
50.22556227	-69.14184346	7.48E+01	-5.69E+01
50.85814301	-69.56589657	7.53E+01	-5.77E+01
51.47933073	-69.98112636	7.58E+01	-5.84E+01
52.08954738	-70.38794239	7.63E+01	-5.89E+01
52.68989569	-70.78657831	7.68E+01	-5.95E+01
53.28208756	-71.17713446	7.73E+01	-6.02E+01
53.86827705	-71.55963471	7.78E+01	-6.08E+01
54.45086787	-71.9341077	7.83E+01	-6.15E+01
55.03225233	-72.30066568	7.88E+01	-6.20E+01
55.61449407	-72.65955346	7.93E+01	-6.27E+01
56.19908501	-73.01117753	7.97E+01	-6.33E+01
56.78682356	-73.3560904	8.02E+01	-6.40E+01
57.37778597	-73.69488181	8.07E+01	-6.46E+01
57.97139929	-74.02802322	8.11E+01	-6.53E+01
58.5666304	-74.3557839	8.16E+01	-6.59E+01
59.16226252	-74.67828216	8.20E+01	-6.66E+01
59.7571742	-74.99564464	8.25E+01	-6.73E+01
60.3505164	-75.30816916	8.29E+01	-6.80E+01
60.94174009	-75.61636849	8.34E+01	-6.86E+01
61.53053928	-75.92088972	8.38E+01	-6.93E+01
62.11681217	-76.22239427	8.43E+01	-6.99E+01
62.70064618	-76.52144101	8.47E+01	-7.06E+01
63.28225995	-76.8184037	8.52E+01	-7.12E+01
63.86187822	-77.11343433	8.56E+01	-7.19E+01
64.43959276	-77.4064206	8.61E+01	-7.24E+01
65.01530426	-77.69694331	8.65E+01	-7.31E+01
65.58877679	-77.984314	8.69E+01	-7.37E+01
66.15969822	-78.26769315	8.73E+01	-7.44E+01
66.72762838	-78.54622961	8.78E+01	-7.50E+01
67.29186811	-78.81919708	8.82E+01	-7.55E+01
67.85139	-79.08610384	8.86E+01	-7.62E+01
68.40491224	-79.34676078	8.90E+01	-7.68E+01
68.95107855	-79.60131354	8.93E+01	-7.74E+01
69.48865804	-79.85021786	8.97E+01	-7.80E+01
70.01668287	-80.09415141	9.00E+01	-7.85E+01
70.53445737	-80.33388517	9.04E+01	-7.90E+01
71.04143375	-80.57010284	9.07E+01	-7.97E+01
71.53703623	-80.80322317	9.11E+01	-8.02E+01
72.02054714	-81.03335693	9.14E+01	-8.07E+01
72.49112519	-81.26036868	9.18E+01	-8.13E+01
72.94793737	-81.48391167	9.21E+01	-8.18E+01
73.39032957	-81.70342701	9.24E+01	-8.23E+01
73.81796171	-81.91813238	9.28E+01	-8.27E+01
74.230856	-82.12701492	9.31E+01	-8.32E+01
74.62935392	-82.32887892	9.35E+01	-8.37E+01
75.01403433	-82.52245375	9.38E+01	-8.41E+01
75.38565849	-82.70652906	9.42E+01	-8.45E+01
75.74515732	-82.88007781	9.45E+01	-8.50E+01
76.09363139	-83.04230261	9.48E+01	-8.54E+01
76.43235193	-83.19260404	9.52E+01	-8.58E+01
76.7627624	-83.33053748	9.55E+01	-8.62E+01
77.0864776	-83.45579097	9.58E+01	-8.66E+01
77.40529117	-83.5681913	9.61E+01	-8.70E+01
77.7211789	-83.66773297	9.63E+01	-8.74E+01
78.03625757	-83.75459932	9.66E+01	-8.78E+01
78.35271109	-83.82920425	9.68E+01	-8.81E+01
78.67274736	-83.89230659	9.70E+01	-8.85E+01
78.99856013	-83.94511563	9.72E+01	-8.89E+01
79.33217003	-83.98925796	9.73E+01	-8.93E+01
79.67513137	-84.0266101	9.75E+01	-8.97E+01
80.02823644	-84.05908354	9.75E+01	-9.02E+01
80.39132397	-84.0884256	9.76E+01	-9.06E+01
80.76321361	-84.11606112	9.76E+01	-9.10E+01
81.14175568	-84.14297012	9.77E+01	-9.14E+01
81.52399333	-84.16961671	9.77E+01	-9.18E+01
81.90643019	-84.19595821	9.77E+01	-9.22E+01
82.2853586	-84.22151334	9.76E+01	-9.26E+01
82.6571694	-84.24546182	9.76E+01	-9.30E+01
83.0186057	-84.26677355	9.75E+01	-9.33E+01
83.36697168	-84.28434158	9.75E+01	-9.36E+01
83.70029779	-84.29709443	9.74E+01	-9.40E+01
84.01745591	-84.30408306	9.73E+01	-9.43E+01
84.31821588	-84.30451986	9.72E+01	-9.46E+01
84.60321441	-84.29777825	9.71E+01	-9.49E+01
84.87380304	-84.28339625	9.69E+01	-9.52E+01
85.13178089	-84.261083	9.68E+01	-9.54E+01
85.37909218	-84.23071921	9.66E+01	-9.56E+01
85.61757798	-84.19237409	9.64E+01	-9.58E+01
85.84877617	-84.14631917	9.62E+01	-9.61E+01
86.07374133	-84.09297004	9.60E+01	-9.63E+01
86.29294315	-84.03274482	9.58E+01	-9.65E+01
86.50629386	-83.96600261	9.56E+01	-9.67E+01
86.7132623	-83.89331957	9.54E+01	-9.69E+01
86.91303457	-83.8159718	9.52E+01	-9.71E+01
87.10474518	-83.73600267	9.50E+01	-9.72E+01
87.28778708	-83.65545871	9.48E+01	-9.74E+01
87.46215101	-83.57506841	9.46E+01	-9.76E+01
87.62864707	-83.49334224	9.44E+01	-9.78E+01
87.78884426	-83.40691545	9.42E+01	-9.79E+01
87.94479138	-83.31170174	9.40E+01	-9.80E+01
88.09872477	-83.20394269	9.38E+01	-9.82E+01
88.25285635	-83.0808781	9.35E+01	-9.83E+01
88.40923446	-82.94111099	9.33E+01	-9.84E+01
88.56967031	-82.78470461	9.30E+01	-9.85E+01
88.73575757	-82.61306498	9.26E+01	-9.87E+01
88.90893413	-82.42868495	9.23E+01	-9.88E+01
89.09040421	-82.23478856	9.19E+01	-9.89E+01
89.28096579	-82.03492892	9.16E+01	-9.91E+01
89.48099863	-81.83262331	9.12E+01	-9.92E+01
89.69045648	-81.63101353	9.08E+01	-9.93E+01
89.908572	-81.43252768	9.05E+01	-9.95E+01
90.13355395	-81.2386513	9.01E+01	-9.96E+01
90.36270348	-81.04989605	8.98E+01	-9.98E+01
90.59292746	-80.86593123	8.95E+01	-1.00E+02
90.82130275	-80.68579966	8.92E+01	-1.00E+02
91.04534093	-80.50813159	8.88E+01	-1.00E+02
91.26290846	-80.33130647	8.85E+01	-1.00E+02
91.47210965	-80.15359733	8.82E+01	-1.01E+02
91.67135233	-79.9733379	8.79E+01	-1.01E+02
91.85949302	-79.78909101	8.76E+01	-1.01E+02
92.03592316	-79.59978001	8.73E+01	-1.01E+02
92.20057639	-79.40474668	8.70E+01	-1.01E+02
92.35385844	-79.20370695	8.66E+01	-1.01E+02
92.4965366	-78.99665279	8.63E+01	-1.02E+02
92.62967107	-78.78382868	8.59E+01	-1.02E+02
92.75462331	-78.56585353	8.56E+01	-1.02E+02
92.8730712	-78.34390244	8.52E+01	-1.02E+02
92.98694561	-78.11976185	8.49E+01	-1.02E+02
93.09829629	-77.89564556	8.45E+01	-1.02E+02
93.20913103	-77.67385475	8.41E+01	-1.02E+02
93.32127045	-77.45645823	8.38E+01	-1.02E+02
93.43625802	-77.24509106	8.35E+01	-1.02E+02
93.55527864	-77.0408524	8.31E+01	-1.02E+02
93.67904289	-76.84425704	8.28E+01	-1.02E+02
93.80773955	-76.65523894	8.25E+01	-1.03E+02
93.94110072	-76.47318767	8.22E+01	-1.03E+02
94.07847792	-76.29698817	8.19E+01	-1.03E+02
94.21899178	-76.1251254	8.16E+01	-1.03E+02
94.36188151	-75.95590597	8.13E+01	-1.03E+02
94.50685208	-75.78769945	8.10E+01	-1.03E+02
94.65417502	-75.61909589	8.07E+01	-1.03E+02
94.80459915	-75.44898658	8.04E+01	-1.03E+02
94.95917985	-75.27660069	8.01E+01	-1.03E+02
95.11906312	-75.1015489	7.98E+01	-1.04E+02
95.2852346	-74.9238936	7.96E+01	-1.04E+02
95.45823086	-74.74411887	7.93E+01	-1.04E+02
95.63791202	-74.56292065	7.90E+01	-1.04E+02
95.82338576	-74.38094683	7.87E+01	-1.04E+02
96.01302122	-74.19860998	7.84E+01	-1.04E+02
96.20453603	-74.01598703	7.81E+01	-1.04E+02
96.39521983	-73.83282061	7.78E+01	-1.05E+02
96.58224234	-73.64863191	7.75E+01	-1.05E+02
96.76293774	-73.46290998	7.73E+01	-1.05E+02
96.93504841	-73.27533151	7.70E+01	-1.05E+02
97.09694088	-73.08597874	7.67E+01	-1.05E+02
97.24773293	-72.89549003	7.65E+01	-1.05E+02
97.38727018	-72.70506477	7.62E+01	-1.05E+02
97.51600664	-72.51634043	7.59E+01	-1.05E+02
97.63489453	-72.33122835	7.57E+01	-1.05E+02
97.7453208	-72.15176961	7.54E+01	-1.05E+02
97.8490246	-71.98001265	7.52E+01	-1.05E+02
97.94792054	-71.81786178	7.49E+01	-1.05E+02
98.04390527	-71.66691119	7.47E+01	-1.05E+02
98.13870646	-71.52832215	7.45E+01	-1.05E+02
98.23367692	-71.40271598	7.43E+01	-1.05E+02
98.32959848	-71.29009912	7.41E+01	-1.05E+02
98.42666223	-71.18989601	7.39E+01	-1.05E+02
98.52454417	-71.10104304	7.38E+01	-1.05E+02
98.62246783	-71.02208255	7.36E+01	-1.05E+02
98.71929064	-70.95127879	7.35E+01	-1.05E+02
98.81361399	-70.88673613	7.34E+01	-1.05E+02
98.90389668	-70.82649449	7.33E+01	-1.05E+02
98.98859014	-70.76864343	7.31E+01	-1.05E+02
99.06630685	-70.71147268	7.30E+01	-1.05E+02
99.13601146	-70.65362194	7.29E+01	-1.05E+02
99.19716811	-70.59417737	7.29E+01	-1.05E+02
99.24976684	-70.53267138	7.28E+01	-1.05E+02
99.2942499	-70.46900345	7.27E+01	-1.05E+02
99.33141235	-70.40334606	7.26E+01	-1.05E+02
99.36230134	-70.33606754	7.25E+01	-1.05E+02
99.38810038	-70.26767255	7.24E+01	-1.05E+02
99.4100026	-70.19875601	7.23E+01	-1.05E+02
99.42910738	-70.1299565	7.22E+01	-1.05E+02
99.44637775	-70.06191161	7.22E+01	-1.05E+02
99.46263167	-69.99521718	7.21E+01	-1.05E+02
99.47847684	-69.93034884	7.20E+01	-1.05E+02
99.49417819	-69.86754343	7.19E+01	-1.05E+02
99.50957985	-69.80673769	7.19E+01	-1.05E+02
99.52200772	-69.74761937	7.18E+01	-1.05E+02
99.52389366	-69.68973935	7.17E+01	-1.05E+02
99.52395162	-69.63262845	7.17E+01	-1.05E+02
99.5241607	-69.57589047	7.16E+01	-1.05E+02
99.52880077	-69.5192704	7.16E+01	-1.05E+02
99.53031375	-69.46273322	7.15E+01	-1.05E+02
99.5357327	-69.40655472	7.15E+01	-1.05E+02
99.53717912	-69.35136611	7.14E+01	-1.05E+02
99.5414125	-69.29812195	7.14E+01	-1.05E+02
99.54353224	-69.24801168	7.13E+01	-1.05E+02
99.54784002	-69.2023449	7.13E+01	-1.05E+02
99.55094522	-69.16245651	7.13E+01	-1.05E+02
99.55544099	-69.12967257	7.12E+01	-1.05E+02
99.55673355	-69.10527138	7.12E+01	-1.05E+02
99.55724715	-69.09033508	7.12E+01	-1.05E+02
99.55948987	-69.0855385	7.12E+01	-1.05E+02
99.55982665	-69.09100598	7.12E+01	-1.05E+02
99.57746133	-69.10628747	7.13E+01	-1.05E+02
99.6013423	-69.13043457	7.13E+01	-1.05E+02
99.62787583	-69.16211825	7.13E+01	-1.05E+02
99.65585171	-69.19971659	7.13E+01	-1.05E+02
99.68398821	-69.24136388	7.14E+01	-1.05E+02
99.71103804	-69.28504596	7.14E+01	-1.05E+02
99.72828869	-69.32879127	7.14E+01	-1.05E+02
99.72852023	-69.37086037	7.15E+01	-1.06E+02
99.73082302	-69.40986776	7.15E+01	-1.06E+02
99.7311952	-69.44491773	7.15E+01	-1.06E+02
99.7357404	-69.47575215	7.15E+01	-1.06E+02
99.73588247	-69.50278494	7.16E+01	-1.06E+02
99.73616034	-69.52695311	7.16E+01	-1.06E+02
99.74141522	-69.54940961	7.16E+01	-1.06E+02
99.74404661	-69.5712086	7.16E+01	-1.06E+02
99.75394134	-69.59314526	7.17E+01	-1.06E+02
99.75763312	-69.61574776	7.17E+01	-1.06E+02
99.76505351	-69.63933827	7.17E+01	-1.06E+02
99.77570655	-69.66410984	7.18E+01	-1.06E+02
99.77644225	-69.69018195	7.18E+01	-1.06E+02
99.78715676	-69.71760751	7.18E+01	-1.06E+02
99.78981913	-69.74634542	7.18E+01	-1.06E+02
99.79634458	-69.77624291	7.19E+01	-1.06E+02
99.79991455	-69.80705288	7.19E+01	-1.06E+02
99.80330404	-69.83847255	7.20E+01	-1.06E+02
99.80608669	-69.87017415	7.20E+01	-1.06E+02
99.80749784	-69.90182782	7.20E+01	-1.06E+02
99.80852873	-69.93314061	7.21E+01	-1.06E+02