-0.579298	-9.748229	-8.169549	-4.684705
-0.56224975	-9.6608815	-8.06660825	-4.95988825
-0.5452015	-9.573534	-7.9636675	-5.2350715
-0.52815325	-9.4861865	-7.86072675	-5.51025475
-0.511105	-9.398839	-7.757786	-5.785438
-0.49404875	-9.3079795	-7.6363715	-6.08611925
-0.4769925	-9.21712	-7.514957	-6.3868005
-0.45993625	-9.1262605	-7.3935425	-6.68748175
-0.44288	-9.035401	-7.272128	-6.988163
-0.42635125	-8.941585	-7.133641	-7.31117675
-0.4098225	-8.847769	-6.995154	-7.6341905
-0.39329375	-8.753953	-6.856667	-7.95720425
-0.376765	-8.660137	-6.71818	-8.280218
-0.36115725	-8.564075	-6.5643525	-8.6219035
-0.3455495	-8.468013	-6.410525	-8.963589
-0.32994175	-8.371951	-6.2566975	-9.3052745
-0.314334	-8.275889	-6.10287	-9.64696
-0.29991975	-8.178375	-5.93561825	-10.00343775
-0.2855055	-8.080861	-5.7683665	-10.3599155
-0.27109125	-7.983347	-5.60111475	-10.71639325
-0.256677	-7.885833	-5.433863	-11.072871
-0.243628	-7.78768925	-5.2551825	-11.44023725
-0.230579	-7.6895455	-5.076502	-11.8076035
-0.21753	-7.59140175	-4.8978215	-12.17496975
-0.204481	-7.493258	-4.719141	-12.542336
-0.19288575	-7.3952915	-4.53102275	-12.9168105
-0.1812905	-7.297325	-4.3429045	-13.291285
-0.16969525	-7.1993585	-4.15478625	-13.6657595
-0.1581	-7.101392	-3.966668	-14.040234
-0.14798125	-7.00436225	-3.77103525	-14.41826575
-0.1378625	-6.9073325	-3.5754025	-14.7962975
-0.12774375	-6.81030275	-3.37976975	-15.17432925
-0.117625	-6.713273	-3.184137	-15.552361
-0.1089535	-6.61787125	-2.98280175	-15.93070125
-0.100282	-6.5224695	-2.7814665	-16.3090415
-0.0916105	-6.42706775	-2.58013125	-16.68738175
-0.082939	-6.331666	-2.378796	-17.065722
-0.07564725	-6.23849875	-2.17342625	-17.44146975
-0.0683555	-6.1453315	-1.9680565	-17.8172175
-0.06106375	-6.05216425	-1.76268675	-18.19296525
-0.053772	-5.958997	-1.557317	-18.568713
-0.0477655	-5.86858	-1.3494175	-18.93933675
-0.041759	-5.778163	-1.141518	-19.3099605
-0.0357525	-5.687746	-0.9336185	-19.68058425
-0.029746	-5.597329	-0.725719	-20.051208
-0.02491175	-5.5100845	-0.51662275	-20.41455275
-0.0200775	-5.42284	-0.3075265	-20.7778975
-0.01524325	-5.3355955	-0.09843025	-21.14124225
-0.010409	-5.248351	0.110666	-21.504587
-0.006624	-5.16460825	0.31980125	-21.8588635
-0.002839	-5.0808655	0.5289365	-22.21314
0.000946	-4.99712275	0.73807175	-22.5674165
0.004731	-4.91338	0.947207	-22.921693
0.00759375	-4.8333805	1.15539325	-23.26546075
0.0104565	-4.753381	1.3635795	-23.6092285
0.01331925	-4.6733815	1.57176575	-23.95299625
0.016182	-4.593382	1.779952	-24.296764
0.018249	-4.517286	1.986363	-24.6289045
0.020316	-4.44119	2.192774	-24.961045
0.022383	-4.365094	2.399185	-25.2931855
0.02445	-4.288998	2.605596	-25.625326
0.02584225	-4.2168925	2.8095565	-25.945013
0.0272345	-4.144787	3.013517	-26.2647
0.02862675	-4.0726815	3.2174775	-26.584387
0.030019	-4.000576	3.421438	-26.904074
0.030851	-3.93248275	3.622409	-27.21074
0.031683	-3.8643895	3.82338	-27.517406
0.032515	-3.79629625	4.024351	-27.824072
0.033347	-3.728203	4.225322	-28.130738
0.03372325	-3.66408925	4.4228865	-28.42404075
0.0340995	-3.5999755	4.620451	-28.7173435
0.03447575	-3.53586175	4.8180155	-29.01064625
0.034852	-3.471748	5.01558	-29.303949
0.03486725	-3.4115335	5.20942825	-29.58373775
0.0348825	-3.351319	5.4032765	-29.8635265
0.03489775	-3.2911045	5.59712475	-30.14331525
0.034913	-3.23089	5.790973	-30.423104
0.03465075	-3.174457	5.980887	-30.6893875
0.0343885	-3.118024	6.170801	-30.955671
0.03412625	-3.061591	6.360715	-31.2219545
0.033864	-3.005158	6.550629	-31.488238
0.033397	-2.95235925	6.73646825	-31.74115525
0.03293	-2.8995605	6.9223075	-31.9940725
0.032463	-2.84676175	7.10814675	-32.24698975
0.031996	-2.793963	7.293986	-32.499907
0.03138625	-2.7446285	7.4756745	-32.73969875
0.0307765	-2.695294	7.657363	-32.9794905
0.03016675	-2.6459595	7.8390515	-33.21928225
0.029557	-2.596625	8.02074	-33.459074
0.028856	-2.5505685	8.1982535	-33.68605825
0.028155	-2.504512	8.375767	-33.9130425
0.027454	-2.4584555	8.5532805	-34.14002675
0.026753	-2.412399	8.730794	-34.367011
0.02600375	-2.36942525	8.90414875	-34.58156275
0.0252545	-2.3264515	9.0775035	-34.7961145
0.02450525	-2.28347775	9.25085825	-35.01066625
0.023756	-2.240504	9.424213	-35.225218
0.022992	-2.2004115	9.5934565	-35.42774825
0.022228	-2.160319	9.7627	-35.6302785
0.021464	-2.1202265	9.9319435	-35.83280875
0.0207	-2.080134	10.101187	-36.035339
0.0199475	-2.04272075	10.26638825	-36.226281
0.019195	-2.0053075	10.4315895	-36.417223
0.0184425	-1.96789425	10.59679075	-36.608165
0.01769	-1.930481	10.761992	-36.799107
0.01696925	-1.8955475	10.9232365	-36.97890175
0.0162485	-1.860614	11.084481	-37.1586965
0.01552775	-1.8256805	11.2457255	-37.33849125
0.014807	-1.790747	11.40697	-37.518286
0.01413175	-1.75809825	11.56435075	-37.6873725
0.0134565	-1.7254495	11.7217315	-37.856459
0.01278125	-1.69280075	11.87911225	-38.0255455
0.012106	-1.660152	12.036493	-38.194632
0.0114855	-1.62960075	12.190108	-38.353438
0.010865	-1.5990495	12.343723	-38.512244
0.0102445	-1.56849825	12.497338	-38.67105
0.009624	-1.537947	12.650953	-38.829856
0.00906375	-1.509314	12.80089975	-38.97879175
0.0085035	-1.480681	12.9508465	-39.1277275
0.00794325	-1.452048	13.10079325	-39.27666325
0.007383	-1.423415	13.25074	-39.425599
0.0068855	-1.396531	13.397113	-39.5650535
0.006388	-1.369647	13.543486	-39.704508
0.0058905	-1.342763	13.689859	-39.8439625
0.005393	-1.315879	13.836232	-39.983417
0.004958	-1.2905845	13.97912025	-40.113753
0.004523	-1.26529	14.1220085	-40.244089
0.004088	-1.2399955	14.26489675	-40.374425
0.003653	-1.214701	14.407785	-40.504761
0.0032785	-1.19084725	14.54727025	-40.62631475
0.002904	-1.1669935	14.6867555	-40.7478685
0.0025295	-1.14313975	14.82624075	-40.86942225
0.002155	-1.119286	14.965726	-40.990976
0.001838	-1.09673475	15.1018815	-41.10405575
0.001521	-1.0741835	15.238037	-41.2171355
0.001204	-1.05163225	15.3741925	-41.33021525
0.000887	-1.029081	15.510348	-41.443295
0.000624	-1.0077035	15.64323825	-41.54818
0.000361	-0.986326	15.7761285	-41.653065
9.8e-05	-0.9649485	15.90901875	-41.75795
-0.000165	-0.943571	16.041909	-41.862835
-0.0003785	-0.92324925	16.17158875	-41.9597775
-0.000592	-0.9029275	16.3012685	-42.05672
-0.0008055	-0.88260575	16.43094825	-42.1536625
-0.001019	-0.862284	16.560628	-42.250605
-0.001187	-0.8429085	16.687143	-42.33983025
-0.001355	-0.823533	16.813658	-42.4290555
-0.001523	-0.8041575	16.940173	-42.51828075
-0.001691	-0.784782	17.066688	-42.607506
-0.001817	-0.766252	17.1900745	-42.6892135
-0.001943	-0.747722	17.313461	-42.770921
-0.002069	-0.729192	17.4368475	-42.8526285
-0.002195	-0.710662	17.560234	-42.934336
-0.0022825	-0.69288475	17.68051975	-43.008702
-0.00237	-0.6751075	17.8008055	-43.083068
-0.0024575	-0.65733025	17.92109125	-43.157434
-0.002545	-0.639553	18.041377	-43.2318
-0.00259675	-0.622443	18.1585805	-43.298978
-0.0026485	-0.605333	18.275784	-43.366156
-0.00270025	-0.588223	18.3929875	-43.433334
-0.002752	-0.571113	18.510191	-43.500512
-0.0027695	-0.55459125	18.62432375	-43.5606355
-0.002787	-0.5380695	18.7384565	-43.620759
-0.0028045	-0.52154775	18.85258925	-43.6808825
-0.002822	-0.505026	18.966722	-43.741006
-0.00280625	-0.489019	19.0777875	-43.79418925
-0.0027905	-0.473012	19.188853	-43.8473725
-0.00277475	-0.457005	19.2999185	-43.90055575
-0.002759	-0.440998	19.410984	-43.953739
-0.00271025	-0.425438	19.518979	-44.0000795
-0.0026615	-0.409878	19.626974	-44.04642
-0.00261275	-0.394318	19.734969	-44.0927605
-0.002564	-0.378758	19.842964	-44.139101
-0.0024815	-0.363581	19.9478795	-44.17868025
-0.002399	-0.348404	20.052795	-44.2182595
-0.0023165	-0.333227	20.1577105	-44.25783875
-0.002234	-0.31805	20.262626	-44.297418
-0.002116	-0.30319575	20.36444575	-44.3303035
-0.001998	-0.2883415	20.4662655	-44.363189
-0.00188	-0.27348725	20.56808525	-44.3960745
-0.001762	-0.258633	20.669905	-44.42896
-0.00160625	-0.244045	20.76860875	-44.455206
-0.0014505	-0.229457	20.8673125	-44.481452
-0.00129475	-0.214869	20.96601625	-44.507698
-0.001139	-0.200281	21.06472	-44.533944
-0.0009425	-0.1859045	21.16028075	-44.5535925
-0.000746	-0.171528	21.2558415	-44.573241
-0.0005495	-0.1571515	21.35140225	-44.5928895
-0.000353	-0.142775	21.446963	-44.612538
-0.000113	-0.1285575	21.53935	-44.6256205
0.000127	-0.11434	21.631737	-44.638703
0.000367	-0.1001225	21.724124	-44.6517855
0.000607	-0.085905	21.816511	-44.664868
0.000894	-0.071795	21.90568775	-44.671404
0.001181	-0.057685	21.9948645	-44.67794
0.001468	-0.043575	22.08404125	-44.684476
0.001755	-0.029465	22.173218	-44.691012
0.002092	-0.01541175	22.25914425	-44.691012
0.002429	-0.0013585	22.3450705	-44.691012
0.002766	0.01269475	22.43099675	-44.691012
0.003103	0.026748	22.516923	-44.691012
0.00349225	0.04079575	22.5995525	-44.684476
0.0038815	0.0548435	22.682182	-44.67794
0.00427075	0.06889125	22.7648115	-44.671404
0.00466	0.082939	22.847441	-44.664868
0.00510325	0.0970325	22.92672325	-44.6517855
0.0055465	0.111126	23.0060055	-44.638703
0.00598975	0.1252195	23.08528775	-44.6256205
0.006433	0.139313	23.16457	-44.612538
0.00692975	0.15350575	23.24044925	-44.5928895
0.0074265	0.1676985	23.3163285	-44.573241
0.00792325	0.18189125	23.39220775	-44.5535925
0.00842	0.196084	23.468087	-44.533944
0.00896825	0.210432	23.54050225	-44.507698
0.0095165	0.22478	23.6129175	-44.481452
0.01006475	0.239128	23.68533275	-44.455206
0.010613	0.253476	23.757748	-44.42896
0.0112075	0.26803775	23.826632	-44.3960745
0.011802	0.2825995	23.895516	-44.363189
0.0123965	0.29716125	23.9644	-44.3303035
0.012991	0.311723	24.033284	-44.297418
0.013624	0.3265615	24.09856275	-44.25783875
0.014257	0.3414	24.1638415	-44.2182595
0.01489	0.3562385	24.22912025	-44.17868025
0.015523	0.371077	24.294399	-44.139101
0.0161815	0.38626075	24.35599225	-44.0927605
0.01684	0.4014445	24.4175855	-44.04642
0.0174985	0.41662825	24.47917875	-44.0000795
0.018157	0.431812	24.540772	-43.953739
0.0188235	0.447415	24.59859125	-43.90055575
0.01949	0.463018	24.6564105	-43.8473725
0.0201565	0.478621	24.71422975	-43.79418925
0.020823	0.494224	24.772049	-43.741006
0.02147425	0.51032825	24.825997	-43.6808825
0.0221255	0.5264325	24.879945	-43.620759
0.02277675	0.54253675	24.933893	-43.5606355
0.023428	0.558641	24.987841	-43.500512
0.02403425	0.57533675	25.037811	-43.433334
0.0246405	0.5920325	25.087781	-43.366156
0.02524675	0.60872825	25.137751	-43.298978
0.025853	0.625424	25.187721	-43.2318
0.02637675	0.64281125	25.233596	-43.157434
0.0269005	0.6601985	25.279471	-43.083068
0.02742425	0.67758575	25.325346	-43.008702
0.027948	0.694973	25.371221	-42.934336
0.02834375	0.713163	25.41287175	-42.8526285
0.0287395	0.731353	25.4545225	-42.770921
0.02913525	0.749543	25.49617325	-42.6892135
0.029531	0.767733	25.537824	-42.607506
0.02974375	0.7868485	25.57510875	-42.51828075
0.0299565	0.805964	25.6123935	-42.4290555
0.03016925	0.8250795	25.64967825	-42.33983025
0.030382	0.844195	25.686963	-42.250605
0.03034875	0.86437325	25.719726	-42.1536625
0.0303155	0.8845515	25.752489	-42.05672
0.03028225	0.90472975	25.785252	-41.9597775
0.030249	0.924908	25.818015	-41.862835
0.029896	0.94629925	25.846085	-41.75795
0.029543	0.9676905	25.874155	-41.653065
0.02919	0.98908175	25.902225	-41.54818
0.028837	1.010473	25.930295	-41.443295
0.0280815	1.03324375	25.9534845	-41.33021525
0.027326	1.0560145	25.976674	-41.2171355
0.0265705	1.07878525	25.9998635	-41.10405575
0.025815	1.101556	26.023053	-40.990976
0.0245655	1.12588725	26.041157	-40.86942225
0.023316	1.1502185	26.059261	-40.7478685
0.0220665	1.17454975	26.077365	-40.62631475
0.020817	1.198881	26.095469	-40.504761
0.01897375	1.22497025	26.1082635	-40.374425
0.0171305	1.2510595	26.121058	-40.244089
0.01528725	1.27714875	26.1338525	-40.113753
0.013444	1.303238	26.146647	-39.983417
0.01090125	1.3312975	26.1538895	-39.8439625
0.0083585	1.359357	26.161132	-39.704508
0.00581575	1.3874165	26.1683745	-39.5650535
0.003273	1.415476	26.175617	-39.425599
-7.95e-05	1.44573275	26.17704425	-39.27666325
-0.003432	1.4759895	26.1784715	-39.1277275
-0.0067845	1.50624625	26.17989875	-38.97879175
-0.010137	1.536503	26.181326	-38.829856
-0.014409	1.569196	26.17665525	-38.67105
-0.018681	1.601889	26.1719845	-38.512244
-0.022953	1.634582	26.16731375	-38.353438
-0.027225	1.667275	26.162643	-38.194632
-0.03252325	1.70265275	26.15157175	-38.0255455
-0.0378215	1.7380305	26.1405005	-37.856459
-0.04311975	1.77340825	26.12942925	-37.6873725
-0.048418	1.808786	26.118358	-37.518286
-0.0548395	1.84710325	26.100565	-37.33849125
-0.061261	1.8854205	26.082772	-37.1586965
-0.0676825	1.92373775	26.064979	-36.97890175
-0.074104	1.962055	26.047186	-36.799107
-0.08172975	2.00356775	26.0223325	-36.608165
-0.0893555	2.0450805	25.997479	-36.417223
-0.09698125	2.08659325	25.9726255	-36.226281
-0.104607	2.128106	25.947772	-36.035339
-0.1134935	2.17306425	25.91550475	-35.83280875
-0.12238	2.2180225	25.8832375	-35.6302785
-0.1312665	2.26298075	25.85097025	-35.42774825
-0.140153	2.307939	25.818703	-35.225218
-0.15032225	2.356579	25.7786575	-35.01066625
-0.1604915	2.405219	25.738612	-34.7961145
-0.17066075	2.453859	25.6985665	-34.58156275
-0.18083	2.502499	25.658521	-34.367011
-0.19225925	2.55503475	25.61032575	-34.14002675
-0.2036885	2.6075705	25.5621305	-33.9130425
-0.21511775	2.66010625	25.51393525	-33.68605825
-0.226547	2.712642	25.46574	-33.459074
-0.239154	2.7692525	25.409023	-33.21928225
-0.251761	2.825863	25.352306	-32.9794905
-0.264368	2.8824735	25.295589	-32.73969875
-0.276975	2.939084	25.238872	-32.499907
-0.29060475	2.999901	25.17326775	-32.24698975
-0.3042345	3.060718	25.1076635	-31.9940725
-0.31786425	3.121535	25.04205925	-31.74115525
-0.331494	3.182352	24.976455	-31.488238
-0.34590275	3.247444	24.9016125	-31.22195425
-0.3603115	3.312536	24.82677	-30.9556705
-0.37472025	3.377628	24.7519275	-30.68938675
-0.389129	3.44272	24.677085	-30.423103
-0.40396625	3.5120765	24.5926795	-30.1433145
-0.4188035	3.581433	24.508274	-29.863526
-0.43364075	3.6507895	24.4238685	-29.5837375
-0.448478	3.720146	24.339463	-29.303949
-0.4632685	3.7936585	24.24520725	-29.01064625
-0.478059	3.867171	24.1509515	-28.7173435
-0.4928495	3.9406835	24.05669575	-28.42404075
-0.50764	4.014196	23.96244	-28.130738
-0.521766	4.09163925	23.858098	-27.82407175
-0.535892	4.1690825	23.753756	-27.5174055
-0.550018	4.24652575	23.649414	-27.21073925
-0.564144	4.323969	23.545072	-26.904073
-0.5768255	4.404979	23.43047425	-26.584386
-0.589507	4.485989	23.3158765	-26.264699
-0.6021885	4.566999	23.20127875	-25.945012
-0.61487	4.648009	23.086681	-25.625325
-0.625148	4.732064	22.961742	-25.2931845
-0.635426	4.816119	22.836803	-24.961044
-0.645704	4.900174	22.711864	-24.6289035
-0.655982	4.984229	22.586925	-24.296763
-0.66270275	5.07062825	22.45165925	-23.95299525
-0.6694235	5.1570275	22.3163935	-23.6092275
-0.67614425	5.24342675	22.18112775	-23.26545975
-0.682865	5.329826	22.045862	-22.921692
-0.684667	5.4176715	21.9004045	-22.56741525
-0.686469	5.505517	21.754947	-22.2131385
-0.688271	5.5933625	21.6094895	-21.85886175
-0.690073	5.681208	21.464032	-21.504585
-0.6853805	5.769389	21.308655	-21.1412405
-0.680688	5.85757	21.153278	-20.777896
-0.6759955	5.945751	20.997901	-20.4145515
-0.671303	6.033932	20.842524	-20.051207
-0.65832375	6.12111325	20.677656	-19.680583
-0.6453445	6.2082945	20.512788	-19.309959
-0.63236525	6.29547575	20.34792	-18.939335
-0.619386	6.382657	20.183052	-18.568711
-0.5961185	6.467275	20.009294	-18.19296325
-0.572851	6.551893	19.835536	-17.8172155
-0.5495835	6.636511	19.661778	-17.44146775
-0.526316	6.721129	19.48802	-17.06572
-0.49056775	6.8013935	19.30615775	-16.68737975
-0.4548195	6.881658	19.1242955	-16.3090395
-0.41907125	6.9619225	18.94243325	-15.93069925
-0.383323	7.042187	18.760571	-15.552359
-0.3327415	7.11609675	18.57158525	-15.174327
-0.28216	7.1900065	18.3825995	-14.796295
-0.2315785	7.26391625	18.19361375	-14.418263
-0.180997	7.337826	18.004628	-14.040231
-0.11311625	7.403196	17.8096965	-13.6657565
-0.0452355	7.468566	17.614765	-13.291282
0.02264525	7.533936	17.4198335	-12.9168075
0.090526	7.599306	17.224902	-12.542333
0.178218	7.653813	17.0253945	-12.174967
0.26591	7.70832	16.825887	-11.807601
0.353602	7.762827	16.6263795	-11.440235
0.441294	7.817334	16.426872	-11.072869
0.55126825	7.8585805	16.22433375	-10.71639125
0.6612425	7.899827	16.0217955	-10.3599135
0.77121675	7.9410735	15.81925725	-10.00343575
0.881191	7.98232	15.616719	-9.646958
1.01576325	8.00792325	15.41284125	-9.3052725
1.1503355	8.0335265	15.2089635	-8.963587
1.28490775	8.05912975	15.00508575	-8.6219015
1.41948	8.084733	14.801208	-8.280216
1.58066825	8.092441	14.59778075	-7.95720225
1.7418565	8.100149	14.3943535	-7.6341885
1.90304475	8.107857	14.19092625	-7.31117475
2.064233	8.115565	13.987499	-6.988161
2.25358625	8.1034035	13.78634325	-6.68748025
2.4429395	8.091242	13.5851875	-6.3867995
2.63229275	8.0790805	13.38403175	-6.08611875
2.821646	8.066919	13.182876	-5.785438
3.04003475	8.03337325	12.985737	-5.51025475
3.2584235	7.9998275	12.788598	-5.2350715
3.47681225	7.96628175	12.591459	-4.95988825
3.695201	7.932736	12.39432	-4.684705
3.94257675	7.876956	12.2027245	-4.43732975
4.1899525	7.821176	12.011129	-4.1899545
4.43732825	7.765396	11.8195335	-3.94257925
4.684704	7.709616	11.627938	-3.695204