4.939575	7.893951	12.11109	-3.912659
5.2243865	7.79767475	11.939468	-3.68540475
5.509198	7.7013985	11.767846	-3.4581505
5.7940095	7.60512225	11.596224	-3.23089625
6.078821	7.508846	11.424602	-3.003642
6.38919875	7.39345625	11.262598	-2.80607525
6.6995765	7.2780665	11.100594	-2.6085085
7.00995425	7.16267675	10.93859	-2.41094175
7.320332	7.047287	10.776586	-2.213375
7.653012	6.914322	10.6244755	-2.044729
7.985692	6.781357	10.472365	-1.876083
8.318372	6.648392	10.3202545	-1.707437
8.651052	6.515427	10.168144	-1.538791
9.00243625	6.36669025	10.0259255	-1.397574
9.3538205	6.2179535	9.883707	-1.256357
9.70520475	6.06921675	9.7414885	-1.11514
10.056589	5.92048	9.59927	-0.973923
10.4230085	5.7578875	9.46672475	-0.85813425
10.789428	5.595295	9.3341795	-0.7423455
11.1558475	5.4327025	9.20163425	-0.62655675
11.522267	5.27011	9.069089	-0.510768
11.90013875	5.09559475	8.945834	-0.4180795
12.2780105	4.9210795	8.822579	-0.325391
12.65588225	4.74656425	8.699324	-0.2327025
13.033754	4.572049	8.576069	-0.140014
13.419686	4.38749375	8.461605	-0.06792
13.805618	4.2029385	8.347141	0.004174
14.19155	4.01838325	8.232677	0.076268
14.577482	3.833828	8.118213	0.148362
14.9683415	3.6410155	8.011962	0.2024255
15.359201	3.448203	7.905711	0.256489
15.7500605	3.2553905	7.79946	0.3105525
16.14092	3.062578	7.693209	0.364616
16.53387625	2.863161	7.59454775	0.4031765
16.9268325	2.663744	7.4958865	0.441737
17.31978875	2.464327	7.39722525	0.4802975
17.712745	2.26491	7.298564	0.518858
18.10528975	2.0603895	7.20685	0.544337
18.4978345	1.855869	7.115136	0.569816
18.89037925	1.6513485	7.023422	0.595295
19.282924	1.446828	6.931708	0.620774
19.67287475	1.238545	6.846302	0.63543525
20.0628255	1.030262	6.760896	0.6500965
20.45277625	0.821979	6.67549	0.66475775
20.842727	0.613696	6.590084	0.679419
21.22821975	0.4028285	6.51036425	0.68533575
21.6137125	0.191961	6.4306445	0.6912525
21.99920525	-0.0189065	6.35092475	0.69716925
22.384698	-0.229774	6.271205	0.703086
22.7641705	-0.4422065	6.1965805	0.70211875
23.143643	-0.654639	6.121956	0.7011515
23.5231155	-0.8670715	6.0473315	0.70018425
23.902588	-1.079504	5.972707	0.699217
24.27475675	-1.29263225	5.90262575	0.6930075
24.6469255	-1.5057605	5.8325445	0.686798
25.01909425	-1.71888875	5.76246325	0.6805885
25.391263	-1.932017	5.692382	0.674379
25.7550965	-2.14511125	5.626336	0.664348
26.11893	-2.3582055	5.56029	0.654317
26.4827635	-2.57129975	5.494244	0.644286
26.846597	-2.784394	5.428198	0.634255
27.2012875	-2.9968505	5.36572575	0.62161075
27.555978	-3.209307	5.3032535	0.6089665
27.9106685	-3.4217635	5.24078125	0.59632225
28.265359	-3.63422	5.178309	0.583678
28.6102925	-3.84554725	5.118997	0.56942825
28.955226	-4.0568745	5.059685	0.5551785
29.3001595	-4.26820175	5.000373	0.54092875
29.645093	-4.479529	4.941061	0.526679
29.97982175	-4.689333	4.8845425	0.51164575
30.3145505	-4.899137	4.828024	0.4966125
30.64927925	-5.108941	4.7715055	0.48157925
30.984008	-5.318745	4.714987	0.466546
31.3082225	-5.526715	4.66093975	0.451383
31.632437	-5.734685	4.6068925	0.43622
31.9566515	-5.942655	4.55284525	0.421057
32.280866	-6.150625	4.498798	0.405894
32.59436925	-6.3565205	4.4469415	0.39110725
32.9078725	-6.562416	4.395085	0.3763205
33.22137575	-6.7683115	4.3432285	0.36153375
33.534879	-6.974207	4.291372	0.346747
33.83756425	-7.17784375	4.241465	0.33271175
34.1402495	-7.3814805	4.191558	0.3186765
34.44293475	-7.58511725	4.141651	0.30464125
34.74562	-7.788754	4.091744	0.290606
35.03744975	-7.98999325	4.04357925	0.27758675
35.3292795	-8.1912325	3.9954145	0.2645675
35.62110925	-8.39247175	3.94724975	0.25154825
35.912939	-8.593711	3.899085	0.238529
36.19392725	-8.79244925	3.8524865	0.2266965
36.4749155	-8.9911875	3.805888	0.214864
36.75590375	-9.18992575	3.7592895	0.2030315
37.036892	-9.388664	3.712691	0.191199
37.3070885	-9.5848235	3.66750975	0.18064725
37.577285	-9.780983	3.6223285	0.1700955
37.8474815	-9.9771425	3.57714725	0.15954375
38.117678	-10.173302	3.531966	0.148992
38.37715525	-10.366822	3.48807625	0.139753
38.6366325	-10.560342	3.4441865	0.130514
38.89610975	-10.753862	3.40029675	0.121275
39.155587	-10.947382	3.356407	0.112036
39.404431	-11.138214	3.31370225	0.1040935
39.653275	-11.329046	3.2709975	0.096151
39.902119	-11.519878	3.22829275	0.0882085
40.150963	-11.71071	3.185588	0.080266
40.389263	-11.89881025	3.143979	0.073567
40.627563	-12.0869105	3.10237	0.066868
40.865863	-12.27501075	3.060761	0.060169
41.104163	-12.463111	3.019152	0.05347
41.3320055	-12.64843725	2.97856225	0.04793525
41.559848	-12.8337635	2.9379725	0.0424005
41.7876905	-13.01908975	2.89738275	0.03686575
42.015533	-13.204416	2.856793	0.031331
42.23299825	-13.38692325	2.8171575	0.026863
42.4504635	-13.5694305	2.777522	0.022395
42.66792875	-13.75193775	2.7378865	0.017927
42.885394	-13.934445	2.698251	0.013459
43.09255025	-14.1140835	2.659513	0.00995025
43.2997065	-14.293722	2.620775	0.0064415
43.50686275	-14.4733605	2.582037	0.00293275
43.714019	-14.652999	2.543299	-0.000576
43.9109225	-14.82971125	2.5054085	-0.0032385
44.107826	-15.0064235	2.467518	-0.005901
44.3047295	-15.18313575	2.4296275	-0.0085635
44.501633	-15.359848	2.391737	-0.011226
44.68832575	-15.53356925	2.3546485	-0.0131555
44.8750185	-15.7072905	2.31756	-0.015085
45.06171125	-15.88101175	2.2804715	-0.0170145
45.248404	-16.054733	2.243383	-0.018944
45.424914	-16.225388	2.20705525	-0.0202505
45.601424	-16.396043	2.1707275	-0.021557
45.777934	-16.566698	2.13439975	-0.0228635
45.954444	-16.737353	2.098072	-0.02417
46.12078525	-16.9048585	2.0624655	-0.024958
46.2871265	-17.072364	2.026859	-0.025746
46.45346775	-17.2398695	1.9912525	-0.026534
46.619809	-17.407375	1.955646	-0.027322
46.775983	-17.57163725	1.920723	-0.027688
46.932157	-17.7358995	1.8858	-0.028054
47.088331	-17.90016175	1.850877	-0.02842
47.244505	-18.064424	1.815954	-0.028786
47.39050125	-18.22534125	1.781678	-0.028819
47.5364975	-18.3862585	1.747402	-0.028852
47.68249375	-18.54717575	1.713126	-0.028885
47.82849	-18.708093	1.67885	-0.028918
47.9642885	-18.8655545	1.64518425	-0.0286975
48.100087	-19.023016	1.6115185	-0.028477
48.2358855	-19.1804775	1.57785275	-0.0282565
48.371684	-19.337939	1.544187	-0.028036
48.49725675	-19.49182675	1.51109525	-0.02763225
48.6228295	-19.6457145	1.4780035	-0.0272285
48.74840225	-19.79960225	1.44491175	-0.02682475
48.873975	-19.95349	1.41182	-0.026421
48.989287	-20.10367925	1.37926525	-0.025896
49.104599	-20.2538685	1.3467105	-0.025371
49.219911	-20.40405775	1.31415575	-0.024846
49.335223	-20.554247	1.281601	-0.024321
49.44023525	-20.70060725	1.24954625	-0.02372775
49.5452475	-20.8469675	1.2174915	-0.0231345
49.65025975	-20.99332775	1.18543675	-0.02254125
49.755272	-21.139688	1.153382	-0.021948
49.84994275	-21.282084	1.12178975	-0.02133225
49.9446135	-21.42448	1.0901975	-0.0207165
50.03928425	-21.566876	1.05860525	-0.02010075
50.133955	-21.709272	1.027013	-0.019485
50.2182415	-21.84756475	0.995845	-0.01888525
50.302528	-21.9858575	0.964677	-0.0182855
50.3868145	-22.12415025	0.933509	-0.01768575
50.471101	-22.262443	0.902341	-0.017086
50.54496075	-22.39649075	0.87155875	-0.0165345
50.6188205	-22.5305385	0.8407765	-0.015983
50.69268025	-22.66458625	0.80999425	-0.0154315
50.76654	-22.798634	0.779212	-0.01488
50.82993275	-22.92829325	0.74877625	-0.014404
50.8933255	-23.0579525	0.7183405	-0.013928
50.95671825	-23.18761175	0.68790475	-0.013452
51.020111	-23.317271	0.657469	-0.012976
51.073	-23.4423975	0.62734	-0.012597
51.125889	-23.567524	0.597211	-0.012218
51.178778	-23.6926505	0.567082	-0.011839
51.231667	-23.817777	0.536953	-0.01146
51.27401975	-23.938227	0.5070905	-0.01119625
51.3163725	-24.058677	0.477228	-0.0109325
51.35872525	-24.179127	0.4473655	-0.01066875
51.401078	-24.299577	0.417503	-0.010405
51.43286725	-24.41520675	0.38786675	-0.0102705
51.4646565	-24.5308365	0.3582305	-0.010136
51.49644575	-24.64646625	0.32859425	-0.0100015
51.528235	-24.762096	0.298958	-0.009867
51.54943975	-24.87276425	0.26950575	-0.00987225
51.5706445	-24.9834325	0.2400535	-0.0098775
51.59184925	-25.09410075	0.21060125	-0.00988275
51.613054	-25.204769	0.181149	-0.009888
51.62366	-25.3103365	0.15183825	-0.01004075
51.634266	-25.415904	0.1225275	-0.0101935
51.644872	-25.5214715	0.09321675	-0.01034625
51.655478	-25.627039	0.063906	-0.010499
51.655478	-25.7273695	0.0346935	-0.0108035
51.655478	-25.8277	0.005481	-0.011108
51.655478	-25.9280305	-0.0237315	-0.0114125
51.655478	-26.028361	-0.052944	-0.011717
51.644872	-26.12332125	-0.082104	-0.01217375
51.634266	-26.2182815	-0.111264	-0.0126305
51.62366	-26.31324175	-0.140424	-0.01308725
51.613054	-26.408202	-0.169584	-0.013544
51.59184925	-26.49766325	-0.19873875	-0.01415025
51.5706445	-26.5871245	-0.2278935	-0.0147565
51.54943975	-26.67658575	-0.25704825	-0.01536275
51.528235	-26.766047	-0.286203	-0.015969
51.49644575	-26.84988425	-0.31540225	-0.016717
51.4646565	-26.9337215	-0.3446015	-0.017465
51.43286725	-27.01755875	-0.37380075	-0.018213
51.401078	-27.101396	-0.403	-0.018961
51.35872525	-27.179489	-0.432297	-0.01983825
51.3163725	-27.257582	-0.461594	-0.0207155
51.27401975	-27.335675	-0.490891	-0.02159275
51.231667	-27.413768	-0.520188	-0.02247
51.178778	-27.48600075	-0.54964	-0.0234575
51.125889	-27.5582335	-0.579092	-0.024445
51.073	-27.63046625	-0.608544	-0.0254325
51.020111	-27.702699	-0.637996	-0.02642
50.95671825	-27.76895975	-0.66766475	-0.02749175
50.8933255	-27.8352205	-0.6973335	-0.0285635
50.82993275	-27.90148125	-0.72700225	-0.02963525
50.76654	-27.967742	-0.756671	-0.030707
50.69268025	-28.02792375	-0.786624	-0.0318285
50.6188205	-28.0881055	-0.816577	-0.03295
50.54496075	-28.14828725	-0.84653	-0.0340715
50.471101	-28.208469	-0.876483	-0.035193
50.3868145	-28.26246875	-0.90679475	-0.03632
50.302528	-28.3164685	-0.9371065	-0.037447
50.2182415	-28.37046825	-0.96741825	-0.038574
50.133955	-28.424468	-0.99773	-0.039701
50.03928425	-28.472187	-1.0284825	-0.0407775
49.9446135	-28.519906	-1.059235	-0.041854
49.84994275	-28.567625	-1.0899875	-0.0429305
49.755272	-28.615344	-1.12074	-0.044007
49.65025975	-28.656686	-1.1520245	-0.044965
49.5452475	-28.698028	-1.183309	-0.045923
49.44023525	-28.73937	-1.2145935	-0.046881
49.335223	-28.780712	-1.245878	-0.047839
49.219911	-28.81558425	-1.27779475	-0.048596
49.104599	-28.8504565	-1.3097115	-0.049353
48.989287	-28.88532875	-1.34162825	-0.05011
48.873975	-28.920201	-1.373545	-0.050867
48.74840225	-28.94851275	-1.406206	-0.05132575
48.6228295	-28.9768245	-1.438867	-0.0517845
48.49725675	-29.00513625	-1.471528	-0.05224325
48.371684	-29.033448	-1.504189	-0.052702
48.2358855	-29.05510975	-1.53771775	-0.05274925
48.100087	-29.0767715	-1.5712465	-0.0527965
47.9642885	-29.09843325	-1.60477525	-0.05284375
47.82849	-29.120095	-1.638304	-0.052891
47.68249375	-29.13501725	-1.67283575	-0.05239625
47.5364975	-29.1499395	-1.7073675	-0.0519015
47.39050125	-29.16486175	-1.74189925	-0.05140675
47.244505	-29.179784	-1.776431	-0.050912
47.088331	-29.18787775	-1.81211425	-0.049729
46.932157	-29.1959715	-1.8477975	-0.048546
46.775983	-29.20406525	-1.88348075	-0.047363
46.619809	-29.212159	-1.919164	-0.04618
46.45346775	-29.21333275	-1.95616	-0.0441465
46.2871265	-29.2145065	-1.993156	-0.042113
46.12078525	-29.21568025	-2.030152	-0.0400795
45.954444	-29.216854	-2.067148	-0.038046
45.777934	-29.2110145	-2.10562975	-0.03498475
45.601424	-29.205175	-2.1441115	-0.0319235
45.424914	-29.1993355	-2.18259325	-0.02886225
45.248404	-29.193496	-2.221075	-0.025801
45.06171125	-29.18054625	-2.2612265	-0.02152475
44.8750185	-29.1675965	-2.301378	-0.0172485
44.68832575	-29.15464675	-2.3415295	-0.01297225
44.501633	-29.141697	-2.381681	-0.008696
44.3047295	-29.1215355	-2.423695	-0.0030085
44.107826	-29.101374	-2.465709	0.002679
43.9109225	-29.0812125	-2.507723	0.0083665
43.714019	-29.061051	-2.549737	0.014054
43.50686275	-29.03357175	-2.59381325	0.02134975
43.2997065	-29.0060925	-2.6378895	0.0286455
43.09255025	-28.97861325	-2.68196575	0.03594125
42.885394	-28.951134	-2.726042	0.043237
42.667929	-28.916225	-2.772381	0.052333
42.450464	-28.881316	-2.81872	0.061429
42.232999	-28.846407	-2.865059	0.070525
42.015534	-28.811498	-2.911398	0.079621
41.78769125	-28.76904125	-2.960198	0.0906945
41.5598485	-28.7265845	-3.008998	0.101768
41.33200575	-28.68412775	-3.057798	0.1128415
41.104163	-28.641671	-3.106598	0.123915
40.865863	-28.59154325	-3.1580475	0.137116
40.627563	-28.5414155	-3.209497	0.150317
40.389263	-28.49128775	-3.2609465	0.163518
40.150963	-28.44116	-3.312396	0.176719
39.902119	-28.38323275	-3.36666475	0.19215675
39.653275	-28.3253055	-3.4209335	0.2075945
39.404431	-28.26737825	-3.47520225	0.22303225
39.155587	-28.209451	-3.529471	0.23847
38.89610975	-28.14359125	-3.586701	0.256196
38.6366325	-28.0777315	-3.643931	0.273922
38.37715525	-28.01187175	-3.701161	0.291648
38.117678	-27.946012	-3.758391	0.309374
37.8474815	-27.872086	-3.8186845	0.3293625
37.577285	-27.79816	-3.878978	0.349351
37.3070885	-27.724234	-3.9392715	0.3693395
37.036892	-27.650308	-3.999565	0.389328
36.75590375	-27.568182	-4.0629705	0.41145225
36.4749155	-27.486056	-4.126376	0.4335765
36.19392725	-27.40393	-4.1897815	0.45570075
35.912939	-27.321804	-4.253187	0.477825
35.62110925	-27.23134875	-4.319683	0.50183275
35.3292795	-27.1408935	-4.386179	0.5258405
35.03744975	-27.05043825	-4.452675	0.54984825
34.74562	-26.959983	-4.519171	0.573856
34.44293475	-26.86107925	-4.5886495	0.59934175
34.1402495	-26.7621755	-4.658128	0.6248275
33.83756425	-26.66327175	-4.7276065	0.65031325
33.534879	-26.564368	-4.797085	0.675799
33.2213755	-26.4569115	-4.8693315	0.70217275
32.907872	-26.349455	-4.941578	0.7285465
32.5943685	-26.2419985	-5.0138245	0.75492025
32.280865	-26.134542	-5.086071	0.781294
31.95665075	-26.0184515	-5.16074375	0.80774875
31.6324365	-25.902361	-5.2354165	0.8342035
31.30822225	-25.7862705	-5.31008925	0.86065825
30.984008	-25.67018	-5.384762	0.887113
30.649279	-25.5454055	-5.46136975	0.91259325
30.31455	-25.420631	-5.5379775	0.9380735
29.979821	-25.2958565	-5.61458525	0.96355375
29.645092	-25.171082	-5.691193	0.989034
29.3001585	-25.03761575	-5.76907325	1.012201
28.955225	-24.9041495	-5.8469535	1.035368
28.6102915	-24.77068325	-5.92483375	1.058535
28.265358	-24.637217	-6.002714	1.081702
27.9106675	-24.495104	-6.08101025	1.10090225
27.555977	-24.352991	-6.1593065	1.1201025
27.2012865	-24.210878	-6.23760275	1.13930275
26.846596	-24.068765	-6.315899	1.158503
26.4827625	-23.9181165	-6.39354	1.171741
26.118929	-23.767468	-6.471181	1.184979
25.7550955	-23.6168195	-6.548822	1.198217
25.391262	-23.466171	-6.626463	1.211455
25.01909325	-23.30717825	-6.70214425	1.2163685
24.6469245	-23.1481855	-6.7778255	1.221282
24.27475575	-22.98919275	-6.85350675	1.2261955
23.902587	-22.8302	-6.929188	1.231109
23.5231145	-22.6631495	-7.00135775	1.224954
23.143642	-22.496099	-7.0735275	1.218799
22.7641695	-22.3290485	-7.14569725	1.212644
22.384697	-22.161998	-7.217867	1.206489
21.99920425	-21.98728725	-7.2847165	1.18613625
21.6137115	-21.8125765	-7.351566	1.1657835
21.22821875	-21.63786575	-7.4184155	1.14543075
20.842726	-21.463155	-7.485265	1.125078
20.45277525	-21.28130675	-7.5447295	1.08702125
20.0628245	-21.0994585	-7.604194	1.0489645
19.67287375	-20.91761025	-7.6636585	1.01090775
19.282923	-20.735762	-7.723123	0.972851
18.89037825	-20.54744075	-7.77289	0.91323625
18.4978335	-20.3591195	-7.822657	0.8536215
18.10528875	-20.17079825	-7.872424	0.79400675
17.712744	-19.982477	-7.922191	0.734392
17.3197875	-19.78850075	-7.95972425	0.6490685
16.926831	-19.5945245	-7.9972575	0.563745
16.5338745	-19.40054825	-8.03479075	0.4784215
16.140918	-19.206572	-8.072324	0.393098
15.7500585	-19.00792275	-8.09490275	0.2776965
15.359199	-18.8092735	-8.1174815	0.162295
14.9683395	-18.61062425	-8.14006025	0.0468935
14.57748	-18.411975	-8.162639	-0.068508
14.19154825	-18.209806	-8.1674165	-0.2184625
13.8056165	-18.007637	-8.172194	-0.368417
13.41968475	-17.805468	-8.1769715	-0.5183715
13.033753	-17.603299	-8.181749	-0.668326
12.655881	-17.39893325	-8.165836	-0.857265
12.278009	-17.1945675	-8.149923	-1.046204
11.900137	-16.99020175	-8.13401	-1.235143
11.522265	-16.785836	-8.118097	-1.424082
11.1558455	-16.5807585	-8.07867075	-1.6561985
10.789426	-16.375681	-8.0392445	-1.888315
10.4230065	-16.1706035	-7.99981825	-2.1204315
10.056587	-15.965526	-7.960392	-2.352548
9.705203	-15.76136375	-7.894837	-2.63155275
9.353819	-15.5572015	-7.829282	-2.9105575
9.002435	-15.35303925	-7.763727	-3.18956225
8.651051	-15.148877	-7.698172	-3.468567
8.318371	-14.947364	-7.60425575	-3.7973895
7.985691	-14.745851	-7.5103395	-4.126212
7.653011	-14.544338	-7.41642325	-4.4550345
7.320331	-14.342825	-7.322507	-4.783857
7.0099535	-14.14574325	-7.1985925	-5.164287
6.699576	-13.9486615	-7.074678	-5.544717
6.3891985	-13.75157975	-6.9507635	-5.925147
6.078821	-13.554498	-6.826849	-6.305577
5.79400975	-13.363568	-6.6721505	-6.737844
5.5091985	-13.172638	-6.517452	-7.170111
5.22438725	-12.981708	-6.3627535	-7.602378
4.939576	-12.790778	-6.208055	-8.034645
4.6828465	-12.60747875	-6.0229265	-8.5169315
4.426117	-12.4241795	-5.837798	-8.999218
4.1693875	-12.24088025	-5.6526695	-9.4815045
3.912658	-12.057581	-5.467541	-9.963791