4.684704	7.709616	11.627938	-3.695204
4.9598875	7.63157175	11.44309525	-3.4768155
5.235071	7.5535275	11.2582525	-3.258427
5.5102545	7.47548325	11.07340975	-3.0400385
5.785438	7.397439	10.888567	-2.82165
6.086119	7.29791375	10.71137575	-2.6322975
6.3868	7.1983885	10.5341845	-2.442945
6.687481	7.09886325	10.35699325	-2.2535925
6.988162	6.999338	10.179802	-2.06424
7.31117575	6.8797515	10.01090575	-1.90305225
7.6341895	6.760165	9.8420095	-1.7418645
7.95720325	6.6405785	9.67311325	-1.58067675
8.280217	6.520992	9.504217	-1.419489
8.62190275	6.3831845	9.34404225	-1.2849175
8.9635885	6.245377	9.1838675	-1.150346
9.30527425	6.1075695	9.02369275	-1.0157745
9.64696	5.969762	8.863518	-0.881203
10.00343775	5.8158225	8.71229775	-0.77122975
10.3599155	5.661883	8.5610775	-0.6612565
10.71639325	5.5079435	8.40985725	-0.55128325
11.072871	5.354004	8.258637	-0.44131
11.44023725	5.1861455	8.1164385	-0.35361875
11.8076035	5.018287	7.97424	-0.2659275
12.17496975	4.8504285	7.8320415	-0.17823625
12.542336	4.68257	7.689843	-0.090545
12.9168105	4.503027	7.556593	-0.0226655
13.291285	4.323484	7.423343	0.045214
13.6657595	4.143941	7.290093	0.1130935
14.040234	3.964398	7.156843	0.180973
14.41826575	3.77535225	7.03235225	0.2315535
14.7962975	3.5863065	6.9078615	0.282134
15.17432925	3.39726075	6.78337075	0.3327145
15.552361	3.208215	6.65888	0.383295
15.93070125	3.011737	6.542868	0.419042
16.3090415	2.815259	6.426856	0.454789
16.68738175	2.618781	6.310844	0.490536
17.065722	2.422303	6.194832	0.526283
17.44146975	2.2203135	6.0869475	0.54954925
17.8172175	2.018324	5.979063	0.5728155
18.19296525	1.8163345	5.8711785	0.59608175
18.568713	1.614345	5.763294	0.619348
18.939337	1.408589	5.663134	0.632326
19.309961	1.202833	5.562974	0.645304
19.680585	0.997077	5.462814	0.658282
20.051209	0.791321	5.362654	0.67126
20.4145535	0.5833535	5.26978125	0.67595125
20.777898	0.375386	5.1769085	0.6806425
21.1412425	0.1674185	5.08403575	0.68533375
21.504587	-0.040549	4.991163	0.690025
21.8588635	-0.24936775	4.9051205	0.688222
22.21314	-0.4581865	4.819078	0.686419
22.5674165	-0.66700525	4.7330355	0.684616
22.921693	-0.875824	4.646993	0.682813
23.26546075	-1.08432625	4.567315	0.6760915
23.6092285	-1.2928285	4.487637	0.66937
23.95299625	-1.50133075	4.407959	0.6626485
24.296764	-1.709833	4.328281	0.655927
24.6289045	-1.91703425	4.25450425	0.64564825
24.961045	-2.1242355	4.1807275	0.6353695
25.2931855	-2.33143675	4.10695075	0.62509075
25.625326	-2.538638	4.033174	0.614812
25.945013	-2.7437275	3.96484575	0.60213025
26.2647	-2.948817	3.8965175	0.5894485
26.584387	-3.1539065	3.82818925	0.57676675
26.904074	-3.358996	3.759861	0.564085
27.21074	-3.56132	3.69654375	0.5499595
27.517406	-3.763644	3.6332265	0.535834
27.824072	-3.965968	3.56990925	0.5217085
28.130738	-4.168292	3.506592	0.507583
28.42404075	-4.36733925	3.4478695	0.49279325
28.7173435	-4.5663865	3.389147	0.4780035
29.01064625	-4.76543375	3.3304245	0.46321375
29.303949	-4.964481	3.271702	0.448424
29.58373775	-5.15986425	3.21718175	0.43358875
29.8635265	-5.3552475	3.1626615	0.4187535
30.14331525	-5.55063075	3.10814125	0.40391825
30.423104	-5.746014	3.053621	0.389083
30.68938775	-5.9374555	3.00293625	0.37467725
30.9556715	-6.128897	2.9522515	0.3602715
31.22195525	-6.3203385	2.90156675	0.34586575
31.488239	-6.51178	2.850882	0.33146
31.741156	-6.69909325	2.80369275	0.31783425
31.994073	-6.8864065	2.7565035	0.3042085
32.24699	-7.07371975	2.70931425	0.29058275
32.499907	-7.261033	2.662125	0.276957
32.73969875	-7.4441085	2.61811825	0.26435575
32.9794905	-7.627184	2.5741115	0.2517545
33.21928225	-7.8102595	2.53010475	0.23915325
33.459074	-7.993335	2.486098	0.226552
33.68605825	-8.172125	2.44498725	0.21513025
33.9130425	-8.350915	2.4038765	0.2037085
34.14002675	-8.529705	2.36276575	0.19228675
34.367011	-8.708495	2.321655	0.180865
34.58156275	-8.883002	2.28317925	0.17070475
34.7961145	-9.057509	2.2447035	0.1605445
35.01066625	-9.232016	2.20622775	0.15038425
35.225218	-9.406523	2.167752	0.140224
35.42774825	-9.57678725	2.13167375	0.13134875
35.6302785	-9.7470515	2.0955955	0.1224735
35.83280875	-9.91731575	2.05951725	0.11359825
36.035339	-10.08758	2.023439	0.104723
36.226281	-10.25367	1.98954425	0.09711075
36.417223	-10.41976	1.9556495	0.0894985
36.608165	-10.58585	1.92175475	0.08188625
36.799107	-10.75194	1.88786	0.074274
36.97890175	-10.9139435	1.855955	0.0678685
37.1586965	-11.075947	1.82405	0.061463
37.33849125	-11.2379505	1.792145	0.0550575
37.518286	-11.399954	1.76024	0.048652
37.6873725	-11.557971	1.73014975	0.043372
37.856459	-11.715988	1.7000595	0.038092
38.0255455	-11.874005	1.66996925	0.032812
38.194632	-12.032022	1.639879	0.027532
38.353438	-12.1861595	1.611446	0.02328075
38.512244	-12.340297	1.583013	0.0190295
38.67105	-12.4944345	1.55458	0.01477825
38.829856	-12.648572	1.526147	0.010527
38.97879175	-12.79893775	1.499229	0.00719775
39.1277275	-12.9493035	1.472311	0.0038685
39.27666325	-13.09966925	1.445393	0.00053925
39.425599	-13.250035	1.418475	-0.00279
39.5650535	-13.39673425	1.39294325	-0.0053075
39.704508	-13.5434335	1.3674115	-0.007825
39.8439625	-13.69013275	1.34187975	-0.0103425
39.983417	-13.836832	1.316348	-0.01286
40.113753	-13.9799655	1.2920855	-0.01467625
40.244089	-14.123099	1.267823	-0.0164925
40.374425	-14.2662325	1.2435605	-0.01830875
40.504761	-14.409366	1.219298	-0.020125
40.62631475	-14.54902675	1.196199	-0.021346
40.7478685	-14.6886875	1.1731	-0.022567
40.86942225	-14.82834825	1.150001	-0.023788
40.990976	-14.968009	1.126902	-0.025009
41.10405575	-15.10428125	1.10486925	-0.02573575
41.2171355	-15.2405535	1.0828365	-0.0264625
41.33021525	-15.37682575	1.06080375	-0.02718925
41.443295	-15.513098	1.038771	-0.027916
41.54818	-15.646056	1.017715	-0.028241
41.653065	-15.779014	0.996659	-0.028566
41.75795	-15.911972	0.975603	-0.028891
41.862835	-16.04493	0.954547	-0.029216
41.9597775	-16.174638	0.93438575	-0.029223
42.05672	-16.304346	0.9142245	-0.02923
42.1536625	-16.434054	0.89406325	-0.029237
42.250605	-16.563762	0.873902	-0.029244
42.33983025	-16.69027425	0.85455825	-0.0290085
42.4290555	-16.8167865	0.8352145	-0.028773
42.51828075	-16.94329875	0.81587075	-0.0285375
42.607506	-17.069811	0.796527	-0.028302
42.6892135	-17.193171	0.77792975	-0.0278895
42.770921	-17.316531	0.7593325	-0.027477
42.8526285	-17.439891	0.74073525	-0.0270645
42.934336	-17.563251	0.722138	-0.026652
43.008702	-17.6834925	0.7042195	-0.0261195
43.083068	-17.803734	0.686301	-0.025587
43.157434	-17.9239755	0.6683825	-0.0250545
43.2318	-18.044217	0.650464	-0.024522
43.298978	-18.16136475	0.6331605	-0.023918
43.366156	-18.2785125	0.615857	-0.023314
43.433334	-18.39566025	0.5985535	-0.02271
43.500512	-18.512808	0.58125	-0.022106
43.5606355	-18.6268775	0.5645005	-0.02147075
43.620759	-18.740947	0.547751	-0.0208355
43.6808825	-18.8550165	0.5310015	-0.02020025
43.741006	-18.969086	0.514252	-0.019565
43.79418925	-19.0800845	0.49799875	-0.0189325
43.8473725	-19.191083	0.4817455	-0.0183
43.90055575	-19.3020815	0.46549225	-0.0176675
43.953739	-19.41308	0.449239	-0.017035
44.0000795	-19.5210075	0.43342575	-0.0164325
44.04642	-19.628935	0.4176125	-0.01583
44.0927605	-19.7368625	0.40179925	-0.0152275
44.139101	-19.84479	0.385986	-0.014625
44.17868025	-19.94963925	0.37055825	-0.01407425
44.2182595	-20.0544885	0.3551305	-0.0135235
44.25783875	-20.15933775	0.33970275	-0.01297275
44.297418	-20.264187	0.324275	-0.012422
44.3303035	-20.365944	0.30918025	-0.01194025
44.363189	-20.467701	0.2940855	-0.0114585
44.3960745	-20.569458	0.27899075	-0.01097675
44.42896	-20.671215	0.263896	-0.010495
44.455206	-20.76986025	0.2490825	-0.0100955
44.481452	-20.8685055	0.234269	-0.009696
44.507698	-20.96715075	0.2194555	-0.0092965
44.533944	-21.065796	0.204642	-0.008897
44.5535925	-21.1613035	0.19005875	-0.0085895
44.573241	-21.256811	0.1754755	-0.008282
44.5928895	-21.3523185	0.16089225	-0.0079745
44.612538	-21.447826	0.146309	-0.007667
44.6256205	-21.5401655	0.1319055	-0.0074585
44.638703	-21.632505	0.117502	-0.00725
44.6517855	-21.7248445	0.1030985	-0.0070415
44.664868	-21.817184	0.088695	-0.006833
44.671404	-21.9063195	0.07442075	-0.00672775
44.67794	-21.995455	0.0601465	-0.0066225
44.684476	-22.0845905	0.04587225	-0.00651725
44.691012	-22.173726	0.031598	-0.006412
44.691012	-22.259616	0.017402	-0.006412
44.691012	-22.345506	0.003206	-0.006412
44.691012	-22.431396	-0.01099	-0.006412
44.691012	-22.517286	-0.025186	-0.006412
44.684476	-22.59988525	-0.039355	-0.00651725
44.67794	-22.6824845	-0.053524	-0.0066225
44.671404	-22.76508375	-0.067693	-0.00672775
44.664868	-22.847683	-0.081862	-0.006833
44.6517855	-22.92694025	-0.096057	-0.0070415
44.638703	-23.0061975	-0.110252	-0.00725
44.6256205	-23.08545475	-0.124447	-0.0074585
44.612538	-23.164712	-0.138642	-0.007667
44.5928895	-23.240571	-0.15291775	-0.0079745
44.573241	-23.31643	-0.1671935	-0.008282
44.5535925	-23.392289	-0.18146925	-0.0085895
44.533944	-23.468148	-0.195745	-0.008897
44.507698	-23.54054725	-0.210159	-0.0092965
44.481452	-23.6129465	-0.224573	-0.009696
44.455206	-23.68534575	-0.238987	-0.0100955
44.42896	-23.757745	-0.253401	-0.010495
44.3960745	-23.8266165	-0.268014	-0.01097675
44.363189	-23.895488	-0.282627	-0.0114585
44.3303035	-23.9643595	-0.29724	-0.01194025
44.297418	-24.033231	-0.311853	-0.012422
44.25783875	-24.098501	-0.32673	-0.01297275
44.2182595	-24.163771	-0.341607	-0.0135235
44.17868025	-24.229041	-0.356484	-0.01407425
44.139101	-24.294311	-0.371361	-0.014625
44.0927605	-24.355898	-0.38657175	-0.0152275
44.04642	-24.417485	-0.4017825	-0.01583
44.0000795	-24.479072	-0.41699325	-0.0164325
43.953739	-24.540659	-0.432204	-0.017035
43.90055575	-24.59847425	-0.44782475	-0.0176675
43.8473725	-24.6562895	-0.4634455	-0.0183
43.79418925	-24.71410475	-0.47906625	-0.0189325
43.741006	-24.77192	-0.494687	-0.019565
43.6808825	-24.825866	-0.51080125	-0.02020025
43.620759	-24.879812	-0.5269155	-0.0208355
43.5606355	-24.933758	-0.54302975	-0.02147075
43.500512	-24.987704	-0.559144	-0.022106
43.433334	-25.03767375	-0.57584325	-0.02271
43.366156	-25.0876435	-0.5925425	-0.023314
43.298978	-25.13761325	-0.60924175	-0.023918
43.2318	-25.187583	-0.625941	-0.024522
43.157434	-25.2334585	-0.64332725	-0.0250545
43.083068	-25.279334	-0.6607135	-0.025587
43.008702	-25.3252095	-0.67809975	-0.0261195
42.934336	-25.371085	-0.695486	-0.026652
42.8526285	-25.4127375	-0.71367075	-0.0270645
42.770921	-25.45439	-0.7318555	-0.027477
42.6892135	-25.4960425	-0.75004025	-0.0278895
42.607506	-25.537695	-0.768225	-0.028302
42.51828075	-25.574982	-0.787333	-0.0285375
42.4290555	-25.612269	-0.806441	-0.028773
42.33983025	-25.649556	-0.825549	-0.0290085
42.250605	-25.686843	-0.844657	-0.029244
42.1536625	-25.71960875	-0.86482575	-0.029237
42.05672	-25.7523745	-0.8849945	-0.02923
41.9597775	-25.78514025	-0.90516325	-0.029223
41.862835	-25.817906	-0.925332	-0.029216
41.75795	-25.84597875	-0.94671275	-0.028891
41.653065	-25.8740515	-0.9680935	-0.028566
41.54818	-25.90212425	-0.98947425	-0.028241
41.443295	-25.930197	-1.010855	-0.027916
41.33021525	-25.9533895	-1.0336145	-0.02718925
41.2171355	-25.976582	-1.056374	-0.0264625
41.10405575	-25.9997745	-1.0791335	-0.02573575
40.990976	-26.022967	-1.101893	-0.025009
40.86942225	-26.041074	-1.12621325	-0.023788
40.7478685	-26.059181	-1.1505335	-0.022567
40.62631475	-26.077288	-1.17485375	-0.021346
40.504761	-26.095395	-1.199174	-0.020125
40.374425	-26.1081925	-1.2252525	-0.01830875
40.244089	-26.12099	-1.251331	-0.0164925
40.113753	-26.1337875	-1.2774095	-0.01467625
39.983417	-26.146585	-1.303488	-0.01286
39.8439625	-26.15383	-1.33153725	-0.0103425
39.704508	-26.161075	-1.3595865	-0.007825
39.5650535	-26.16832	-1.38763575	-0.0053075
39.425599	-26.175565	-1.415685	-0.00279
39.27666325	-26.17699475	-1.44593225	0.00053925
39.1277275	-26.1784245	-1.4761795	0.0038685
38.97879175	-26.17985425	-1.50642675	0.00719775
38.829856	-26.181284	-1.536674	0.010527
38.67105	-26.1766155	-1.56935825	0.01477825
38.512244	-26.171947	-1.6020425	0.0190295
38.353438	-26.1672785	-1.63472675	0.02328075
38.194632	-26.16261	-1.667411	0.027532
38.0255455	-26.15154075	-1.70278125	0.032812
37.856459	-26.1404715	-1.7381515	0.038092
37.6873725	-26.12940225	-1.77352175	0.043372
37.518286	-26.118333	-1.808892	0.048652
37.33849125	-26.1005415	-1.84720275	0.0550575
37.1586965	-26.08275	-1.8855135	0.061463
36.97890175	-26.0649585	-1.92382425	0.0678685
36.799107	-26.047167	-1.962135	0.074274
36.608165	-26.022315	-2.00364175	0.08188625
36.417223	-25.997463	-2.0451485	0.0894985
36.226281	-25.972611	-2.08665525	0.09711075
36.035339	-25.947759	-2.128162	0.104723
35.83280875	-25.915493	-2.17311525	0.11359825
35.6302785	-25.883227	-2.2180685	0.1224735
35.42774825	-25.850961	-2.26302175	0.13134875
35.225218	-25.818695	-2.307975	0.140224
35.01066625	-25.77865025	-2.35661125	0.15038425
34.7961145	-25.7386055	-2.4052475	0.1605445
34.58156275	-25.69856075	-2.45388375	0.17070475
34.367011	-25.658516	-2.50252	0.180865
34.14002675	-25.61032175	-2.5550525	0.19228675
33.9130425	-25.5621275	-2.607585	0.2037085
33.68605825	-25.51393325	-2.6601175	0.21513025
33.459074	-25.465739	-2.71265	0.226552
33.21928225	-25.40902275	-2.769258	0.23915325
32.9794905	-25.3523065	-2.825866	0.2517545
32.73969875	-25.29559025	-2.882474	0.26435575
32.499907	-25.238874	-2.939082	0.276957
32.24698975	-25.17327	-2.999897	0.29058275
31.9940725	-25.107666	-3.060712	0.3042085
31.74115525	-25.042062	-3.121527	0.31783425
31.488238	-24.976458	-3.182342	0.33146
31.22195425	-24.90161575	-3.2474325	0.34586575
30.9556705	-24.8267735	-3.312523	0.3602715
30.68938675	-24.75193125	-3.3776135	0.37467725
30.423103	-24.677089	-3.442704	0.389083
30.1433145	-24.59268375	-3.5120595	0.40391825
29.863526	-24.5082785	-3.581415	0.4187535
29.5837375	-24.42387325	-3.6507705	0.43358875
29.303949	-24.339468	-3.720126	0.448424
29.01064625	-24.2452125	-3.79363825	0.46321375
28.7173435	-24.150957	-3.8671505	0.4780035
28.42404075	-24.0567015	-3.94066275	0.49279325
28.130738	-23.962446	-4.014175	0.507583
27.82407175	-23.858104	-4.09161775	0.5217085
27.5174055	-23.753762	-4.1690605	0.535834
27.21073925	-23.64942	-4.24650325	0.5499595
26.904073	-23.545078	-4.323946	0.564085
26.584386	-23.43048025	-4.40495625	0.57676675
26.264699	-23.3158825	-4.4859665	0.5894485
25.945012	-23.20128475	-4.56697675	0.60213025
25.625325	-23.086687	-4.647987	0.614812
25.2931845	-22.961748	-4.732042	0.62509075
24.961044	-22.836809	-4.816097	0.6353695
24.6289035	-22.71187	-4.900152	0.64564825
24.296763	-22.586931	-4.984207	0.655927
23.95299525	-22.45166525	-5.0706065	0.6626485
23.6092275	-22.3163995	-5.157006	0.66937
23.26545975	-22.18113375	-5.2434055	0.6760915
22.921692	-22.045868	-5.329805	0.682813
22.56741525	-21.90041025	-5.417651	0.684616
22.2131385	-21.7549525	-5.505497	0.686419
21.85886175	-21.60949475	-5.593343	0.688222
21.504585	-21.464037	-5.681189	0.690025
21.1412405	-21.30865975	-5.76937025	0.68533375
20.777896	-21.1532825	-5.8575515	0.6806425
20.4145515	-20.99790525	-5.94573275	0.67595125
20.051207	-20.842528	-6.033914	0.67126
19.680583	-20.67766	-6.121096	0.658282
19.309959	-20.512792	-6.208278	0.645304
18.939335	-20.347924	-6.29546	0.632326
18.568711	-20.183056	-6.382642	0.619348
18.19296325	-20.009298	-6.46726025	0.59608175
17.8172155	-19.83554	-6.5518785	0.5728155
17.44146775	-19.661782	-6.63649675	0.54954925
17.06572	-19.488024	-6.721115	0.526283
16.68737975	-19.3061615	-6.80138	0.490536
16.3090395	-19.124299	-6.881645	0.454789
15.93069925	-18.9424365	-6.96191	0.419042
15.552359	-18.760574	-7.042175	0.383295
15.174327	-18.571588	-7.11608525	0.3327145
14.796295	-18.382602	-7.1899955	0.282134
14.418263	-18.193616	-7.26390575	0.2315535
14.040231	-18.00463	-7.337816	0.180973
13.6657565	-17.8096985	-7.4031865	0.1130935
13.291282	-17.614767	-7.468557	0.045214
12.9168075	-17.4198355	-7.5339275	-0.0226655
12.542333	-17.224904	-7.599298	-0.090545
12.174967	-17.0253965	-7.65380525	-0.178236
11.807601	-16.825889	-7.7083125	-0.265927
11.440235	-16.6263815	-7.76281975	-0.353618
11.072869	-16.426874	-7.817327	-0.441309
10.71639125	-16.2243355	-7.858574	-0.5512825
10.3599135	-16.021797	-7.899821	-0.661256
10.00343575	-15.8192585	-7.941068	-0.7712295
9.646958	-15.61672	-7.982315	-0.881203
9.3052725	-15.41284225	-8.0079185	-1.01577425
8.963587	-15.2089645	-8.033522	-1.1503455
8.6219015	-15.00508675	-8.0591255	-1.28491675
8.280216	-14.801209	-8.084729	-1.419488
7.9572025	-14.59778175	-8.09243725	-1.580676
7.634189	-14.3943545	-8.1001455	-1.741864
7.3111755	-14.19092725	-8.10785375	-1.903052
6.988162	-13.9875	-8.115562	-2.06424
6.687481	-13.78634425	-8.10340075	-2.2535925
6.3868	-13.5851885	-8.0912395	-2.442945
6.086119	-13.38403275	-8.07907825	-2.6322975
5.785438	-13.182877	-8.066917	-2.82165
5.51025475	-12.98573775	-8.0333715	-3.04003825
5.2350715	-12.7885985	-7.999826	-3.2584265
4.95988825	-12.59145925	-7.9662805	-3.47681475
4.684705	-12.39432	-7.932735	-3.695203
4.43732975	-12.2027245	-7.876955	-3.9425785
4.1899545	-12.011129	-7.821175	-4.189954
3.94257925	-11.8195335	-7.765395	-4.4373295
3.695204	-11.627938	-7.709615	-4.684705