-0.960494	0.541078	0.028998	0.000004	
-0.729854	0.434296	0.026000	0.000004	
-0.398957	0.277159	0.021024	0.000005	
0.049313	0.060704	0.013669	0.000005	
0.632502	-0.224351	0.003510	0.000004	
1.368010	-0.587321	-0.009897	0.000004	
2.272331	-1.037184	-0.026994	0.000003	
3.360103	-1.582113	-0.048212	0.000002	
4.642944	-2.228895	-0.073942	0.000001	
6.128057	-2.982230	-0.104513	-0.000001	
7.816584	-3.843905	-0.140154	-0.000003	
9.702239	-4.812091	-0.180966	-0.000006	
11.771576	-5.881447	-0.226901	-0.000010	
14.006183	-7.044179	-0.277784	-0.000015	
16.385188	-8.291248	-0.333340	-0.000020	
18.886877	-9.613152	-0.393231	-0.000026	
21.489670	-11.000388	-0.457080	-0.000032	
24.172784	-12.443772	-0.524499	-0.000040	
26.916690	-13.934664	-0.595099	-0.000048	
29.703397	-15.465102	-0.668509	-0.000057	
32.516605	-17.027888	-0.744383	-0.000065	
35.341755	-18.616612	-0.822407	-0.000074	
38.166006	-20.225651	-0.902304	-0.000083	
40.978157	-21.850128	-0.983836	-0.000091	
43.768516	-23.485862	-1.066802	-0.000098	
46.528765	-25.129295	-1.151042	-0.000102	
49.251788	-26.777417	-1.236429	-0.000104	
51.931512	-28.427682	-1.322871	-0.000103	
54.562737	-30.077923	-1.410307	-0.000096	
57.140983	-31.726273	-1.498703	-0.000084	
59.662341	-33.371083	-1.588049	-0.000064	
62.123343	-35.010850	-1.678357	-0.000036	
64.520848	-36.644147	-1.769656	0.000002	
66.851937	-38.269566	-1.861990	0.000052	
69.113837	-39.885655	-1.955415	0.000115	
71.303851	-41.490878	-2.049998	0.000192	
73.419310	-43.083570	-2.145813	0.000285	
75.457535	-44.661906	-2.242940	0.000395	
77.415816	-46.223872	-2.341463	0.000523	
79.291402	-47.767248	-2.441469	0.000668	
81.081498	-49.289594	-2.543048	0.000830	
82.783279	-50.788243	-2.646291	0.001008	
84.393900	-52.260303	-2.751286	0.001199	
85.910522	-53.702663	-2.858125	0.001399	
87.330335	-55.112005	-2.966896	0.001603	
88.650592	-56.484824	-3.077688	0.001804	
89.868635	-57.817449	-3.190588	0.001994	
90.981928	-59.106077	-3.305680	0.002159	
91.988089	-60.346802	-3.423049	0.002287	
92.884918	-61.535657	-3.542776	0.002361	
93.670425	-62.668652	-3.664943	0.002360	
94.342848	-63.741819	-3.789629	0.002263	
94.900683	-64.751257	-3.916911	0.002044	
95.342686	-65.693178	-4.046868	0.001675	
95.667895	-66.563950	-4.179575	0.001125	
95.875624	-67.360147	-4.315110	0.000360	
95.965472	-68.078580	-4.453549	-0.000653	
95.937309	-68.716342	-4.594971	-0.001948	
95.791273	-69.270836	-4.739457	-0.003560	
95.527747	-69.739802	-4.887090	-0.005519	
95.147341	-70.121336	-5.037960	-0.007850	
94.650867	-70.413906	-5.192162	-0.010573	
94.039310	-70.616352	-5.349799	-0.013697	
93.313798	-70.727890	-5.510986	-0.017215	
92.475563	-70.748099	-5.675850	-0.021105	
91.525910	-70.676904	-5.844534	-0.025321	
90.466177	-70.514561	-6.017200	-0.029791	
89.297700	-70.261620	-6.194034	-0.034410	
88.021779	-69.918900	-6.375246	-0.039035	
86.639646	-69.487454	-6.561077	-0.043479	
85.152433	-68.968529	-6.751802	-0.047504	
83.561157	-68.363531	-6.947732	-0.050820	
81.866701	-67.673993	-7.149221	-0.053073	
80.069810	-66.901540	-7.356664	-0.053846	
78.171099	-66.047863	-7.570505	-0.052658	
76.171071	-65.114700	-7.791233	-0.048955	
74.070160	-64.103825	-8.019385	-0.042123	
71.868781	-63.017047	-8.255542	-0.031483	
69.567412	-61.856222	-8.500325	-0.016308	
67.166690	-60.623279	-8.754389	0.004169	
64.667545	-59.320259	-9.018409	0.030731	
62.071350	-57.949371	-9.293068	0.064151	
59.380105	-56.513069	-9.579039	0.105161	
56.596650	-55.014141	-9.876955	0.154404	
53.724909	-53.455814	-10.187383	0.212385	
50.770151	-51.841879	-10.510787	0.279403	
47.739282	-50.176830	-10.847480	0.355484	
44.641148	-48.466004	-11.197580	0.440289	
41.486842	-46.715736	-11.560945	0.533020	
38.290003	-44.933507	-11.937115	0.632311	
35.067091	-43.128082	-12.325234	0.736111	
31.837608	-41.309622	-12.723979	0.841559	
28.624243	-39.489766	-13.131474	0.944853	
25.452896	-37.681644	-13.545213	1.041115	
22.352523	-35.899813	-13.961971	1.124268	
19.354749	-34.160073	-14.377734	1.186911	
16.493124	-32.479103	-14.787623	1.220221	
13.801841	-30.873840	-15.185848	1.213876	
11.313264	-29.360252	-15.565668	1.156023	
9.053759	-27.951273	-15.919394	1.033290	
7.039755	-26.654850	-16.238419	0.830870	
5.276805	-25.473493	-16.513305	0.532687	
3.761310	-24.405151	-16.733921	0.121664	
2.482775	-23.444363	-16.889664	-0.419882	
1.425745	-22.583246	-16.969758	-1.109710	
0.571454	-21.812330	-16.963654	-1.964945	
-0.100813	-21.121258	-16.861543	-3.001188	
-0.612621	-20.499346	-16.655002	-4.231417	
-0.985506	-19.936029	-16.337772	-5.664651	
-1.240311	-19.421190	-15.906693	-7.304375	
-1.396695	-18.945434	-15.362750	-9.146705	
-1.472797	-18.500363	-14.711778	-11.178995	
-1.485021	-18.078809	-13.963946	-13.380609	
-1.447932	-17.674898	-13.132020	-15.726118	
-1.374229	-17.283957	-12.229627	-18.188634	
-1.274785	-16.902361	-11.270247	-20.741762	
-1.158734	-16.527393	-10.266670	-23.360607	
-1.033592	-16.157107	-9.230673	-26.022374	
-0.905401	-15.790193	-8.172823	-28.706696	
-0.778884	-15.425862	-7.102396	-31.395770	
-0.657607	-15.063739	-6.027353	-34.074356	
-0.544137	-14.703765	-4.954380	-36.729676	
-0.440198	-14.346119	-3.888955	-39.351249	
-0.346810	-13.991148	-2.835446	-41.930682	
-0.264425	-13.639306	-1.797220	-44.461440	
-0.193047	-13.291106	-0.776758	-46.938600	
-0.132332	-12.947087	0.224227	-49.358614	
-0.081684	-12.607777	1.204673	-51.719075	
-0.040333	-12.273675	2.164068	-54.018506	
-0.007396	-11.945237	3.102343	-56.256159	
0.018066	-11.622860	4.019788	-58.431841	
0.037004	-11.306879	4.916967	-60.545760	
0.050354	-10.997566	5.794654	-62.598393	
0.059004	-10.695127	6.653767	-64.590375	
0.063785	-10.399708	7.495321	-66.522408	
0.065452	-10.111396	8.320384	-68.395188	
0.064682	-9.830225	9.130046	-70.209352	
0.062068	-9.556182	9.925384	-71.965428	
0.058124	-9.289213	10.707446	-73.663817	
0.053285	-9.029229	11.477231	-75.304763	
0.047912	-8.776113	12.235673	-76.888350	
0.042297	-8.529722	12.983633	-78.414499	
0.036673	-8.289896	13.721888	-79.882969	
0.031218	-8.056462	14.451127	-81.293366	
0.026062	-7.829237	15.171941	-82.645154	
0.021298	-7.608029	15.884825	-83.937668	
0.016983	-7.392647	16.590166	-85.170133	
0.013146	-7.182898	17.288246	-86.341674	
0.009795	-6.978589	17.979233	-87.451337	
0.006922	-6.779534	18.663182	-88.498108	
0.004505	-6.585548	19.340032	-89.480925	
0.002513	-6.396453	20.009599	-90.398696	
0.000908	-6.212078	20.671581	-91.250319	
-0.000350	-6.032257	21.325551	-92.034692	
-0.001302	-5.856831	21.970958	-92.750729	
-0.001991	-5.685649	22.607130	-93.397377	
-0.002457	-5.518565	23.233274	-93.973625	
-0.002736	-5.355441	23.848479	-94.478519	
-0.002865	-5.196143	24.451721	-94.911173	
-0.002874	-5.040545	25.041869	-95.270777	
-0.002791	-4.888524	25.617691	-95.556610	
-0.002640	-4.739965	26.177865	-95.768045	
-0.002442	-4.594754	26.720990	-95.904556	
-0.002213	-4.452783	27.245592	-95.965724	
-0.001969	-4.313948	27.750142	-95.951238	
-0.001721	-4.178146	28.233066	-95.860900	
-0.001477	-4.045278	28.692757	-95.694619	
-0.001243	-3.915249	29.127588	-95.452408	
-0.001026	-3.787962	29.535929	-95.134380	
-0.000827	-3.663325	29.916149	-94.740732	
-0.000649	-3.541245	30.266634	-94.271738	
-0.000492	-3.421631	30.585792	-93.727727	
-0.000357	-3.304393	30.872056	-93.109063	
-0.000242	-3.189440	31.123894	-92.416119	
-0.000146	-3.076682	31.339799	-91.649252	
-0.000068	-2.966028	31.518298	-90.808765	
-0.000007	-2.857388	31.657938	-89.894873	
0.000041	-2.750671	31.757278	-88.907668	
0.000076	-2.645786	31.814881	-87.847071	
0.000100	-2.542642	31.829298	-86.712792	
0.000116	-2.441148	31.799051	-85.504292	
0.000124	-2.341215	31.722617	-84.220736	
0.000127	-2.242753	31.598408	-82.860957	
0.000125	-2.145677	31.424758	-81.423425	
0.000119	-2.049903	31.199907	-79.906225	
0.000111	-1.955352	30.921991	-78.307042	
0.000102	-1.861953	30.589035	-76.623163	
0.000091	-1.769640	30.198960	-74.851502	
0.000080	-1.678358	29.749595	-72.988644	
0.000070	-1.588066	29.238701	-71.030912	
0.000059	-1.498735	28.664018	-68.974477	
0.000049	-1.410356	28.023317	-66.815496	
0.000040	-1.322940	27.314483	-64.550292	
0.000032	-1.236522	26.535618	-62.175586	
0.000025	-1.151166	25.685163	-59.688764	
0.000018	-1.066965	24.762055	-57.088211	
0.000013	-0.984046	23.765902	-54.373679	
0.000008	-0.902570	22.697187	-51.546718	
0.000004	-0.822740	21.557501	-48.611137	
0.000001	-0.744793	20.349786	-45.573509	
-0.000001	-0.669007	19.078601	-42.443694	
-0.000003	-0.595695	17.750383	-39.235351	
-0.000004	-0.525201	16.373708	-35.966437	
-0.000005	-0.457895	14.959514	-32.659621	
-0.000005	-0.394161	13.521271	-29.342583	
-0.000006	-0.334386	12.075066	-26.048110	
-0.000006	-0.278941	10.639539	-22.813897	
-0.000005	-0.228156	9.235602	-19.681890	
-0.000005	-0.182299	7.885807	-16.696906	
-0.000005	-0.141536	6.612874	-13.903545	
-0.000004	-0.105902	5.436916	-11.340528	
-0.000004	-0.075285	4.372583	-9.034942	
-0.000003	-0.049440	3.428069	-7.000380	
-0.000003	-0.028022	2.605908	-5.238722	
-0.000003	-0.010622	1.904178	-3.742731	
-0.000002	0.003209	1.317549	-2.498307	
-0.000002	0.013935	0.838186	-1.486411	
-0.000002	0.022019	0.456504	-0.684662	
-0.000001	0.027907	0.161781	-0.068647	
-0.000001	0.032018	-0.057340	0.387041	