-0.780005	0.449998	0.028999	3e-06
-0.732693	0.42832325	0.02824925	3e-06
-0.685381	0.4066485	0.0274995	3e-06
-0.638069	0.38497375	0.02674975	3e-06
-0.590757	0.363299	0.026	3e-06
-0.52296125	0.3312945	0.024756	3e-06
-0.4551655	0.29929	0.023512	3e-06
-0.38736975	0.2672855	0.022268	3e-06
-0.319574	0.235281	0.021024	3e-06
-0.227806	0.19109775	0.0191855	3e-06
-0.136038	0.1469145	0.017347	3e-06
-0.04427	0.10273125	0.0155085	3e-06
0.047498	0.058548	0.01367	3e-06
0.16681375	0.00027025	0.01113	3e-06
0.2861295	-0.0580075	0.00859	3e-06
0.40544525	-0.11628525	0.00605	3e-06
0.524761	-0.174563	0.00351	3e-06
0.67516675	-0.2488605	0.0001585	3e-06
0.8255725	-0.323158	-0.003193	3e-06
0.97597825	-0.3974555	-0.0065445	3e-06
1.126384	-0.471753	-0.009896	3e-06
1.31123525	-0.5639305	-0.0141705	3e-06
1.4960865	-0.656108	-0.018445	3e-06
1.68093775	-0.7482855	-0.0227195	3e-06
1.865789	-0.840463	-0.026994	3e-06
2.08805925	-0.9522175	-0.0322985	3e-06
2.3103295	-1.063972	-0.037603	3e-06
2.53259975	-1.1757265	-0.0429075	3e-06
2.75487	-1.287481	-0.048212	3e-06
3.01691275	-1.4202295	-0.05464475	2.75e-06
3.2789555	-1.552978	-0.0610775	2.5e-06
3.54099825	-1.6857265	-0.06751025	2.25e-06
3.803041	-1.818475	-0.073943	2e-06
4.106305	-1.9732095	-0.08158575	1.75e-06
4.409569	-2.127944	-0.0892285	1.5e-06
4.712833	-2.2826785	-0.09687125	1.25e-06
5.016097	-2.437413	-0.104514	1e-06
5.36079	-2.61453075	-0.1134245	7.5e-07
5.705483	-2.7916485	-0.122335	5e-07
6.050176	-2.96876625	-0.1312455	2.5e-07
6.394869	-3.145884	-0.140156	-0.0
6.77967875	-3.3450435	-0.150359	-5e-07
7.1644885	-3.544203	-0.160562	-1e-06
7.54929825	-3.7433625	-0.170765	-1.5e-06
7.934108	-3.942522	-0.180968	-2e-06
8.35625675	-4.16266225	-0.192452	-2.5e-06
8.7784055	-4.3828025	-0.203936	-3e-06
9.20055425	-4.60294275	-0.21542	-3.5e-06
9.622703	-4.823083	-0.226904	-4e-06
10.0783955	-5.0626365	-0.239625	-4.75e-06
10.534088	-5.30219	-0.252346	-5.5e-06
10.9897805	-5.5417435	-0.265067	-6.25e-06
11.445473	-5.781297	-0.277788	-7e-06
11.9304085	-6.03843525	-0.29167725	-7.75e-06
12.415344	-6.2955735	-0.3055665	-8.5e-06
12.9002795	-6.55271175	-0.31945575	-9.25e-06
13.385215	-6.80985	-0.333345	-1e-05
13.89491875	-7.082641	-0.348318	-1.075e-05
14.4046225	-7.355432	-0.363291	-1.15e-05
14.91432625	-7.628223	-0.378264	-1.225e-05
15.42403	-7.901014	-0.393237	-1.3e-05
15.954052	-8.187515	-0.40919975	-1.4e-05
16.484074	-8.474016	-0.4251625	-1.5e-05
17.014096	-8.760517	-0.44112525	-1.6e-05
17.544118	-9.047018	-0.457088	-1.7e-05
18.09017025	-9.34534225	-0.473943	-1.825e-05
18.6362225	-9.6436665	-0.490798	-1.95e-05
19.18227475	-9.94199075	-0.507653	-2.075e-05
19.728327	-10.240315	-0.524508	-2.2e-05
20.286377	-10.5486745	-0.54215825	-2.325e-05
20.844427	-10.857034	-0.5598085	-2.45e-05
21.402477	-11.1653935	-0.57745875	-2.575e-05
21.960527	-11.473753	-0.595109	-2.7e-05
22.5268565	-11.790489	-0.61346175	-2.85e-05
23.093186	-12.107225	-0.6318145	-3e-05
23.6595155	-12.423961	-0.65016725	-3.15e-05
24.225845	-12.740697	-0.66852	-3.3e-05
24.797082	-13.0642955	-0.68748875	-3.45e-05
25.368319	-13.387894	-0.7064575	-3.6e-05
25.939556	-13.7114925	-0.72542625	-3.75e-05
26.510793	-14.035091	-0.744395	-3.9e-05
27.08392275	-14.36419025	-0.76390125	-4.075e-05
27.6570525	-14.6932895	-0.7834075	-4.25e-05
28.23018225	-15.02238875	-0.80291375	-4.425e-05
28.803312	-15.351488	-0.82242	-4.6e-05
29.37567375	-15.68487775	-0.8423945	-4.75e-05
29.9480355	-16.0182675	-0.862369	-4.9e-05
30.52039725	-16.35165725	-0.8823435	-5.05e-05
31.092759	-16.685047	-0.902318	-5.2e-05
31.662029	-17.02166175	-0.92270125	-5.35e-05
32.231299	-17.3582765	-0.9430845	-5.5e-05
32.800569	-17.69489125	-0.96346775	-5.65e-05
33.369839	-18.031506	-0.983851	-5.8e-05
33.934007	-18.370416	-1.0045925	-5.95e-05
34.498175	-18.709326	-1.025334	-6.1e-05
35.062343	-19.048236	-1.0460755	-6.25e-05
35.626511	-19.387146	-1.066817	-6.4e-05
36.1838505	-19.72754275	-1.08787675	-6.525e-05
36.74119	-20.0679395	-1.1089365	-6.65e-05
37.2985295	-20.40833625	-1.12999625	-6.775e-05
37.855869	-20.748733	-1.151056	-6.9e-05
38.404905	-21.089916	-1.1724025	-7e-05
38.953941	-21.431099	-1.193749	-7.1e-05
39.502977	-21.772282	-1.2150955	-7.2e-05
40.052013	-22.113465	-1.236442	-7.3e-05
40.59148825	-22.45482525	-1.258052	-7.35e-05
41.1309635	-22.7961855	-1.279662	-7.4e-05
41.67043875	-23.13754575	-1.301272	-7.45e-05
42.209914	-23.478906	-1.322882	-7.5e-05
42.73875575	-23.81991025	-1.34474025	-7.475e-05
43.2675975	-24.1609145	-1.3665985	-7.45e-05
43.79643925	-24.50191875	-1.38845675	-7.425e-05
44.325281	-24.842923	-1.410315	-7.4e-05
44.84257025	-25.1831	-1.432413	-7.3e-05
45.3598595	-25.523277	-1.454511	-7.2e-05
45.87714875	-25.863454	-1.476609	-7.1e-05
46.394438	-26.203631	-1.498707	-7e-05
46.89937875	-26.54255475	-1.52104225	-6.825e-05
47.4043195	-26.8814785	-1.5433775	-6.65e-05
47.90926025	-27.22040225	-1.56571275	-6.475e-05
48.414201	-27.559326	-1.588048	-6.3e-05
48.90609325	-27.89660375	-1.610623	-5.975e-05
49.3979855	-28.2338815	-1.633198	-5.65e-05
49.88987775	-28.57115925	-1.655773	-5.325e-05
50.38177	-28.908437	-1.678348	-5e-05
50.85998825	-29.243697	-1.70117025	-4.525e-05
51.3382065	-29.578957	-1.7239925	-4.05e-05
51.81642475	-29.914217	-1.74681475	-3.575e-05
52.294643	-30.249477	-1.769637	-3.1e-05
52.75861375	-30.5823565	-1.79271775	-2.45e-05
53.2225845	-30.915236	-1.8157985	-1.8e-05
53.68655525	-31.2481155	-1.83887925	-1.15e-05
54.150526	-31.580995	-1.86196	-5e-06
54.59971125	-31.911132	-1.88531275	3.25e-06
55.0488965	-32.241269	-1.9086655	1.15e-05
55.49808175	-32.571406	-1.93201825	1.975e-05
55.947267	-32.901543	-1.955371	2.8e-05
56.3811515	-33.228568	-1.97901275	3.875e-05
56.815036	-33.555593	-2.0026545	4.95e-05
57.2489205	-33.882618	-2.02629625	6.025e-05
57.682805	-34.209643	-2.049938	7.1e-05
58.10088475	-34.53317175	-2.073887	8.45e-05
58.5189645	-34.8567005	-2.097836	9.8e-05
58.93704425	-35.18022925	-2.121785	0.0001115
59.355124	-35.503758	-2.145734	0.000125
59.75689825	-35.82338725	-2.17001025	0.000141
60.1586725	-36.1430165	-2.1942865	0.000157
60.56044675	-36.46264575	-2.21856275	0.000173
60.962221	-36.782275	-2.242839	0.000189
61.34718725	-37.097578	-2.26746375	0.000208
61.7321535	-37.412881	-2.2920885	0.000227
62.11711975	-37.728184	-2.31671325	0.000246
62.502086	-38.043487	-2.341338	0.000265
62.86973725	-38.354011	-2.36633325	0.00028725
63.2373885	-38.664535	-2.3913285	0.0003095
63.60503975	-38.975059	-2.41632375	0.00033175
63.972691	-39.285583	-2.441319	0.000354
64.32251425	-39.59084825	-2.46670675	0.00037925
64.6723375	-39.8961135	-2.4920945	0.0004045
65.02216075	-40.20137875	-2.51748225	0.00042975
65.371984	-40.506644	-2.54287	0.000455
65.7034615	-40.8061425	-2.5686735	0.0004835
66.034939	-41.105641	-2.594477	0.000512
66.3664165	-41.4051395	-2.6202805	0.0005405
66.697894	-41.704638	-2.646084	0.000569
67.01050475	-41.9978355	-2.6723255	0.00060025
67.3231155	-42.291033	-2.698567	0.0006315
67.63572625	-42.5842305	-2.7248085	0.00066275
67.948337	-42.877428	-2.75105	0.000694
68.2415605	-43.163764	-2.7777525	0.00072775
68.534784	-43.4501	-2.804455	0.0007615
68.8280075	-43.736436	-2.8311575	0.00079525
69.121231	-44.022772	-2.85786	0.000829
69.39455025	-44.301663	-2.88504625	0.00086475
69.6678695	-44.580554	-2.9122325	0.0009005
69.94118875	-44.859445	-2.93941875	0.00093625
70.214508	-45.138336	-2.966605	0.000972
70.467415	-45.409178	-2.9942975	0.0010085
70.720322	-45.68002	-3.02199	0.001045
70.973229	-45.950862	-3.0496825	0.0010815
71.226136	-46.221704	-3.077375	0.001118
71.45813625	-46.48387725	-3.10559575	0.0011545
71.6901365	-46.7460505	-3.1338165	0.001191
71.92213675	-47.00822375	-3.16203725	0.0012275
72.154137	-47.270397	-3.190258	0.001264
72.3647535	-47.5232685	-3.21902875	0.0012985
72.57537	-47.77614	-3.2477995	0.001333
72.7859865	-48.0290115	-3.27657025	0.0013675
72.996603	-48.281883	-3.305341	0.001402
73.185382	-48.52481225	-3.334684	0.00143275
73.374161	-48.7677415	-3.364027	0.0014635
73.56294	-49.01067075	-3.39337	0.00149425
73.751719	-49.2536	-3.422713	0.001525
73.9182335	-49.485944	-3.45264925	0.00154975
74.084748	-49.718288	-3.4825855	0.0015745
74.2512625	-49.950632	-3.51252175	0.00159925
74.417777	-50.182976	-3.542458	0.001624
74.56163125	-50.40409275	-3.57300875	0.00163975
74.7054855	-50.6252095	-3.6035595	0.0016555
74.84933975	-50.84632625	-3.63411025	0.00167125
74.993194	-51.067443	-3.664661	0.001687
75.114026	-51.276699	-3.695847	0.00169
75.234858	-51.485955	-3.727033	0.001693
75.35569	-51.695211	-3.758219	0.001696
75.476522	-51.904467	-3.789405	0.001699
75.574006	-52.10124	-3.821247	0.001686
75.67149	-52.298013	-3.853089	0.001673
75.768974	-52.494786	-3.884931	0.00166
75.866458	-52.691559	-3.916773	0.001647
75.94030625	-52.875244	-3.9492915	0.001613
76.0141545	-53.058929	-3.98181	0.001579
76.08800275	-53.242614	-4.0143285	0.001545
76.161851	-53.426299	-4.046847	0.001511
76.21181475	-53.59631325	-4.08006225	0.001451
76.2617785	-53.7663275	-4.1132775	0.001391
76.31174225	-53.93634175	-4.14649275	0.001331
76.361706	-54.106356	-4.179708	0.001271
76.38757325	-54.2621415	-4.2136405	0.00118
76.4134405	-54.417927	-4.247573	0.001089
76.43930775	-54.5737125	-4.2815055	0.000998
76.465175	-54.729498	-4.315438	0.000907
76.4667715	-54.870527	-4.35010825	0.00077875
76.468368	-55.011556	-4.3847785	0.0006505
76.4699645	-55.152585	-4.41944875	0.00052225
76.471561	-55.293614	-4.454119	0.000394
76.44874525	-55.41939125	-4.48954775	0.00022275
76.4259295	-55.5451685	-4.5249765	5.15e-05
76.40311375	-55.67094575	-4.56040525	-0.00011975
76.380298	-55.796723	-4.595834	-0.000291
76.3329595	-55.90678775	-4.632042	-0.00051175
76.285621	-56.0168525	-4.66825	-0.0007325
76.2382825	-56.12691725	-4.704458	-0.00095325
76.190944	-56.236982	-4.740666	-0.001174
76.11899775	-56.33091	-4.777675	-0.00145025
76.0470515	-56.424838	-4.814684	-0.0017265
75.97510525	-56.518766	-4.851693	-0.00200275
75.903159	-56.612694	-4.888702	-0.002279
75.80654025	-56.690098	-4.9265345	-0.00261625
75.7099215	-56.767502	-4.964367	-0.0029535
75.61330275	-56.844906	-5.0021995	-0.00329075
75.516684	-56.92231	-5.040032	-0.003628
75.39534325	-56.9828405	-5.0787115	-0.00403125
75.2740025	-57.043371	-5.117391	-0.0044345
75.15266175	-57.1039015	-5.1560705	-0.00483775
75.031321	-57.164432	-5.19475	-0.005241
74.8852155	-57.207776	-5.2343015	-0.005714
74.73911	-57.25112	-5.273853	-0.006187
74.5930045	-57.294464	-5.3134045	-0.00666
74.446899	-57.337808	-5.352956	-0.007133
74.27598825	-57.3636875	-5.393406	-0.0076775
74.1050775	-57.389567	-5.433856	-0.008222
73.93416675	-57.4154465	-5.474306	-0.0087665
73.763256	-57.441326	-5.514756	-0.009311
73.56749325	-57.4494965	-5.5561335	-0.009927
73.3717305	-57.457667	-5.597511	-0.010543
73.17596775	-57.4658375	-5.6388885	-0.011159
72.980205	-57.474008	-5.680266	-0.011775
72.759531	-57.4642555	-5.72260275	-0.01245875
72.538857	-57.454503	-5.7649395	-0.0131425
72.318183	-57.4447505	-5.80727625	-0.01382625
72.097509	-57.434998	-5.849613	-0.01451
71.8518475	-57.4071375	-5.89294425	-0.01525475
71.606186	-57.379277	-5.9362755	-0.0159995
71.3605245	-57.3514165	-5.97960675	-0.01674425
71.114863	-57.323556	-6.022938	-0.017489
70.8441145	-57.27742775	-6.06730275	-0.0182825
70.573366	-57.2312995	-6.1116675	-0.019076
70.3026175	-57.18517125	-6.15603225	-0.0198695
70.031869	-57.139043	-6.200397	-0.020663
69.73590925	-57.074511	-6.245839	-0.02148775
69.4399495	-57.009979	-6.291281	-0.0223125
69.14398975	-56.945447	-6.336723	-0.02313725
68.84803	-56.880915	-6.382165	-0.023962
68.5267085	-56.79786475	-6.42873375	-0.0247945
68.205387	-56.7148145	-6.4753025	-0.025627
67.8840655	-56.63176425	-6.52187125	-0.0264595
67.562744	-56.548714	-6.56844	-0.027292
67.215887	-56.44705225	-6.61619075	-0.02809975
66.86903	-56.3453905	-6.6639415	-0.0289075
66.522173	-56.24372875	-6.71169225	-0.02971525
66.175316	-56.142067	-6.759443	-0.030523
65.80273175	-56.021722	-6.80843875	-0.03126625
65.4301475	-55.901377	-6.8574345	-0.0320095
65.05756325	-55.781032	-6.90643025	-0.03275275
64.684979	-55.660687	-6.955426	-0.033496
64.2864685	-55.5216115	-7.0057365	-0.034124
63.887958	-55.382536	-7.056047	-0.034752
63.4894475	-55.2434605	-7.1063575	-0.03538
63.090937	-55.104385	-7.156668	-0.036008
62.666308	-54.94656025	-7.20837225	-0.0364605
62.241679	-54.7887355	-7.2600765	-0.036913
61.81705	-54.63091075	-7.31178075	-0.0373655
61.392421	-54.473086	-7.363485	-0.037818
60.94150975	-54.29652875	-7.4166715	-0.0380225
60.4905985	-54.1199715	-7.469858	-0.038227
60.03968725	-53.94341425	-7.5230445	-0.0384315
59.588776	-53.766857	-7.576231	-0.038636
59.111474	-53.57163075	-7.630997	-0.0385085
58.634172	-53.3764045	-7.685763	-0.038381
58.15687	-53.18117825	-7.740529	-0.0382535
57.679568	-52.985952	-7.795295	-0.038126
57.175856	-52.77217975	-7.85174825	-0.03757025
56.672144	-52.5584075	-7.9082015	-0.0370145
56.168432	-52.34463525	-7.96465475	-0.03645875
55.66472	-52.130863	-8.021108	-0.035903
55.1347095	-51.89874425	-8.0793665	-0.03481125
54.604699	-51.6666255	-8.137625	-0.0337195
54.0746885	-51.43450675	-8.1958835	-0.03262775
53.544678	-51.202388	-8.254142	-0.031536
52.98866075	-50.9522215	-8.314333	-0.0297885
52.4326435	-50.702055	-8.374524	-0.028041
51.87662625	-50.4518885	-8.434715	-0.0262935
51.320609	-50.201722	-8.494906	-0.024546
50.73911425	-49.93392925	-8.55716525	-0.02201425
50.1576195	-49.6661365	-8.6194245	-0.0194825
49.57612475	-49.39834375	-8.68168375	-0.01695075
48.99463	-49.130551	-8.743943	-0.014419
48.388489	-48.845706	-8.808414	-0.01096675
47.782348	-48.560861	-8.872885	-0.0075145
47.176207	-48.276016	-8.937356	-0.00406225
46.570066	-47.991171	-9.001827	-0.00061
45.9404835	-47.6900335	-9.068659	0.00390325
45.310901	-47.388896	-9.135491	0.0084165
44.6813185	-47.0877585	-9.202323	0.01292975
44.051736	-46.786621	-9.269155	0.017443
43.40036725	-46.47017125	-9.33849875	0.02315675
42.7489985	-46.1537215	-9.4078425	0.0288705
42.09762975	-45.83727175	-9.47718625	0.03458425
41.446261	-45.520822	-9.54653	0.040298
40.7752925	-45.19029875	-9.61853575	0.04734575
40.104324	-44.8597755	-9.6905415	0.0543935
39.4333555	-44.52925225	-9.76254725	0.06144125
38.762387	-44.198729	-9.834553	0.068489
38.07461775	-43.855668	-9.909364	0.07699025
37.3868485	-43.512607	-9.984175	0.0854915
36.69907925	-43.169546	-10.058986	0.09399275
36.01131	-42.826485	-10.133797	0.102494
35.31022875	-42.47275475	-10.21154475	0.112546
34.6091475	-42.1190245	-10.2892925	0.122598
33.90806625	-41.76529425	-10.36704025	0.13265
33.206985	-41.411564	-10.444788	0.142702
32.49683925	-41.0493995	-10.525584	0.15436775
31.7866935	-40.687235	-10.60638	0.1660335
31.07654775	-40.3250705	-10.687176	0.17769925
30.366402	-39.962906	-10.767972	0.189365
29.65224975	-39.59493225	-10.85189975	0.202661
28.9380975	-39.2269585	-10.9358275	0.215957
28.22394525	-38.85898475	-11.01975525	0.229253
27.509793	-38.491011	-11.103683	0.242549
26.7975315	-38.120257	-11.190787	0.25743025
26.08527	-37.749503	-11.277891	0.2723115
25.3730085	-37.378749	-11.364995	0.28719275
24.660747	-37.007995	-11.452099	0.302074
23.95710025	-36.637886	-11.54237375	0.31841725
23.2534535	-36.267777	-11.6326485	0.3347605
22.54980675	-35.897668	-11.72292325	0.35110375
21.84616	-35.527559	-11.813198	0.367447
21.1586125	-35.16188375	-11.906574	0.3850315
20.471065	-34.7962085	-11.99995	0.402616
19.7835175	-34.43053325	-12.093326	0.4202005
19.09597	-34.064858	-12.186702	0.437785
18.43261775	-33.70769375	-12.28303275	0.4562715
17.7692655	-33.3505295	-12.3793635	0.474758
17.10591325	-32.99336525	-12.47569425	0.4932445
16.442561	-32.636201	-12.572025	0.511731
15.81184025	-32.29177825	-12.6710695	0.5306405
15.1811195	-31.9473555	-12.770114	0.54955
14.55039875	-31.60293275	-12.8691585	0.5684595
13.919678	-31.25851	-12.968203	0.587369
13.32985275	-30.93095775	-13.069611	0.606058
12.7400275	-30.6034055	-13.171019	0.624747
12.15020225	-30.27585325	-13.272427	0.643436
11.560377	-29.948301	-13.373835	0.662125
11.01867575	-29.64121625	-13.4771285	0.6797635
10.4769745	-29.3341315	-13.580422	0.697402
9.93527325	-29.02704675	-13.6837155	0.7150405
9.393572	-28.719962	-13.787009	0.732679
8.90522375	-28.43592875	-13.891566	0.74822575
8.4168755	-28.1518955	-13.996123	0.7637725
7.92852725	-27.86786225	-14.10068	0.77931925
7.440179	-27.583829	-14.205237	0.794866
7.00791725	-27.3241735	-14.31027475	0.80704675
6.5756555	-27.064518	-14.4153125	0.8192275
6.14339375	-26.8048625	-14.52035025	0.83140825
5.711132	-26.545207	-14.625388	0.843589
5.3353545	-26.31008025	-14.72994975	0.8508785
4.959577	-26.0749535	-14.8345115	0.858168
4.5837995	-25.83982675	-14.93907325	0.8654575
4.208022	-25.6047	-15.043635	0.872747
3.88726625	-25.393318	-15.14657675	0.87335325
3.5665105	-25.181936	-15.2495185	0.8739595
3.24575475	-24.970554	-15.35246025	0.87456575
2.924999	-24.759172	-15.455402	0.875172
2.656424	-24.57006075	-15.55538525	0.86702875
2.387849	-24.3809495	-15.6553685	0.8588855
2.119274	-24.19183825	-15.75535175	0.85074225
1.850699	-24.002727	-15.855335	0.842599
1.63049575	-23.83393175	-15.950826	0.823366
1.4102925	-23.6651365	-16.046317	0.804133
1.19008925	-23.49634125	-16.141808	0.7849
0.969886	-23.327546	-16.237299	0.765667