0.969886	-23.327546	-16.237299	0.765667
0.79362425	-23.17680875	-16.326573	0.73274225
0.6173625	-23.0260715	-16.415847	0.6998175
0.44110075	-22.87533425	-16.505121	0.66689275
0.264839	-22.724597	-16.594395	0.633968
0.12775025	-22.589502	-16.67555175	0.5845135
-0.0093385	-22.454407	-16.7567085	0.535059
-0.14642725	-22.319312	-16.83786525	0.4856045
-0.283516	-22.184217	-16.919022	0.43615
-0.38630975	-22.06231075	-16.99001425	0.36713575
-0.4891035	-21.9404045	-17.0610065	0.2981215
-0.59189725	-21.81849825	-17.13199875	0.22910725
-0.694691	-21.696592	-17.202991	0.160093
-0.767999	-21.58547625	-17.2616645	0.06836275
-0.841307	-21.4743605	-17.320338	-0.0233675
-0.914615	-21.36324475	-17.3790115	-0.11509775
-0.987923	-21.252129	-17.437685	-0.206828
-1.03635175	-21.149532	-17.48183825	-0.32446825
-1.0847805	-21.046935	-17.5259915	-0.4421085
-1.13320925	-20.944338	-17.57014475	-0.55974875
-1.181638	-20.841741	-17.614298	-0.677389
-1.209494	-20.74556925	-17.64176075	-0.824049
-1.23735	-20.6493975	-17.6692235	-0.970709
-1.265206	-20.55322575	-17.69668625	-1.117369
-1.293062	-20.457054	-17.724149	-1.264029
-1.304288	-20.3654275	-17.732885	-1.44258525
-1.315514	-20.273801	-17.741621	-1.6211415
-1.32674	-20.1821745	-17.750357	-1.79969775
-1.337966	-20.090548	-17.759093	-1.978254
-1.33610175	-20.00182025	-17.74732675	-2.19115825
-1.3342375	-19.9130925	-17.7355605	-2.4040625
-1.33237325	-19.82436475	-17.72379425	-2.61696675
-1.330509	-19.735637	-17.712028	-2.829871
-1.31867625	-19.6484035	-17.6784015	-3.07892075
-1.3068435	-19.56117	-17.644775	-3.3279705
-1.29501075	-19.4739365	-17.6111485	-3.57702025
-1.283178	-19.386703	-17.577522	-3.82607
-1.2640795	-19.2998045	-17.52127075	-4.112137
-1.244981	-19.212906	-17.4650195	-4.398204
-1.2258825	-19.1260075	-17.40876825	-4.684271
-1.206784	-19.039109	-17.352517	-4.970338
-1.182717	-18.951652	-17.273605	-5.29311325
-1.15865	-18.864195	-17.194693	-5.6158885
-1.134583	-18.776738	-17.115781	-5.93866375
-1.110516	-18.689281	-17.036869	-6.261439
-1.083396	-18.600654	-16.9359885	-6.6193775
-1.056276	-18.512027	-16.835108	-6.977316
-1.029156	-18.4234	-16.7342275	-7.3352545
-1.002036	-18.334773	-16.633347	-7.693193
-0.97342575	-18.24463325	-16.51177325	-8.0837355
-0.9448155	-18.1544935	-16.3901995	-8.474278
-0.91620525	-18.06435375	-16.26862575	-8.8648205
-0.887595	-17.974214	-16.147052	-9.255363
-0.85873825	-17.88244	-16.00645575	-9.67526675
-0.8298815	-17.790666	-15.8658595	-10.0951705
-0.80102475	-17.698892	-15.72526325	-10.51507425
-0.772168	-17.607118	-15.584667	-10.934978
-0.744025	-17.513758	-15.42696275	-11.380594
-0.715882	-17.420398	-15.2692585	-11.82621
-0.687739	-17.327038	-15.11155425	-12.271826
-0.659596	-17.233678	-14.95385	-12.717442
-0.63288	-17.13890725	-14.78108075	-13.18492125
-0.606164	-17.0441365	-14.6083115	-13.6524005
-0.579448	-16.94936575	-14.43554225	-14.11987975
-0.552732	-16.854595	-14.262773	-14.587359
-0.527945	-16.7586765	-14.07701675	-15.07281925
-0.503158	-16.662758	-13.8912605	-15.5582795
-0.478371	-16.5668395	-13.70550425	-16.04373975
-0.453584	-16.470921	-13.519748	-16.5292
-0.43105	-16.3741745	-13.32304625	-17.02884925
-0.408516	-16.277428	-13.1263445	-17.5284985
-0.385982	-16.1806815	-12.92964275	-18.02814775
-0.363448	-16.083935	-12.732941	-18.527797
-0.34334425	-15.9867115	-12.52724575	-19.038027
-0.3232405	-15.889488	-12.3215505	-19.548257
-0.30313675	-15.7922645	-12.11585525	-20.058487
-0.283033	-15.695041	-11.91016	-20.568717
-0.26542025	-15.597701	-11.6972945	-21.08616875
-0.2478075	-15.500361	-11.484429	-21.6036205
-0.23019475	-15.403021	-11.2715635	-22.12107225
-0.212582	-15.305681	-11.058698	-22.638524
-0.197428	-15.20857975	-10.84033125	-23.1601285
-0.182274	-15.1114785	-10.6219645	-23.681733
-0.16712	-15.01437725	-10.40359775	-24.2033375
-0.151966	-14.917276	-10.185231	-24.724942
-0.1391695	-14.82075025	-9.962864	-25.247943
-0.126373	-14.7242245	-9.740497	-25.770944
-0.1135765	-14.62769875	-9.51813	-26.293945
-0.10078	-14.531173	-9.295763	-26.816946
-0.09018975	-14.4355335	-9.0707215	-27.33890675
-0.0795995	-14.339894	-8.84568	-27.8608675
-0.06900925	-14.2442545	-8.6206385	-28.38282825
-0.058419	-14.148615	-8.395597	-28.904789
-0.04985	-14.05414	-8.16903325	-29.42358775
-0.041281	-13.959665	-7.9424695	-29.9423865
-0.032712	-13.86519	-7.71590575	-30.46118525
-0.024143	-13.770715	-7.489342	-30.979984
-0.01739025	-13.6776475	-7.26223925	-31.4938
-0.0106375	-13.58458	-7.0351365	-32.007616
-0.00388475	-13.4915125	-6.80803375	-32.521432
0.002868	-13.398445	-6.580931	-33.035248
0.00801825	-13.30699125	-6.35411475	-33.54254125
0.0131685	-13.2155375	-6.1272985	-34.0498345
0.01831875	-13.12408375	-5.90048225	-34.55712775
0.023469	-13.03263	-5.673666	-35.064421
0.02723075	-12.9429595	-5.4478155	-35.5639085
0.0309925	-12.853289	-5.221965	-36.063396
0.03475425	-12.7636185	-4.9961145	-36.5628835
0.038516	-12.673948	-4.770264	-37.062371
0.041096	-12.58619525	-4.5459265	-37.5529985
0.043676	-12.4984425	-4.321589	-38.043626
0.046256	-12.41068975	-4.0972515	-38.5342535
0.048836	-12.322937	-3.872914	-39.024881
0.05043075	-12.23720425	-3.650519	-39.505796
0.0520255	-12.1514715	-3.428124	-39.986711
0.05362025	-12.06573875	-3.205729	-40.467626
0.055215	-11.980006	-2.983334	-40.948541
0.0560045	-11.89636425	-2.7632095	-41.41906475
0.056794	-11.8127225	-2.543085	-41.8895885
0.0575835	-11.72908075	-2.3229605	-42.36011225
0.058373	-11.645439	-2.102836	-42.830636
0.0585215	-11.563933	-1.885222	-43.290236
0.05867	-11.482427	-1.667608	-43.749836
0.0588185	-11.400921	-1.449994	-44.209436
0.058967	-11.319415	-1.23238	-44.669036
0.0586195	-11.24006525	-1.017443	-45.11730175
0.058272	-11.1607155	-0.802506	-45.5655675
0.0579245	-11.08136575	-0.587569	-46.01383325
0.057577	-11.002016	-0.372632	-46.462099
0.0568605	-10.92482325	-0.16047825	-46.898718
0.056144	-10.8476305	0.0516755	-47.335337
0.0554275	-10.77043775	0.26382925	-47.771956
0.054711	-10.693245	0.475983	-48.208575
0.05373425	-10.61819225	0.6852955	-48.6333115
0.0527575	-10.5431395	0.894608	-49.058048
0.05178075	-10.46808675	1.1039205	-49.4827845
0.050804	-10.393034	1.313233	-49.907521
0.04965875	-10.3200905	1.51968375	-50.3201985
0.0485135	-10.247147	1.7261345	-50.732876
0.04736825	-10.1742035	1.93258525	-51.1455535
0.046223	-10.10126	2.139036	-51.558231
0.044984	-10.03038325	2.342632	-51.95871525
0.043745	-9.9595065	2.546228	-52.3591995
0.042506	-9.88862975	2.749824	-52.75968375
0.041267	-9.817753	2.95342	-53.160168
0.0399955	-9.74889275	3.15418875	-53.5483545
0.038724	-9.6800325	3.3549575	-53.936541
0.0374525	-9.61117225	3.55572625	-54.3247275
0.036181	-9.542312	3.756495	-54.712914
0.03492375	-9.4754105	3.95447475	-55.08871525
0.0336665	-9.408509	4.1524545	-55.4645165
0.03240925	-9.3416075	4.35043425	-55.84031775
0.031152	-9.274706	4.548414	-56.216119
0.0299455	-9.2097015	4.74365	-56.57945625
0.028739	-9.144697	4.938886	-56.9427935
0.0275325	-9.0796925	5.134122	-57.30613075
0.026326	-9.014688	5.329358	-57.669468
0.025196	-8.951516	5.521896	-58.02026475
0.024066	-8.888344	5.714434	-58.3710615
0.022936	-8.825172	5.906972	-58.72185825
0.021806	-8.762	6.09951	-59.072655
0.02076975	-8.70059475	6.28939225	-59.4108295
0.0197335	-8.6391895	6.4792745	-59.749004
0.01869725	-8.57778425	6.66915675	-60.0871785
0.017661	-8.516379	6.859039	-60.425353
0.01672925	-8.45667425	7.046301	-60.75081675
0.0157975	-8.3969695	7.233563	-61.0762805
0.01486575	-8.33726475	7.420825	-61.40174425
0.013934	-8.27756	7.608087	-61.727208
0.01311125	-8.219491	7.7927545	-62.03986125
0.0122885	-8.161422	7.977422	-62.3525145
0.01146575	-8.103353	8.1620895	-62.66516775
0.010643	-8.045284	8.346757	-62.977821
0.0099295	-7.9887865	8.528844	-63.2775525
0.009216	-7.932289	8.710931	-63.577284
0.0085025	-7.8757915	8.893018	-63.8770155
0.007789	-7.819294	9.075105	-64.176747
0.0071815	-7.7643065	9.254612	-64.4634335
0.006574	-7.709319	9.434119	-64.75012
0.0059665	-7.6543315	9.613626	-65.0368065
0.005359	-7.599344	9.793133	-65.323493
0.00485175	-7.54580725	9.97004625	-65.5969985
0.0043445	-7.4922705	10.1469595	-65.870504
0.00383725	-7.43873375	10.32387275	-66.1440095
0.00333	-7.385197	10.500786	-66.417515
0.0029155	-7.3330545	10.67507625	-66.6776935
0.002501	-7.280912	10.8493665	-66.937872
0.0020865	-7.2287695	11.02365675	-67.1980505
0.001672	-7.176627	11.197947	-67.458229
0.00134125	-7.12582475	11.36956875	-67.70492425
0.0010105	-7.0750225	11.5411905	-67.9516195
0.00067975	-7.02422025	11.71281225	-68.19831475
0.000349	-6.973418	11.884434	-68.44501
9.3e-05	-6.92390525	12.05332675	-68.6780585
-0.000163	-6.8743925	12.2222195	-68.911107
-0.000419	-6.82487975	12.39111225	-69.1441555
-0.000675	-6.775367	12.560005	-69.377204
-0.00086575	-6.72709525	12.7260915	-69.59643675
-0.0010565	-6.6788235	12.892178	-69.8156695
-0.00124725	-6.63055175	13.0582645	-70.03490225
-0.001438	-6.58228	13.224351	-70.254135
-0.001573	-6.53520425	13.38753875	-70.45937925
-0.001708	-6.4881285	13.5507265	-70.6646235
-0.001843	-6.44105275	13.71391425	-70.86986775
-0.001978	-6.393977	13.877102	-71.075112
-0.00206575	-6.348054	14.037283	-71.2661945
-0.0021535	-6.302131	14.197464	-71.457277
-0.00224125	-6.256208	14.357645	-71.6483595
-0.002329	-6.210285	14.517826	-71.839442
-0.00237825	-6.1654745	14.6748775	-72.0161915
-0.0024275	-6.120664	14.831929	-72.192941
-0.00247675	-6.0758535	14.9889805	-72.3696905
-0.002526	-6.031043	15.146032	-72.54644
-0.00254375	-5.98730725	15.2998175	-72.7086885
-0.0025615	-5.9435715	15.453603	-72.870937
-0.00257925	-5.89983575	15.6073885	-73.0331855
-0.002597	-5.8561	15.761174	-73.195434
-0.0025905	-5.81340225	15.91154375	-73.34302075
-0.002584	-5.7707045	16.0619135	-73.4906075
-0.0025775	-5.72800675	16.21228325	-73.63819425
-0.002571	-5.685309	16.362653	-73.785781
-0.00254575	-5.643616	16.509445	-73.918553
-0.0025205	-5.601923	16.656237	-74.051325
-0.00249525	-5.56023	16.803029	-74.184097
-0.00247	-5.518537	16.949821	-74.316869
-0.00243125	-5.4778155	17.09286275	-74.434685
-0.0023925	-5.437094	17.2359045	-74.552501
-0.00235375	-5.3963725	17.37894625	-74.670317
-0.002315	-5.355651	17.521988	-74.788133
-0.0022675	-5.31587075	17.661096	-74.890864
-0.00222	-5.2760905	17.800204	-74.993595
-0.0021725	-5.23631025	17.939312	-75.096326
-0.002125	-5.19653	18.07842	-75.199057
-0.00207175	-5.15766125	18.21340325	-75.28658925
-0.0020185	-5.1187925	18.3483865	-75.3741215
-0.00196525	-5.07992375	18.48336975	-75.46165375
-0.001912	-5.041055	18.618353	-75.549186
-0.0018565	-5.0030695	18.749012	-75.62142075
-0.001801	-4.965084	18.879671	-75.6936555
-0.0017455	-4.9270985	19.01033	-75.76589025
-0.00169	-4.889113	19.140989	-75.838125
-0.001634	-4.8519835	19.26711875	-75.89498225
-0.001578	-4.814854	19.3932485	-75.9518395
-0.001522	-4.7777245	19.51937825	-76.00869675
-0.001466	-4.740595	19.645508	-76.065554
-0.00141175	-4.70429525	19.766899	-76.1069715
-0.0013575	-4.6679955	19.88829	-76.148389
-0.00130325	-4.63169575	20.009681	-76.1898065
-0.001249	-4.595396	20.131072	-76.231224
-0.00119775	-4.55990075	20.24751125	-76.2571585
-0.0011465	-4.5244055	20.3639505	-76.283093
-0.00109525	-4.48891025	20.48038975	-76.3090275
-0.001044	-4.453415	20.596829	-76.334962
-0.0009965	-4.418699	20.70810175	-76.34538975
-0.000949	-4.383983	20.8193745	-76.3558175
-0.0009015	-4.349267	20.93064725	-76.36624525
-0.000854	-4.314551	21.04192	-76.376673
-0.000811	-4.2805905	21.14781	-76.37158925
-0.000768	-4.24663	21.2537	-76.3665055
-0.000725	-4.2126695	21.35959	-76.36142175
-0.000682	-4.178709	21.46548	-76.356338
-0.00064375	-4.14548	21.56577275	-76.335757
-0.0006055	-4.112251	21.6660655	-76.315176
-0.00056725	-4.079022	21.76635825	-76.294595
-0.000529	-4.045793	21.866651	-76.274014
-0.0004955	-4.01327225	21.96113225	-76.2379665
-0.000462	-3.9807515	22.0556135	-76.201919
-0.0004285	-3.94823075	22.15009475	-76.1658715
-0.000395	-3.91571	22.244576	-76.129824
-0.00036625	-3.8838745	22.333034	-76.07835725
-0.0003375	-3.852039	22.421492	-76.0268905
-0.00030875	-3.8202035	22.50995	-75.97542375
-0.00028	-3.788368	22.598408	-75.923957
-0.00025575	-3.757195	22.680634	-75.857131
-0.0002315	-3.726022	22.76286	-75.790305
-0.00020725	-3.694849	22.845086	-75.723479
-0.000183	-3.663676	22.927312	-75.656653
-0.000163	-3.63314275	23.00309925	-75.574538
-0.000143	-3.6026095	23.0788865	-75.492423
-0.000123	-3.57207625	23.15467375	-75.410308
-0.000103	-3.541543	23.230461	-75.328193
-8.7e-05	-3.511627	23.29960675	-75.23086675
-7.1e-05	-3.481711	23.3687525	-75.1335405
-5.5e-05	-3.451795	23.43789825	-75.03621425
-3.9e-05	-3.421879	23.507044	-74.938888
-2.625e-05	-3.392558	23.56934625	-74.8264295
-1.35e-05	-3.363237	23.6316485	-74.713971
-7.5e-07	-3.333916	23.69395075	-74.6015125
1.2e-05	-3.304595	23.756253	-74.489054
2.15e-05	-3.2758465	23.81151225	-74.36153975
3.1e-05	-3.247098	23.8667715	-74.2340255
4.05e-05	-3.2183495	23.92203075	-74.10651125
5e-05	-3.189601	23.97729	-73.978997
5.7e-05	-3.16140225	24.0253055	-73.83649475
6.4e-05	-3.1332035	24.073321	-73.6939925
7.1e-05	-3.10500475	24.1213365	-73.55149025
7.8e-05	-3.076806	24.169352	-73.408988
8.275e-05	-3.0491345	24.2099215	-73.251551
8.75e-05	-3.021463	24.250491	-73.094114
9.225e-05	-2.9937915	24.2910605	-72.936677
9.7e-05	-2.96612	24.33163	-72.77924
9.975e-05	-2.938953	24.36454725	-72.606898
0.0001025	-2.911786	24.3974645	-72.434556
0.00010525	-2.884619	24.43038175	-72.262214
0.000108	-2.857452	24.463299	-72.089872
0.0001095	-2.830767	24.48834975	-71.90262575
0.000111	-2.804082	24.5134005	-71.7153795
0.0001125	-2.777397	24.53845125	-71.52813325
0.000114	-2.750712	24.563502	-71.340887
0.000114	-2.724486	24.580463	-71.138698
0.000114	-2.69826	24.597424	-70.936509
0.000114	-2.672034	24.614385	-70.73432
0.000114	-2.645808	24.631346	-70.532131
0.00011325	-2.62001825	24.63997975	-70.31491575
0.0001125	-2.5942285	24.6486135	-70.0977005
0.00011175	-2.56843875	24.65724725	-69.88048525
0.000111	-2.542649	24.665881	-69.66327
0.0001095	-2.5172725	24.66593275	-69.430889
0.000108	-2.491896	24.6659845	-69.198508
0.0001065	-2.4665195	24.66603625	-68.966127
0.000105	-2.441143	24.666088	-68.733746
0.000103	-2.4161575	24.65728275	-68.48599775
0.000101	-2.391172	24.6484775	-68.2382495
9.9e-05	-2.3661865	24.63967225	-67.99050125
9.7e-05	-2.341201	24.630867	-67.742753
9.475e-05	-2.31658375	24.61290525	-67.479366
9.25e-05	-2.2919665	24.5949435	-67.215979
9.025e-05	-2.26734925	24.57698175	-66.952592
8.8e-05	-2.242732	24.55902	-66.689205
8.575e-05	-2.218462	24.531575	-66.40983175
8.35e-05	-2.194192	24.50413	-66.1304585
8.125e-05	-2.169922	24.476685	-65.85108525
7.9e-05	-2.145652	24.44924	-65.571712
7.65e-05	-2.12170775	24.41195425	-65.275925
7.4e-05	-2.0977635	24.3746685	-64.980138
7.15e-05	-2.07381925	24.33738275	-64.684351
6.9e-05	-2.049875	24.300097	-64.388564
6.65e-05	-2.02623725	24.25258225	-64.07585325
6.4e-05	-2.0025995	24.2050675	-63.7631425
6.15e-05	-1.97896175	24.15755275	-63.45043175
5.9e-05	-1.955324	24.110038	-63.137721
5.675e-05	-1.93197425	24.0518735	-62.80749525
5.45e-05	-1.9086245	23.993709	-62.4772695
5.225e-05	-1.88527475	23.9355445	-62.14704375
5e-05	-1.861925	23.87738	-61.816818
4.775e-05	-1.838847	23.808114	-61.46840925
4.55e-05	-1.815769	23.738848	-61.1200005
4.325e-05	-1.792691	23.669582	-60.77159175
4.1e-05	-1.769613	23.600316	-60.423183
3.9e-05	-1.746793	23.51947025	-60.05585675
3.7e-05	-1.723973	23.4386245	-59.6885305
3.5e-05	-1.701153	23.35777875	-59.32120425
3.3e-05	-1.678333	23.276933	-58.953878
3.125e-05	-1.65576025	23.184007	-58.56684775
2.95e-05	-1.6331875	23.091081	-58.1798175
2.775e-05	-1.61061475	22.998155	-57.79278725
2.6e-05	-1.588042	22.905229	-57.405757
2.45e-05	-1.56571	22.79971125	-56.99820575
2.3e-05	-1.543378	22.6941935	-56.5906545
2.15e-05	-1.521046	22.58867575	-56.18310325
2e-05	-1.498714	22.483158	-55.775552
1.85e-05	-1.47661975	22.36453625	-55.34666125
1.7e-05	-1.4545255	22.2459145	-54.9177705
1.55e-05	-1.43243125	22.12729275	-54.48887975
1.4e-05	-1.410337	22.008671	-54.059989
1.3e-05	-1.3884835	21.87645175	-53.6089765
1.2e-05	-1.36663	21.7442325	-53.157964
1.1e-05	-1.3447765	21.61201325	-52.7069515
1e-05	-1.322923	21.479794	-52.255939
9e-06	-1.30131925	21.333522	-51.78210575
8e-06	-1.2797155	21.18725	-51.3082725
7e-06	-1.25811175	21.040978	-50.83443925
6e-06	-1.236508	20.894706	-50.360606
5.25e-06	-1.21516975	20.73399125	-49.863391
4.5e-06	-1.1938315	20.5732765	-49.366176
3.75e-06	-1.17249325	20.41256175	-48.868961
3e-06	-1.151155	20.251847	-48.371746
2.25e-06	-1.13010525	20.07639675	-47.8507945
1.5e-06	-1.1090555	19.9009465	-47.329843
7.5e-07	-1.08800575	19.72549625	-46.8088915
0.0	-1.066956	19.550046	-46.28794
-5e-07	-1.0462265	19.35970125	-45.7431805
-1e-06	-1.025497	19.1693565	-45.198421
-1.5e-06	-1.0047675	18.97901175	-44.6536615
-2e-06	-0.984038	18.788667	-44.108902
-2.25e-06	-0.9636695	18.58344575	-43.54063175
-2.5e-06	-0.943301	18.3782245	-42.9723615
-2.75e-06	-0.9229325	18.17300325	-42.40409125
-3e-06	-0.902564	17.967782	-41.835821
-3.25e-06	-0.88260675	17.7479255	-41.2448025
-3.5e-06	-0.8626495	17.528069	-40.653784
-3.75e-06	-0.84269225	17.3082125	-40.0627655
-4e-06	-0.822735	17.088356	-39.471747
-4.25e-06	-0.80324875	16.854381	-38.85931075
-4.5e-06	-0.7837625	16.620406	-38.2468745
-4.75e-06	-0.76427625	16.386431	-37.63443825
-5e-06	-0.74479	16.152456	-37.022002
-5e-06	-0.72584375	15.9052085	-36.39015275
-5e-06	-0.7068975	15.657961	-35.7583035
-5e-06	-0.68795125	15.4107135	-35.12645425
-5e-06	-0.669005	15.163466	-34.494605
-5e-06	-0.65067725	14.90417725	-33.84612825
-5e-06	-0.6323495	14.6448885	-33.1976515
-5e-06	-0.61402175	14.38559975	-32.54917475
-5e-06	-0.595694	14.126311	-31.900698
-5e-06	-0.5780705	13.85664975	-31.23926025
-5e-06	-0.560447	13.5869885	-30.5778225
-5e-06	-0.5428235	13.31732725	-29.91638475
-5e-06	-0.5252	13.047666	-29.254947
-5e-06	-0.50837375	12.769787	-28.58518175
-5e-06	-0.4915475	12.491908	-27.9154165
-5e-06	-0.47472125	12.214029	-27.24565125
-5e-06	-0.457895	11.93615	-26.575886
-4.75e-06	-0.44196175	11.65273025	-25.90345425
-4.5e-06	-0.4260285	11.3693105	-25.2310225
-4.25e-06	-0.41009525	11.08589075	-24.55859075
-4e-06	-0.394162	10.802471	-23.886159
-4e-06	-0.37921825	10.51672775	-23.21777
-4e-06	-0.3642745	10.2309845	-22.549381
-4e-06	-0.34933075	9.94524125	-21.880992
-4e-06	-0.334387	9.659498	-21.212603
-4e-06	-0.32052575	9.37517975	-20.555973
-4e-06	-0.3066645	9.0908615	-19.899343
-4e-06	-0.29280325	8.80654325	-19.242713
-4e-06	-0.278942	8.522225	-18.586083
-3.75e-06	-0.26624575	8.243555	-17.94980175
-3.5e-06	-0.2535495	7.964885	-17.3135205
-3.25e-06	-0.24085325	7.686215	-16.67723925
-3e-06	-0.228157	7.407545	-16.040958
-3e-06	-0.21669275	7.13909725	-15.434206
-3e-06	-0.2052285	6.8706495	-14.827454
-3e-06	-0.19376425	6.60220175	-14.220702
-3e-06	-0.1823	6.333754	-13.61395
-2.75e-06	-0.17210925	6.08015425	-13.0458695
-2.5e-06	-0.1619185	5.8265545	-12.477789
-2.25e-06	-0.15172775	5.57295475	-11.9097085
-2e-06	-0.141537	5.319355	-11.341628
-2e-06	-0.1326285	5.08471775	-10.82016475
-2e-06	-0.12372	4.8500805	-10.2987015
-2e-06	-0.1148115	4.61544325	-9.77723825
-2e-06	-0.105903	4.380806	-9.255775
-2e-06	-0.09824875	4.16815275	-8.78650375
-2e-06	-0.0905945	3.9554995	-8.3172325
-2e-06	-0.08294025	3.74284625	-7.84796125
-2e-06	-0.075286	3.530193	-7.37869
-1.75e-06	-0.06882475	3.34124575	-6.9644315
-1.5e-06	-0.0623635	3.1522985	-6.550173
-1.25e-06	-0.05590225	2.96335125	-6.1359145
-1e-06	-0.049441	2.774404	-5.721656
-1e-06	-0.0440865	2.609743	-5.36284075
-1e-06	-0.038732	2.445082	-5.0040255
-1e-06	-0.0333775	2.280421	-4.64521025
-1e-06	-0.028023	2.11576	-4.286395
-1e-06	-0.023673	1.975063	-3.9815895
-1e-06	-0.019323	1.834366	-3.676784
-1e-06	-0.014973	1.693669	-3.3719785
-1e-06	-0.010623	1.552972	-3.067173
-1e-06	-0.00716525	1.435227	-2.81354175
-1e-06	-0.0037075	1.317482	-2.5599105
-1e-06	-0.00024975	1.199737	-2.30627925
-1e-06	0.003208	1.081992	-2.052648
-7.5e-07	0.00588975	0.98567525	-1.8463425
-5e-07	0.0085715	0.8893585	-1.640037
-2.5e-07	0.01125325	0.79304175	-1.4337315
-0.0	0.013935	0.696725	-1.227426
-0.0	0.015956	0.619954	-1.063912
-0.0	0.017977	0.543183	-0.900398
-0.0	0.019998	0.466412	-0.736884
-0.0	0.022019	0.389641	-0.57337
-0.0	0.02349075	0.3302985	-0.44769425
-0.0	0.0249625	0.270956	-0.3220185
-0.0	0.02643425	0.2116135	-0.19634275
-0.0	0.027906	0.152271	-0.070667
-0.0	0.02893375	0.108104	0.022331
-0.0	0.0299615	0.063937	0.115329
-0.0	0.03098925	0.01977	0.208327
-0.0	0.032017	-0.024397	0.301325