0.04874	0.018229	0.002512	-1e-06
0.38522425	-0.15646925	-0.00380975	-1.5e-06
0.7217085	-0.3311675	-0.0101315	-2e-06
1.05819275	-0.50586575	-0.01645325	-2.5e-06
1.394677	-0.680564	-0.022775	-3e-06
1.74095425	-0.861337	-0.0293815	-3.5e-06
2.0872315	-1.04211	-0.035988	-4e-06
2.43350875	-1.222883	-0.0425945	-4.5e-06
2.779786	-1.403656	-0.049201	-5e-06
3.1326225	-1.5890525	-0.05605625	-5.5e-06
3.485459	-1.774449	-0.0629115	-6e-06
3.8382955	-1.9598455	-0.06976675	-6.5e-06
4.191132	-2.145242	-0.076622	-7e-06
4.5476815	-2.334002	-0.08369325	-7.75e-06
4.904231	-2.522762	-0.0907645	-8.5e-06
5.2607805	-2.711522	-0.09783575	-9.25e-06
5.61733	-2.900282	-0.104907	-1e-05
5.97516175	-3.091343	-0.1121645	-1.075e-05
6.3329935	-3.282404	-0.119422	-1.15e-05
6.69082525	-3.473465	-0.1266795	-1.225e-05
7.048657	-3.664526	-0.133937	-1.3e-05
7.40573725	-3.85701125	-0.141355	-1.4e-05
7.7628175	-4.0494965	-0.148773	-1.5e-05
8.11989775	-4.24198175	-0.156191	-1.6e-05
8.476978	-4.434467	-0.163609	-1.7e-05
8.83164	-4.6276665	-0.17116575	-1.8e-05
9.186302	-4.820866	-0.1787225	-1.9e-05
9.540964	-5.0140655	-0.18627925	-2e-05
9.895626	-5.207265	-0.193836	-2.1e-05
10.2465325	-5.40061625	-0.20151375	-2.2e-05
10.597439	-5.5939675	-0.2091915	-2.3e-05
10.9483455	-5.78731875	-0.21686925	-2.4e-05
11.299252	-5.98067	-0.224547	-2.5e-05
11.6453545	-6.173735	-0.232332	-2.625e-05
11.991457	-6.3668	-0.240117	-2.75e-05
12.3375595	-6.559865	-0.247902	-2.875e-05
12.683662	-6.75293	-0.255687	-3e-05
13.02415875	-6.9453765	-0.2635685	-3.125e-05
13.3646555	-7.137823	-0.27145	-3.25e-05
13.70515225	-7.3302695	-0.2793315	-3.375e-05
14.045649	-7.522716	-0.287213	-3.5e-05
14.37994575	-7.714297	-0.2951845	-3.625e-05
14.7142425	-7.905878	-0.303156	-3.75e-05
15.04853925	-8.097459	-0.3111275	-3.875e-05
15.382836	-8.28904	-0.319099	-4e-05
15.71050725	-8.47957525	-0.32715625	-4.125e-05
16.0381785	-8.6701105	-0.3352135	-4.25e-05
16.36584975	-8.86064575	-0.34327075	-4.375e-05
16.693521	-9.051181	-0.351328	-4.5e-05
17.01427475	-9.24054175	-0.35947025	-4.6e-05
17.3350285	-9.4299025	-0.3676125	-4.7e-05
17.65578225	-9.61926325	-0.37575475	-4.8e-05
17.976536	-9.808624	-0.383897	-4.9e-05
18.29018325	-9.99671775	-0.39212525	-5.025e-05
18.6038305	-10.1848115	-0.4003535	-5.15e-05
18.91747775	-10.37290525	-0.40858175	-5.275e-05
19.231125	-10.560999	-0.41681	-5.4e-05
19.5375505	-10.74775825	-0.425128	-5.475e-05
19.843976	-10.9345175	-0.433446	-5.55e-05
20.1504015	-11.12127675	-0.441764	-5.625e-05
20.456827	-11.308036	-0.450082	-5.7e-05
20.75596725	-11.49340625	-0.45849475	-5.75e-05
21.0551075	-11.6787765	-0.4669075	-5.8e-05
21.35424775	-11.86414675	-0.47532025	-5.85e-05
21.653388	-12.049517	-0.483733	-5.9e-05
21.94520875	-12.23344825	-0.49224725	-5.9e-05
22.2370295	-12.4173795	-0.5007615	-5.9e-05
22.52885025	-12.60131075	-0.50927575	-5.9e-05
22.820671	-12.785242	-0.51779	-5.9e-05
23.105152	-12.96768325	-0.52641375	-5.825e-05
23.389633	-13.1501245	-0.5350375	-5.75e-05
23.674114	-13.33256575	-0.54366125	-5.675e-05
23.958595	-13.515007	-0.552285	-5.6e-05
24.23571625	-13.69589875	-0.5610275	-5.475e-05
24.5128375	-13.8767905	-0.56977	-5.35e-05
24.78995875	-14.05768225	-0.5785125	-5.225e-05
25.06708	-14.238574	-0.587255	-5.1e-05
25.33681075	-14.41784525	-0.59612575	-4.875e-05
25.6065415	-14.5971165	-0.6049965	-4.65e-05
25.87627225	-14.77638775	-0.61386725	-4.425e-05
26.146003	-14.955659	-0.622738	-4.2e-05
26.4082945	-15.13322325	-0.6317475	-3.85e-05
26.670586	-15.3107875	-0.640757	-3.5e-05
26.9328775	-15.48835175	-0.6497665	-3.15e-05
27.195169	-15.665916	-0.658776	-2.8e-05
27.4499495	-15.841671	-0.66793525	-2.325e-05
27.70473	-16.017426	-0.6770945	-1.85e-05
27.9595105	-16.193181	-0.68625375	-1.375e-05
28.214291	-16.368936	-0.695413	-9e-06
28.46146125	-16.542761	-0.70473325	-2.75e-06
28.7086315	-16.716586	-0.7140535	3.5e-06
28.95580175	-16.890411	-0.72337375	9.75e-06
29.202972	-17.064236	-0.732694	1.6e-05
29.44240425	-17.235992	-0.742187	2.4e-05
29.6818365	-17.407748	-0.75168	3.2e-05
29.92126875	-17.579504	-0.761173	4e-05
30.160701	-17.75126	-0.770666	4.8e-05
30.39223925	-17.9207905	-0.78034325	5.8e-05
30.6237775	-18.090321	-0.7900205	6.8e-05
30.85531575	-18.2598515	-0.79969775	7.8e-05
31.086854	-18.429382	-0.809375	8.8e-05
31.310314	-18.59651325	-0.81924875	0.0001
31.533774	-18.7636445	-0.8291225	0.000112
31.757234	-18.93077575	-0.83899625	0.000124
31.980694	-19.097907	-0.84887	0.000136
32.19586525	-19.26244925	-0.858952	0.0001505
32.4110365	-19.4269915	-0.869034	0.000165
32.62620775	-19.59153375	-0.879116	0.0001795
32.841379	-19.756076	-0.889198	0.000194
33.0480285	-19.91782475	-0.8995005	0.000211
33.254678	-20.0795735	-0.909803	0.000228
33.4613275	-20.24132225	-0.9201055	0.000245
33.667977	-20.403071	-0.930408	0.000262
33.865851	-20.561809	-0.940943	0.00028125
34.063725	-20.720547	-0.951478	0.0003005
34.261599	-20.879285	-0.962013	0.00031975
34.459473	-21.038023	-0.972548	0.000339
34.64830025	-21.1935215	-0.9833275	0.00036075
34.8371275	-21.34902	-0.994107	0.0003825
35.02595475	-21.5045185	-1.0048865	0.00040425
35.214782	-21.660017	-1.015666	0.000426
35.39427875	-21.8120385	-1.026702	0.00045025
35.5737755	-21.96406	-1.037738	0.0004745
35.75327225	-22.1160815	-1.048774	0.00049875
35.932769	-22.268103	-1.05981	0.000523
36.10264125	-22.416402	-1.07111525	0.00054925
36.2725135	-22.564701	-1.0824205	0.0005755
36.44238575	-22.713	-1.09372575	0.00060175
36.612258	-22.861299	-1.105031	0.000628
36.77220575	-23.00562375	-1.116617	0.00065575
36.9321535	-23.1499485	-1.128203	0.0006835
37.09210125	-23.29427325	-1.139789	0.00071125
37.252049	-23.438598	-1.151375	0.000739
37.4017695	-23.578694	-1.16325425	0.0007675
37.55149	-23.71879	-1.1751335	0.000796
37.7012105	-23.858886	-1.18701275	0.0008245
37.850931	-23.998982	-1.198892	0.000853
37.990122	-24.13459125	-1.2110765	0.00088175
38.129313	-24.2702005	-1.223261	0.0009105
38.268504	-24.40580975	-1.2354455	0.00093925
38.407695	-24.541419	-1.24763	0.000968
38.5360575	-24.6722835	-1.260132	0.00099575
38.66442	-24.803148	-1.272634	0.0010235
38.7927825	-24.9340125	-1.285136	0.00105125
38.921145	-25.064877	-1.297638	0.001079
39.03838625	-25.19073925	-1.31046925	0.001104
39.1556275	-25.3166015	-1.3233005	0.001129
39.27286875	-25.44246375	-1.33613175	0.001154
39.39011	-25.568326	-1.348963	0.001179
39.49594525	-25.68893025	-1.36213625	0.00119975
39.6017805	-25.8095345	-1.3753095	0.0012205
39.70761575	-25.93013875	-1.38848275	0.00124125
39.813451	-26.050743	-1.401656	0.001262
39.90760575	-26.165837	-1.415183	0.00127625
40.0017605	-26.280931	-1.42871	0.0012905
40.09591525	-26.396025	-1.442237	0.00130475
40.19007	-26.511119	-1.455764	0.001319
40.27228075	-26.62045425	-1.469657	0.00132375
40.3544915	-26.7297895	-1.48355	0.0013285
40.43670225	-26.83912475	-1.497443	0.00133325
40.518913	-26.94846	-1.511336	0.001338
40.5889285	-27.05179275	-1.52560725	0.001331
40.658944	-27.1551255	-1.5398785	0.001324
40.7289595	-27.25845825	-1.55414975	0.001317
40.798975	-27.361791	-1.568421	0.00131
40.85655675	-27.4588825	-1.5830825	0.00128725
40.9141385	-27.555974	-1.597744	0.0012645
40.97172025	-27.6530655	-1.6124055	0.00124175
41.029302	-27.750157	-1.627067	0.001219
41.0742235	-27.84077475	-1.64213125	0.00117675
41.119145	-27.9313925	-1.6571955	0.0011345
41.1640665	-28.02201025	-1.67225975	0.00109225
41.208988	-28.112628	-1.687324	0.00105
41.2410345	-28.1965445	-1.70280325	0.0009845
41.273081	-28.280461	-1.7182825	0.000919
41.3051275	-28.3643775	-1.73376175	0.0008535
41.337174	-28.448294	-1.749241	0.000788
41.35614075	-28.525287	-1.76514775	0.00069425
41.3751075	-28.60228	-1.7810545	0.0006005
41.39407425	-28.679273	-1.79696125	0.00050675
41.413041	-28.756266	-1.812868	0.000413
41.41873325	-28.82611875	-1.829215	0.00028625
41.4244255	-28.8959715	-1.845562	0.0001595
41.43011775	-28.96582425	-1.861909	3.275e-05
41.43581	-29.035677	-1.878256	-9.4e-05
41.428038	-29.09817675	-1.895056	-0.0002585
41.420266	-29.1606765	-1.911856	-0.000423
41.412494	-29.22317625	-1.928656	-0.0005875
41.404722	-29.285676	-1.945456	-0.000752
41.38330125	-29.340614	-1.96272275	-0.00095875
41.3618805	-29.395552	-1.9799895	-0.0011655
41.34045975	-29.45049	-1.99725625	-0.00137225
41.319039	-29.505428	-2.014523	-0.001579
41.283786	-29.552598	-2.0322705	-0.00183325
41.248533	-29.599768	-2.050018	-0.0020875
41.21328	-29.646938	-2.0677655	-0.00234175
41.178027	-29.694108	-2.085513	-0.002596
41.12875625	-29.73330525	-2.103756	-0.002901
41.0794855	-29.7725025	-2.121999	-0.003206
41.03021475	-29.81169975	-2.140242	-0.003511
40.980944	-29.850897	-2.158485	-0.003816
40.91746525	-29.88191675	-2.177239	-0.0041755
40.8539865	-29.9129365	-2.195993	-0.004535
40.79050775	-29.94395625	-2.214747	-0.0048945
40.727029	-29.974976	-2.233501	-0.005254
40.64914375	-29.99761325	-2.2527835	-0.0056695
40.5712585	-30.0202505	-2.272066	-0.006085
40.49337325	-30.04288775	-2.2913485	-0.0065005
40.415488	-30.065525	-2.310631	-0.006916
40.32298675	-30.07957275	-2.3304605	-0.00738775
40.2304855	-30.0936205	-2.35029	-0.0078595
40.13798425	-30.10766825	-2.3701195	-0.00833125
40.045483	-30.121716	-2.389949	-0.008803
39.93814275	-30.126964	-2.4103465	-0.00932925
39.8308025	-30.132212	-2.430744	-0.0098555
39.72346225	-30.13746	-2.4511415	-0.01038175
39.616122	-30.142708	-2.471539	-0.010908
39.49370525	-30.13894325	-2.49252725	-0.0114835
39.3712885	-30.1351785	-2.5135155	-0.012059
39.24887175	-30.13141375	-2.53450375	-0.0126345
39.126455	-30.127649	-2.555492	-0.01321
38.988708	-30.114655	-2.5770975	-0.01382625
38.850961	-30.101661	-2.598703	-0.0144425
38.713214	-30.088667	-2.6203085	-0.01505875
38.575467	-30.075673	-2.641914	-0.015675
38.4221215	-30.05322975	-2.66416625	-0.01631975
38.268776	-30.0307865	-2.6864185	-0.0169645
38.1154305	-30.00834325	-2.70867075	-0.01760925
37.962085	-29.9859	-2.730923	-0.018254
37.7928605	-29.9537865	-2.75385575	-0.01890925
37.623636	-29.921673	-2.7767885	-0.0195645
37.4544115	-29.8895595	-2.79972125	-0.02021975
37.285187	-29.857446	-2.822654	-0.020875
37.09979475	-29.815442	-2.84630575	-0.02151725
36.9144025	-29.773438	-2.8699575	-0.0221595
36.72901025	-29.731434	-2.89360925	-0.02280175
36.543618	-29.68943	-2.917261	-0.023444
36.34176975	-29.63731975	-2.94167525	-0.02404325
36.1399215	-29.5852095	-2.9660895	-0.0246425
35.93807325	-29.53309925	-2.99050375	-0.02524175
35.736225	-29.480989	-3.014918	-0.025841
35.51764275	-29.41856625	-3.04014525	-0.02635925
35.2990605	-29.3561435	-3.0653725	-0.0268775
35.08047825	-29.29372075	-3.09059975	-0.02739575
34.861896	-29.231298	-3.115827	-0.027914
34.62632625	-29.15837325	-3.141923	-0.02830575
34.3907565	-29.0854485	-3.168019	-0.0286975
34.15518675	-29.01252375	-3.194115	-0.02908925
33.919617	-28.939599	-3.220211	-0.029481
33.66684825	-28.856008	-3.24724	-0.0296915
33.4140795	-28.772417	-3.274269	-0.029902
33.16131075	-28.688826	-3.301298	-0.0301125
32.908542	-28.605235	-3.328327	-0.030323
32.6384285	-28.510849	-3.35636075	-0.03028825
32.368315	-28.416463	-3.3843945	-0.0302535
32.0982015	-28.322077	-3.41242825	-0.03021875
31.828088	-28.227691	-3.440462	-0.030184
31.540576	-28.1224315	-3.46957975	-0.02983025
31.253064	-28.017172	-3.4986975	-0.0294765
30.965552	-27.9119125	-3.52781525	-0.02912275
30.67804	-27.806653	-3.556933	-0.028769
30.37319975	-27.69050625	-3.58722275	-0.02801375
30.0683595	-27.5743595	-3.6175125	-0.0272585
29.76351925	-27.45821275	-3.64780225	-0.02650325
29.458679	-27.342066	-3.678092	-0.025748
29.1367435	-27.2151005	-3.70965025	-0.024499
28.814808	-27.088135	-3.7412085	-0.02325
28.4928725	-26.9611695	-3.77276675	-0.022001
28.170937	-26.834204	-3.804325	-0.020752
27.832342	-26.69659225	-3.8372555	-0.01890975
27.493747	-26.5589805	-3.870186	-0.0170675
27.155152	-26.42136875	-3.9031165	-0.01522525
26.816557	-26.283757	-3.936047	-0.013383
26.46198875	-26.13579675	-3.97046075	-0.01084125
26.1074205	-25.9878365	-4.0048745	-0.0082995
25.75285225	-25.83987625	-4.03928825	-0.00575775
25.398284	-25.691916	-4.073702	-0.003216
25.0287285	-25.534055	-4.10971525	0.000135
24.659173	-25.376194	-4.1457285	0.003486
24.2896175	-25.218333	-4.18174175	0.006837
23.920062	-25.060472	-4.217755	0.010188
23.5368575	-24.893333	-4.25548825	0.01445875
23.153653	-24.726194	-4.2932215	0.0187295
22.7704485	-24.559055	-4.33095475	0.02300025
22.387244	-24.391916	-4.368688	0.027271
21.9921325	-24.216321	-4.4082625	0.03256775
21.597021	-24.040726	-4.447837	0.0378645
21.2019095	-23.865131	-4.4874115	0.04316125
20.806798	-23.689536	-4.526986	0.048458
20.401976	-23.506532	-4.56852025	0.054878
19.997154	-23.323528	-4.6100545	0.061298
19.592332	-23.140524	-4.65158875	0.067718
19.18751	-22.95752	-4.693123	0.074138
18.7756715	-22.7683975	-4.736729	0.08176225
18.363833	-22.579275	-4.780335	0.0893865
17.9519945	-22.3901525	-4.823941	0.09701075
17.540156	-22.20103	-4.867547	0.104635
17.12452625	-22.0073405	-4.91332425	0.11352025
16.7088965	-21.813651	-4.9591015	0.1224055
16.29326675	-21.6199615	-5.00487875	0.13129075
15.877637	-21.426272	-5.050656	0.140176
15.461988	-21.22983375	-5.098686	0.15034425
15.046339	-21.0333955	-5.146716	0.1605125
14.63069	-20.83695725	-5.194746	0.17068075
14.215041	-20.640519	-5.242776	0.180849
13.803681	-20.44341025	-5.2931125	0.192277
13.392321	-20.2463015	-5.343449	0.203705
12.980961	-20.04919275	-5.3937855	0.215133
12.569601	-19.852084	-5.444122	0.226561
12.167328	-19.656619	-5.4967845	0.23916725
11.765055	-19.461154	-5.549447	0.2517735
11.362782	-19.265689	-5.6021095	0.26437975
10.960509	-19.070224	-5.654772	0.276986
10.572505	-18.8789	-5.709734	0.290615
10.184501	-18.687576	-5.764696	0.304244
9.796497	-18.496252	-5.819658	0.317873
9.408493	-18.304928	-5.87462	0.331502
9.04013175	-18.12032625	-5.931798	0.34591
8.6717705	-17.9357245	-5.988976	0.360318
8.30340925	-17.75112275	-6.046154	0.374726
7.935048	-17.566521	-6.103332	0.389134
7.59151075	-17.39111525	-6.162573	0.40397075
7.2479735	-17.2157095	-6.221814	0.4188075
6.90443625	-17.04030375	-6.281055	0.43364425
6.560899	-16.864898	-6.340296	0.448481
6.246534	-16.70073325	-6.401365	0.463271
5.932169	-16.5365685	-6.462434	0.478061
5.617804	-16.37240375	-6.523503	0.492851
5.303439	-16.208239	-6.584572	0.507641
5.02115925	-16.0566305	-6.6471365	0.52176675
4.7388795	-15.905022	-6.709701	0.5358925
4.45659975	-15.7534135	-6.7722655	0.55001825
4.17432	-15.601805	-6.83483	0.564144
3.92544775	-15.46326	-6.89844625	0.57682525
3.6765755	-15.324715	-6.9620625	0.5895065
3.42770325	-15.18617	-7.02567875	0.60218775
3.178831	-15.047625	-7.089295	0.614869
2.963334	-14.92196175	-7.153395	0.625147
2.747837	-14.7962985	-7.217495	0.635425
2.53234	-14.67063525	-7.281595	0.645703
2.316843	-14.544972	-7.345695	0.655981
2.13365275	-14.43147975	-7.40957125	0.66270125
1.9504625	-14.3179875	-7.4734475	0.6694215
1.76727225	-14.20449525	-7.53732375	0.67614175
1.584082	-14.091003	-7.6012	0.682862
1.43136925	-13.9885825	-7.6639955	0.684664
1.2786565	-13.886162	-7.726791	0.686466
1.12594375	-13.7837415	-7.7895865	0.688268
0.973231	-13.681321	-7.852382	0.69007
0.848641	-13.588603	-7.913081	0.6853775
0.724051	-13.495885	-7.97378	0.680685
0.599461	-13.403167	-8.034479	0.6759925
0.474871	-13.310449	-8.095178	0.6713
0.37572075	-13.2258985	-8.15260075	0.65832075
0.2765705	-13.141348	-8.2100235	0.6453415
0.17742025	-13.0567975	-8.26744625	0.63236225
0.07827	-12.972247	-8.324869	0.619383
0.001708	-12.89424575	-8.377672	0.5961155
-0.074854	-12.8162445	-8.430475	0.572848
-0.151416	-12.73824325	-8.483278	0.5495805
-0.227978	-12.660242	-8.536081	0.526313
-0.284842	-12.58716	-8.5827635	0.49056475
-0.341706	-12.514078	-8.629446	0.4548165
-0.39857	-12.440996	-8.6761285	0.41906825
-0.455434	-12.367914	-8.722811	0.38332
-0.49543075	-12.2981655	-8.76173175	0.3327385
-0.5354275	-12.228417	-8.8006525	0.282157
-0.57542425	-12.1586685	-8.83957325	0.2315755
-0.615421	-12.08892	-8.878494	0.180994
-0.641246	-12.02100875	-8.9078965	0.1131135
-0.667071	-11.9530975	-8.937299	0.045233
-0.692896	-11.88518625	-8.9667015	-0.0226475
-0.718721	-11.817275	-8.996104	-0.090528
-0.73288275	-11.74983125	-9.01415525	-0.17822
-0.7470445	-11.6823875	-9.0322065	-0.265912
-0.76120625	-11.61494375	-9.05025775	-0.353604
-0.775368	-11.5475	-9.068309	-0.441296
-0.78015225	-11.4793065	-9.07315475	-0.55127025
-0.7849365	-11.411113	-9.0780005	-0.6612445
-0.78972075	-11.3429195	-9.08284625	-0.77121875
-0.794505	-11.274726	-9.087692	-0.881193
-0.7919565	-11.2047425	-9.07752725	-1.015765
-0.789408	-11.134759	-9.0673625	-1.150337
-0.7868595	-11.0647755	-9.05719775	-1.284909
-0.784311	-10.994792	-9.047033	-1.419481
-0.7762255	-10.92217	-9.02019375	-1.5806695
-0.76814	-10.849548	-8.9933545	-1.741858
-0.7600545	-10.776926	-8.96651525	-1.9030465
-0.751969	-10.704304	-8.939676	-2.064235
-0.73989475	-10.62840175	-8.894753	-2.253588
-0.7278205	-10.5524995	-8.84983	-2.442941
-0.71574625	-10.47659725	-8.804907	-2.632294
-0.703672	-10.400695	-8.759984	-2.821647
-0.68892	-10.321087	-8.695962	-3.04003575
-0.674168	-10.241479	-8.63194	-3.2584245
-0.659416	-10.161871	-8.567918	-3.47681325
-0.644664	-10.082263	-8.503896	-3.695202
-0.6283225	-9.9987545	-8.42030925	-3.94257775
-0.611981	-9.915246	-8.3367225	-4.1899535
-0.5956395	-9.8317375	-8.25313575	-4.43732925
-0.579298	-9.748229	-8.169549	-4.684705