3.695207	-11.570248	-4.447648	-11.442631
3.47681925	-11.38257175	-4.21822025	-12.0295295
3.2584315	-11.1948955	-3.9887925	-12.616428
3.04004375	-11.00721925	-3.75936475	-13.2033265
2.821656	-10.819543	-3.529937	-13.790225
2.632304	-10.63935175	-3.2716975	-14.417279
2.442952	-10.4591605	-3.013458	-15.044333
2.2536	-10.27896925	-2.7552185	-15.671387
2.064248	-10.098778	-2.496979	-16.298441
1.903061	-9.9267725	-2.214186	-16.95648775
1.741874	-9.754767	-1.931393	-17.6145345
1.580687	-9.5827615	-1.6486	-18.27258125
1.4195	-9.410756	-1.365807	-18.930628
1.28492925	-9.2474235	-1.06295475	-19.6103465
1.1503585	-9.084091	-0.7601025	-20.290065
1.01578775	-8.9207585	-0.45725025	-20.9697835
0.881217	-8.757426	-0.154398	-21.649502
0.77124475	-8.60306275	0.1641285	-22.342053
0.6612725	-8.4486995	0.482655	-23.034604
0.55130025	-8.29433625	0.8011815	-23.727155
0.441328	-8.139973	1.119708	-24.419706
0.35363775	-7.99470425	1.44980725	-25.1170355
0.2659475	-7.8494355	1.7799065	-25.814365
0.17825725	-7.70416675	2.11000575	-26.5116945
0.090567	-7.558898	2.440105	-27.209024
0.0226885	-7.422704	2.77806075	-27.9040255
-0.04519	-7.28651	3.1160165	-28.599027
-0.1130685	-7.150316	3.45397225	-29.2940285
-0.180947	-7.014122	3.791928	-29.98903
-0.23152625	-6.88685975	4.13446225	-30.67561025
-0.2821055	-6.7595975	4.4769965	-31.3621905
-0.33268475	-6.63233525	4.81953075	-32.04877075
-0.383264	-6.505073	5.162065	-32.735351
-0.41900975	-6.3864995	5.506358	-33.4084355
-0.4547555	-6.267926	5.850651	-34.08152
-0.49050125	-6.1493525	6.194944	-34.7546045
-0.526247	-6.030779	6.539237	-35.427689
-0.549512	-5.920572	6.88292175	-36.08318125
-0.572777	-5.810365	7.2266065	-36.7386735
-0.596042	-5.700158	7.57029125	-37.39416575
-0.619307	-5.589951	7.913976	-38.049658
-0.632284	-5.48772925	8.2551175	-38.684372
-0.645261	-5.3855075	8.596259	-39.319086
-0.658238	-5.28328575	8.9374005	-39.9538
-0.671215	-5.181064	9.278542	-40.588514
-0.67590525	-5.0864035	9.61560475	-41.200086
-0.6805955	-4.991743	9.9526675	-41.811658
-0.68528575	-4.8970825	10.28973025	-42.42323
-0.689976	-4.802422	10.626793	-43.034802
-0.688172	-4.714871	10.958601	-43.621596
-0.686368	-4.62732	11.290409	-44.20839
-0.684564	-4.539769	11.622217	-44.795184
-0.68276	-4.452218	11.954025	-45.381978
-0.67603775	-4.371311	12.2797195	-45.94298425
-0.6693155	-4.290404	12.605414	-46.5039905
-0.66259325	-4.209497	12.9311085	-47.06499675
-0.655871	-4.12859	13.256803	-47.626003
-0.64559225	-4.05385775	13.57579825	-48.16074
-0.6353135	-3.9791255	13.8947935	-48.695477
-0.62503475	-3.90439325	14.21378875	-49.230214
-0.614756	-3.829661	14.532784	-49.764951
-0.6020745	-3.7606395	14.84472325	-50.2733705
-0.589393	-3.691618	15.1566625	-50.78179
-0.5767115	-3.6225965	15.46860175	-51.2902095
-0.56403	-3.553575	15.780541	-51.798629
-0.5499055	-3.489813	16.085256	-52.281029
-0.535781	-3.426051	16.389971	-52.763429
-0.5216565	-3.362289	16.694686	-53.245829
-0.507532	-3.298527	16.999401	-53.728229
-0.492744	-3.23959075	17.29687325	-54.185174
-0.477956	-3.1806545	17.5943455	-54.642119
-0.463168	-3.12171825	17.89181775	-55.099064
-0.44838	-3.062782	18.18929	-55.556009
-0.43354775	-3.00825975	18.479617	-55.98825925
-0.4187155	-2.9537375	18.769944	-56.4205095
-0.40388325	-2.89921525	19.060271	-56.85275975
-0.389051	-2.844693	19.350598	-57.28501
-0.374649	-2.794197	19.6339605	-57.69346025
-0.360247	-2.743701	19.917323	-58.1019105
-0.345845	-2.693205	20.2006855	-58.51036075
-0.331443	-2.642709	20.484048	-58.918811
-0.31782275	-2.5958775	20.760686	-59.30443925
-0.3042025	-2.549046	21.037324	-59.6900675
-0.29058225	-2.5022145	21.313962	-60.07569575
-0.276962	-2.455383	21.5906	-60.461324
-0.26436775	-2.41188125	21.86078775	-60.825147
-0.2517735	-2.3683795	22.1309755	-61.18897
-0.23917925	-2.32487775	22.40116325	-61.552793
-0.226585	-2.281376	22.671351	-61.916616
-0.215172	-2.2408955	22.935379	-62.25965575
-0.203759	-2.200415	23.199407	-62.6026955
-0.192346	-2.1599345	23.463435	-62.94573525
-0.180933	-2.119454	23.727463	-63.288775
-0.1707835	-2.08171225	23.98562275	-63.612029
-0.160634	-2.0439705	24.2437825	-63.935283
-0.1504845	-2.00622875	24.50194225	-64.258537
-0.140335	-1.968487	24.760102	-64.581791
-0.13147275	-1.93322675	25.0126735	-64.8862135
-0.1226105	-1.8979665	25.265245	-65.190636
-0.11374825	-1.86270625	25.5178165	-65.4950585
-0.104886	-1.827446	25.770388	-65.799481
-0.097289	-1.79443275	26.0176305	-66.08596625
-0.089692	-1.7614195	26.264873	-66.3724515
-0.082095	-1.72840625	26.5121155	-66.65893675
-0.074498	-1.695393	26.759358	-66.945422
-0.06811	-1.66441475	27.001503	-67.21479525
-0.061722	-1.6334365	27.243648	-67.4841685
-0.055334	-1.60245825	27.485793	-67.75354175
-0.048946	-1.57148	27.727938	-68.022915
-0.043686	-1.542345	27.96518475	-68.2759255
-0.038426	-1.51321	28.2024315	-68.528936
-0.033166	-1.484075	28.43967825	-68.7819465
-0.027906	-1.45494	28.676925	-69.034957
-0.023677	-1.42747475	28.909438	-69.272276
-0.019448	-1.4000095	29.141951	-69.509595
-0.015219	-1.37254425	29.374464	-69.746914
-0.01099	-1.345079	29.606977	-69.984233
-0.007685	-1.3191265	29.83488425	-70.206454
-0.00438	-1.293174	30.0627915	-70.428675
-0.001075	-1.2672215	30.29069875	-70.650896
0.00223	-1.241269	30.518606	-70.873117
0.0047215	-1.21668725	30.74199875	-71.08075775
0.007213	-1.1921055	30.9653915	-71.2883985
0.0097045	-1.16752375	31.18878425	-71.49603925
0.012196	-1.142942	31.412177	-71.70368
0.013985	-1.11960225	31.63111175	-71.89718675
0.015774	-1.0962625	31.8500465	-72.0906935
0.017563	-1.07292275	32.06898125	-72.28420025
0.019352	-1.049583	32.287916	-72.477707
0.0205455	-1.02736775	32.5024145	-72.6574595
0.021739	-1.0051525	32.716913	-72.837212
0.0229325	-0.98293725	32.9314115	-73.0169645
0.024126	-0.960722	33.14591	-73.196717
0.02482575	-0.93952475	33.35596275	-73.3630345
0.0255255	-0.9183275	33.5660155	-73.529352
0.02622525	-0.89713025	33.77606825	-73.6956695
0.026925	-0.875933	33.986121	-73.861987
0.02722475	-0.8556555	34.19168875	-74.01513375
0.0275245	-0.835378	34.3972565	-74.1682805
0.02782425	-0.8151005	34.60282425	-74.32142725
0.028124	-0.794823	34.808392	-74.474574
0.0281095	-0.77537525	35.00940925	-74.61476675
0.028095	-0.7559275	35.2104265	-74.7549595
0.0280805	-0.73647975	35.41144375	-74.89515225
0.028066	-0.717032	35.612461	-75.035345
0.02781425	-0.69832975	35.80883875	-75.162758
0.0275625	-0.6796275	36.0052165	-75.290171
0.02731075	-0.66092525	36.20159425	-75.417584
0.027059	-0.642223	36.397972	-75.544997
0.026638	-0.62418875	36.5896	-75.659769
0.026217	-0.6061545	36.781228	-75.774541
0.025796	-0.58812025	36.972856	-75.889313
0.025375	-0.570086	37.164484	-76.004085
0.0248445	-0.55264675	37.35123425	-76.10632425
0.024314	-0.5352075	37.5379845	-76.2085635
0.0237835	-0.51776825	37.72473475	-76.31080275
0.023253	-0.500329	37.911485	-76.413042
0.02266425	-0.4834155	38.0932135	-76.502832
0.0220755	-0.466502	38.274942	-76.592622
0.02148675	-0.4495885	38.4566705	-76.682412
0.020898	-0.432675	38.638399	-76.772202
0.0202955	-0.41622225	38.8149495	-76.8496055
0.019693	-0.3997695	38.9915	-76.927009
0.0190905	-0.38331675	39.1680505	-77.0044125
0.018488	-0.366864	39.344601	-77.081816
0.017909	-0.35080925	39.51580675	-77.14688
0.01733	-0.3347545	39.6870125	-77.211944
0.016751	-0.31869975	39.85821825	-77.277008
0.016172	-0.302645	40.029424	-77.342072
0.015648	-0.28692825	40.1951095	-77.3948305
0.015124	-0.2712115	40.360795	-77.447589
0.0146	-0.25549475	40.5264805	-77.5003475
0.014076	-0.239778	40.692166	-77.553106
0.0136335	-0.224341	40.85214975	-77.593584
0.013191	-0.208904	41.0121335	-77.634062
0.0127485	-0.193467	41.17211725	-77.67454
0.012306	-0.17803	41.332101	-77.715018
0.01196675	-0.16281625	41.48619625	-77.74323325
0.0116275	-0.1476025	41.6402915	-77.7714485
0.01128825	-0.13238875	41.79438675	-77.79966375
0.010949	-0.117175	41.948482	-77.827879
0.010731	-0.10212825	42.09649925	-77.84384475
0.010513	-0.0870815	42.2445165	-77.8598105
0.010295	-0.07203475	42.39253375	-77.87577625
0.010077	-0.056988	42.540551	-77.891742
0.00999425	-0.04205325	42.682299	-77.89546775
0.0099115	-0.0271185	42.824047	-77.8991935
0.00982875	-0.01218375	42.965795	-77.90291925
0.009746	0.002751	43.107543	-77.906645
0.0098095	0.01762975	43.2428295	-77.89813875
0.009873	0.0325085	43.378116	-77.8896325
0.0099365	0.04738725	43.5134025	-77.88112625
0.01	0.062266	43.648689	-77.87262
0.01021775	0.07714475	43.777322	-77.8518875
0.0104355	0.0920235	43.905955	-77.831155
0.01065325	0.10690225	44.034588	-77.8104225
0.010871	0.121781	44.163221	-77.78969
0.01124725	0.13671775	44.285009	-77.7567365
0.0116235	0.1516545	44.406797	-77.723783
0.01199975	0.16659125	44.528585	-77.6908295
0.012376	0.181528	44.650373	-77.657876
0.0129115	0.1965825	44.76512625	-77.61270475
0.013447	0.211637	44.8798795	-77.5675335
0.0139825	0.2266915	44.99463275	-77.52236225
0.014518	0.241746	45.109386	-77.477191
0.0152095	0.2569815	45.21691625	-77.4198045
0.015901	0.272217	45.3244465	-77.362418
0.0165925	0.2874525	45.43197675	-77.3050315
0.017284	0.302688	45.539507	-77.247645
0.018124	0.318172	45.63962725	-77.17804225
0.018964	0.333656	45.7397475	-77.1084395
0.019804	0.34914	45.83986775	-77.03883675
0.020644	0.364624	45.939988	-76.969234
0.02161875	0.3804285	46.032513	-76.887411
0.0225935	0.396233	46.125038	-76.805588
0.02356825	0.4120375	46.217563	-76.723765
0.024543	0.427842	46.310088	-76.641942
0.02563225	0.4440465	46.39483425	-76.54788925
0.0267215	0.460251	46.4795805	-76.4538365
0.02781075	0.4764555	46.56432675	-76.35978375
0.0289	0.49266	46.649073	-76.265731
0.0300755	0.50935175	46.725857	-76.15943225
0.031251	0.5260435	46.802641	-76.0531335
0.0324265	0.54273525	46.879425	-75.94683475
0.033602	0.559427	46.956209	-75.840536
0.03482675	0.576703	47.02484725	-75.72196625
0.0360515	0.593979	47.0934855	-75.6033965
0.03727625	0.611255	47.16212375	-75.48482675
0.038501	0.628531	47.230762	-75.366257
0.03972625	0.646499	47.29107	-75.23538
0.0409515	0.664467	47.351378	-75.104503
0.04217675	0.682435	47.411686	-74.973626
0.043402	0.700403	47.471994	-74.842749
0.044568	0.719185	47.52378575	-74.6995145
0.045734	0.737967	47.5755775	-74.55628
0.0469	0.756749	47.62736925	-74.4130455
0.048066	0.775531	47.679161	-74.269811
0.04909775	0.795263	47.72224575	-74.11415225
0.0501295	0.814995	47.7653305	-73.9584935
0.05116125	0.834727	47.80841525	-73.80283475
0.052193	0.854459	47.8515	-73.647176
0.0530015	0.8752945	47.88568275	-73.47900725
0.05381	0.89613	47.9198655	-73.3108385
0.0546185	0.9169655	47.95404825	-73.14266975
0.055427	0.937801	47.988231	-72.974501
0.05590575	0.95991275	48.01331	-72.79371325
0.0563845	0.9820245	48.038389	-72.6129255
0.05686325	1.00413625	48.063468	-72.43213775
0.057342	1.026248	48.088547	-72.25135
0.057368	1.049829	48.10431125	-72.05780925
0.057394	1.07341	48.1200755	-71.8642685
0.05742	1.096991	48.13583975	-71.67072775
0.057446	1.120572	48.151604	-71.477187
0.056877	1.14583775	48.157832	-71.27072975
0.056308	1.1711035	48.16406	-71.0642725
0.055739	1.19636925	48.170288	-70.85781525
0.05517	1.221635	48.176516	-70.651358
0.053847	1.24882525	48.17297425	-70.4317895
0.052524	1.2760155	48.1694325	-70.212221
0.051201	1.30320575	48.16589075	-69.9926525
0.049878	1.330396	48.162349	-69.773084
0.04762375	1.35977425	48.14878825	-69.5401755
0.0453695	1.3891525	48.1352275	-69.307267
0.04311525	1.41853075	48.12166675	-69.0743585
0.040861	1.447909	48.108106	-68.84145
0.037484	1.4797645	48.08426075	-68.5949355
0.034107	1.51162	48.0604155	-68.348421
0.03073	1.5434755	48.03657025	-68.1019065
0.027353	1.575331	48.012725	-67.855392
0.02264875	1.60997725	47.97831175	-67.5949685
0.0179445	1.6446235	47.9438985	-67.334545
0.01324025	1.67926975	47.90948525	-67.0741215
0.008536	1.713916	47.875072	-66.813698
0.002292	1.7516895	47.8297865	-66.539023
-0.003952	1.789463	47.784501	-66.264348
-0.010196	1.8272365	47.7392155	-65.989673
-0.01644	1.86501	47.69393	-65.714998
-0.02443725	1.9062675	47.63744725	-65.42569175
-0.0324345	1.947525	47.5809645	-65.1363855
-0.04043175	1.9887825	47.52448175	-64.84707925
-0.048429	2.03004	47.467999	-64.557773
-0.05838775	2.07515575	47.39997275	-64.25341975
-0.0683465	2.1202715	47.3319465	-63.9490665
-0.07830525	2.16538725	47.26392025	-63.64471325
-0.088264	2.210503	47.195894	-63.34036
-0.1003745	2.25986075	47.115956	-63.02051125
-0.112485	2.3092185	47.036018	-62.7006625
-0.1245955	2.35857625	46.95608	-62.38081375
-0.136706	2.407934	46.876142	-62.060965
-0.15113	2.46192175	46.78390425	-61.72514725
-0.165554	2.5159095	46.6916665	-61.3893295
-0.179978	2.56989725	46.59942875	-61.05351175
-0.194402	2.623885	46.507191	-60.717694
-0.2112555	2.6828835	46.4022475	-60.365415
-0.228109	2.741882	46.297304	-60.013136
-0.2449625	2.8008805	46.1923605	-59.660857
-0.261816	2.859879	46.087417	-59.308578
-0.28115175	2.9242505	45.96934825	-58.9393405
-0.3004875	2.988622	45.8512795	-58.570103
-0.31982325	3.0529935	45.73321075	-58.2008655
-0.339159	3.117365	45.615142	-57.831628
-0.36094425	3.18743775	45.483519	-57.444943
-0.3827295	3.2575105	45.351896	-57.058258
-0.40451475	3.32758325	45.220273	-56.671573
-0.4263	3.397656	45.08865	-56.284888
-0.45039225	3.47370725	44.9430425	-55.88029375
-0.4744845	3.5497585	44.797435	-55.4756995
-0.49857675	3.62580975	44.6518275	-55.07110525
-0.522669	3.701861	44.50622	-54.666511
-0.54878825	3.78409525	44.346206	-54.24359525
-0.5749075	3.8663295	44.186192	-53.8206795
-0.60102675	3.94856375	44.026178	-53.39776375
-0.627146	4.030798	43.866164	-52.974848
-0.6548435	4.11932425	43.69134	-52.5332755
-0.682541	4.2078505	43.516516	-52.091703
-0.7102385	4.29637675	43.341692	-51.6501305
-0.737936	4.384903	43.166868	-51.208558
-0.76656275	4.4797085	42.976865	-50.748101
-0.7951895	4.574514	42.786862	-50.287644
-0.82381625	4.6693195	42.596859	-49.827187
-0.852443	4.764125	42.406856	-49.36673
-0.88111275	4.86504525	42.201355	-48.8873045
-0.9097825	4.9659655	41.995854	-48.407879
-0.93845225	5.06688575	41.790353	-47.9284535
-0.967122	5.167806	41.584852	-47.449028
-0.994677	5.2744935	41.36360375	-46.95073325
-1.022232	5.381181	41.1423555	-46.4524385
-1.049787	5.4878685	40.92110725	-45.95414375
-1.077342	5.594556	40.699859	-45.455849
-1.1023155	5.7064485	40.4627065	-44.939013
-1.127289	5.818341	40.225554	-44.422177
-1.1522625	5.9302335	39.9884015	-43.905341
-1.177236	6.042126	39.751249	-43.388505
-1.1978195	6.1584115	39.49815225	-42.85373025
-1.218403	6.274697	39.2450555	-42.3189555
-1.2389865	6.3909825	38.99195875	-41.78418075
-1.25957	6.507268	38.738862	-41.249406
-1.273582	6.626853	38.4699245	-40.697621
-1.287594	6.746438	38.200987	-40.145836
-1.301606	6.866023	37.9320495	-39.594051
-1.315618	6.985608	37.663112	-39.042266
-1.3204785	7.10708525	37.3786095	-38.47477525
-1.325339	7.2285625	37.094107	-37.9072845
-1.3301995	7.35003975	36.8096045	-37.33979375
-1.33506	7.471517	36.525102	-36.772303
-1.32777475	7.59314025	36.22551275	-36.19083775
-1.3204895	7.7147635	35.9259235	-35.6093725
-1.31320425	7.83638675	35.62633425	-35.02790725
-1.305919	7.95801	35.326745	-34.446442
-1.28307525	8.077673	35.01277875	-33.85320625
-1.2602315	8.197336	34.6988125	-33.2599705
-1.23738775	8.316999	34.38484625	-32.66673475
-1.214544	8.436662	34.07088	-32.073499
-1.17232225	8.5518875	33.74350675	-31.4712105
-1.1301005	8.667113	33.4161335	-30.868922
-1.08787875	8.7823385	33.08876025	-30.2666335
-1.045657	8.897564	32.761387	-29.664345
-0.97986175	9.005506	32.42186175	-29.05626675
-0.9140665	9.113448	32.0823365	-28.4481885
-0.84827125	9.22139	31.74281125	-27.84011025
-0.782476	9.329332	31.403286	-27.232032
-0.68859275	9.426794	31.0531695	-26.62198625
-0.5947095	9.524256	30.703053	-26.0119405
-0.50082625	9.621718	30.3529365	-25.40189475
-0.406943	9.71918	30.00282	-24.791849
-0.28022625	9.802655	29.643991	-24.184216
-0.1535095	9.88613	29.285162	-23.576583
-0.02679275	9.969605	28.926333	-22.96895
0.099924	10.05308	28.567504	-22.361317
0.26433	10.11881575	28.20216125	-21.7610035
0.428736	10.1845515	27.8368185	-21.16069
0.593142	10.25028725	27.47147575	-20.5603765
0.757548	10.316023	27.106133	-19.960063
0.96444175	10.3601195	26.73678225	-19.372441
1.1713355	10.404216	26.3674315	-18.784819
1.37822925	10.4483125	25.99808075	-18.197197
1.585123	10.492409	25.62873	-17.609575
1.83903525	10.5109525	25.25815225	-17.0403775
2.0929475	10.529496	24.8875745	-16.47118
2.34685975	10.5480395	24.51699675	-15.9019825
2.600772	10.566583	24.146419	-15.332785
2.905696	10.5558225	23.7776165	-14.78795225
3.21062	10.545062	23.408814	-14.2431195
3.515544	10.5343015	23.0400115	-13.69828675
3.820468	10.523541	22.671209	-13.153454
4.17953475	10.480116	22.30732	-12.6389175
4.5386015	10.436691	21.943431	-12.124381
4.89766825	10.393266	21.579542	-11.6098445
5.256735	10.349841	21.215653	-11.095308
5.6718205	10.27106225	20.8598285	-10.6166985
6.086906	10.1922835	20.504004	-10.138089
6.5019915	10.11350475	20.1481795	-9.6594795
6.917077	10.034726	19.792355	-9.18087
7.38834275	9.91891825	19.4475675	-8.74308875
7.8596085	9.8031105	19.10278	-8.3053075
8.33087425	9.68730275	18.7579925	-7.86752625
8.80214	9.571495	18.413205	-7.429745
9.327503	9.41838275	18.081989	-7.0363855
9.852866	9.2652705	17.750773	-6.643026
10.378229	9.11215825	17.419557	-6.2496665
10.903592	8.959046	17.088341	-5.856307
11.478329	8.77002025	16.7726085	-5.5091935
12.053066	8.5809945	16.456876	-5.16208
12.627803	8.39196875	16.1411435	-4.8149665
13.20254	8.202943	15.825411	-4.467853
13.81954275	7.9809225	15.526464	-4.16702225
14.4365455	7.758902	15.227517	-3.8661915
15.05354825	7.5368815	14.92857	-3.56536075
15.670551	7.314861	14.629623	-3.26453
16.32130375	7.0637475	14.34826275	-3.0085625
16.9720565	6.812634	14.0669025	-2.752595
17.62280925	6.5615205	13.78554225	-2.4966275
18.273562	6.310407	13.504182	-2.24066
18.949167	6.034527	13.240794	-2.0270645
19.624772	5.758647	12.977406	-1.813469
20.300377	5.482767	12.714018	-1.5998735
20.975982	5.206887	12.45063	-1.386278
21.66777725	4.91064075	12.205245	-1.2118215
22.3595725	4.6143945	11.95986	-1.037365
23.05136775	4.31814825	11.714475	-0.8629085
23.743163	4.021902	11.46909	-0.688452
24.44305225	3.70956325	11.24144425	-0.54943325
25.1429415	3.3972245	11.0137985	-0.4104145
25.84283075	3.08488575	10.78615275	-0.27139575
26.54272	2.772547	10.558507	-0.132377
27.2433725	2.44812775	10.34810025	-0.02485275
27.944025	2.1237085	10.1376935	0.0826715
28.6446775	1.79928925	9.92728675	0.19019575
29.34533	1.47487	9.71688	0.29772
30.0402925	1.14203525	9.52302725	0.37775625
30.735255	0.8092005	9.3291745	0.4577925
31.4302175	0.47636575	9.13532175	0.53782875
32.12518	0.143531	8.941469	0.617865
32.808923	-0.194451	8.76334825	0.6743415
33.492666	-0.532433	8.5852275	0.730818
34.176409	-0.870415	8.40710675	0.7872945
34.860152	-1.208397	8.228986	0.843771
35.528068	-1.54867725	8.065681	0.880434
36.195984	-1.8889575	7.902376	0.917097
36.8639	-2.22923775	7.739071	0.95376
37.531816	-2.569518	7.575766	0.990423
38.18018525	-2.90966675	7.4263015	1.0107615
38.8285545	-3.2498155	7.276837	1.0311
39.47692375	-3.58996425	7.1273725	1.0514385
40.125293	-3.930113	6.977908	1.071777
40.75122325	-4.268107	6.84128025	1.078975
41.3771535	-4.606101	6.7046525	1.086173
42.00308375	-4.944095	6.56802475	1.093371
42.629014	-5.282089	6.431397	1.100569
43.2303675	-5.616286	6.30660025	1.097476
43.831721	-5.950483	6.1818035	1.094383
44.4330745	-6.28468	6.05700675	1.09129
45.034428	-6.618877	5.93221	1.088197
45.609737	-6.94798425	5.81825625	1.07731775
46.185046	-7.2770915	5.7043025	1.0664385
46.760355	-7.60619875	5.59034875	1.05555925
47.335664	-7.935306	5.476395	1.04468
47.884045	-8.2583435	5.37232975	1.02817675
48.432426	-8.581381	5.2682645	1.0116735
48.980807	-8.9044185	5.16419925	0.99517025
49.529188	-9.227456	5.060134	0.978667
50.05025375	-9.54371825	4.96504775	0.95837175
50.5713195	-9.8599805	4.8699615	0.9380765
51.09238525	-10.17624275	4.77487525	0.91778125
51.613451	-10.492505	4.679789	0.897486
52.10722825	-10.80152225	4.592827	0.874921
52.6010055	-11.1105395	4.505865	0.852356
53.09478275	-11.41955675	4.418903	0.829791
53.58856	-11.728574	4.331941	0.807226
54.05540975	-12.03007475	4.25230675	0.78362825
54.5222595	-12.3315755	4.1726725	0.7600305
54.98910925	-12.63307625	4.09303825	0.73643275
55.455959	-12.934577	4.013404	0.712835
55.896505	-13.2284535	3.94036375	0.68918425
56.337051	-13.52233	3.8673235	0.6655335
56.777597	-13.8162065	3.79428325	0.64188275
57.218143	-14.110083	3.721243	0.618232
57.63320775	-14.396357	3.6541255	0.59528025
58.0482725	-14.682631	3.587008	0.5723285
58.46333725	-14.968905	3.5198905	0.54937675
58.878402	-15.255179	3.452773	0.526425
59.26895	-15.5339735	3.39096875	0.50472675
59.659498	-15.812768	3.3291645	0.4830285
60.050046	-16.0915625	3.26736025	0.46133025
60.440594	-16.370357	3.205556	0.439632
60.80768225	-16.64187025	3.148516	0.4195725
61.1747705	-16.9133835	3.091476	0.399513
61.54185875	-17.18489675	3.034436	0.3794535
61.908947	-17.45641	2.977396	0.359394
62.253685	-17.7208925	2.9246275	0.34121725
62.598423	-17.985375	2.871859	0.3230405
62.943161	-18.2498575	2.8190905	0.30486375
63.287899	-18.51434	2.766322	0.286687
63.61141325	-18.77207575	2.717385	0.27052125
63.9349275	-19.0298115	2.668448	0.2543555
64.25844175	-19.28754725	2.619511	0.23818975
64.581956	-19.545283	2.570574	0.222024
64.88536425	-19.79657275	2.52507775	0.207904
65.1887725	-20.0478625	2.4795815	0.193784
65.49218075	-20.29915225	2.43408525	0.179664
65.795589	-20.550442	2.388589	0.165544
66.07997725	-20.79559125	2.3461875	0.15343275
66.3643655	-21.0407405	2.303786	0.1413215
66.64875375	-21.28588975	2.2613845	0.12921025
66.933142	-21.531039	2.218983	0.117099
67.19954925	-21.770347	2.1793695	0.1069055
67.4659565	-22.009655	2.139756	0.096712
67.73236375	-22.248963	2.1001425	0.0865185
67.998771	-22.488271	2.060529	0.076325
68.24817725	-22.72202375	2.023433	0.06791925
68.4975835	-22.9557765	1.986337	0.0595135
68.74698975	-23.18952925	1.949241	0.05110775
68.996396	-23.423282	1.912145	0.042702
69.2297145	-23.651745	1.8773275	0.03592875
69.463033	-23.880208	1.84251	0.0291555
69.6963515	-24.108671	1.8076925	0.02238225
69.92967	-24.337134	1.772875	0.015609
70.147743	-24.56054975	1.74012425	0.010298
70.365816	-24.7839655	1.7073735	0.004987
70.583889	-25.00738125	1.67462275	-0.000324
70.801962	-25.230797	1.641872	-0.005635
71.005559	-25.4493815	1.611	-0.0096595
71.209156	-25.667966	1.580128	-0.013684
71.412753	-25.8865505	1.549256	-0.0177085
71.61635	-26.105135	1.518384	-0.021733
71.80616725	-26.319077	1.489224	-0.024646
71.9959845	-26.533019	1.460064	-0.027559
72.18580175	-26.746961	1.430904	-0.030472
72.375619	-26.960903	1.401744	-0.033385
72.55228225	-27.1703635	1.374146	-0.03535525
72.7289455	-27.379824	1.346548	-0.0373255
72.90560875	-27.5892845	1.31895	-0.03929575
73.082272	-27.798745	1.291352	-0.041266
73.24633975	-28.00385775	1.26518125	-0.04245225
73.4104075	-28.2089705	1.2390105	-0.0436385
73.57447525	-28.41408325	1.21283975	-0.04482475
73.738543	-28.619196	1.186669	-0.046011
73.89050975	-28.82006875	1.161803	-0.046559
74.0424765	-29.0209415	1.136937	-0.047107
74.19444325	-29.22181425	1.112071	-0.047655
74.34641	-29.422687	1.087205	-0.048203
74.48671075	-29.6194025	1.0635315	-0.048245
74.6270115	-29.816118	1.039858	-0.048287
74.76731225	-30.0128335	1.0161845	-0.048329
74.907613	-30.209549	0.992511	-0.048371
75.03662875	-30.40216775	0.9699265	-0.04802325
75.1656445	-30.5947865	0.947342	-0.0476755
75.29466025	-30.78740525	0.9247575	-0.04732775
75.423676	-30.980024	0.902173	-0.04698
75.54173775	-31.16858475	0.8805815	-0.046344
75.6597995	-31.3571455	0.85899	-0.045708
75.77786125	-31.54570625	0.8373985	-0.045072
75.895923	-31.734267	0.815807	-0.044436
76.0033175	-31.9187895	0.7951175	-0.0435985
76.110712	-32.103312	0.774428	-0.042761
76.2181065	-32.2878345	0.7537385	-0.0419235
76.325501	-32.472357	0.733049	-0.041086
76.42247375	-32.6528435	0.71317625	-0.0401195
76.5194465	-32.83333	0.6933035	-0.039153
76.61641925	-33.0138165	0.67343075	-0.0381865
76.713392	-33.194303	0.653558	-0.03722
76.80015325	-33.37074075	0.6344195	-0.036184
76.8869145	-33.5471785	0.615281	-0.035148
76.97367575	-33.72361625	0.5961425	-0.034112
77.060437	-33.900054	0.577004	-0.033076
77.13716475	-34.072416	0.5585215	-0.03201825
77.2138925	-34.244778	0.540039	-0.0309605
77.29062025	-34.41714	0.5215565	-0.02990275
77.367348	-34.589502	0.503074	-0.028845
77.43419175	-34.757749	0.485171	-0.0278025
77.5010355	-34.925996	0.467268	-0.02676
77.56787925	-35.094243	0.449365	-0.0257175
77.634723	-35.26249	0.431462	-0.024675
77.691807	-35.4265715	0.41406425	-0.023676
77.748891	-35.590653	0.3966665	-0.022677
77.805975	-35.7547345	0.37926875	-0.021678
77.863059	-35.918816	0.361871	-0.020679
77.91048425	-36.07867225	0.3449055	-0.019743
77.9579095	-36.2385285	0.32794	-0.018807
78.00533475	-36.39838475	0.3109745	-0.017871
78.05276	-36.558241	0.294009	-0.016935
78.090608	-36.713802	0.27740475	-0.016076
78.128456	-36.869363	0.2608005	-0.015217
78.166304	-37.024924	0.24419625	-0.014358
78.204152	-37.180485	0.227592	-0.013499
78.232485	-37.33167375	0.21127775	-0.0127245
78.260818	-37.4828625	0.1949635	-0.01195
78.289151	-37.63405125	0.17864925	-0.0111755
78.317484	-37.78524	0.162335	-0.010401
78.336348	-37.931971	0.14624075	-0.0097145
78.355212	-38.078702	0.1301465	-0.009028
78.374076	-38.225433	0.11405225	-0.0083415
78.39294	-38.372164	0.097958	-0.007655
78.4023645	-38.5143445	0.082014	-0.007057
78.411789	-38.656525	0.06607	-0.006459
78.4212135	-38.7987055	0.050126	-0.005861
78.430638	-38.940886	0.034182	-0.005263
78.430638	-39.0784155	0.0183175	-0.00475075
78.430638	-39.215945	0.002453	-0.0042385
78.430638	-39.3534745	-0.0134115	-0.00372625
78.430638	-39.491004	-0.029276	-0.003214
78.4212135	-39.62377525	-0.04513175	-0.002784
78.411789	-39.7565465	-0.0609875	-0.002354
78.4023645	-39.88931775	-0.07684325	-0.001924
78.39294	-40.022089	-0.092699	-0.001494
78.374076	-40.14998675	-0.10861775	-0.0011405
78.355212	-40.2778845	-0.1245365	-0.000787
78.336348	-40.40578225	-0.14045525	-0.0004335
78.317484	-40.53368	-0.156374	-8e-05
78.289151	-40.65658025	-0.172429	0.00020225
78.260818	-40.7794805	-0.188484	0.0004845
78.232485	-40.90238075	-0.204539	0.00076675
78.204152	-41.025281	-0.220594	0.001049
78.166304	-41.143052	-0.23686125	0.001266
78.128456	-41.260823	-0.2531285	0.001483
78.090608	-41.378594	-0.26939575	0.0017
78.05276	-41.496365	-0.285663	0.001917
78.00533475	-41.6088645	-0.3022205	0.002074
77.9579095	-41.721364	-0.318778	0.002231
77.91048425	-41.8338635	-0.3353355	0.002388
77.863059	-41.946363	-0.351893	0.002545
77.805975	-42.05343825	-0.36882275	0.002647
77.748891	-42.1605135	-0.3857525	0.002749
77.691807	-42.26758875	-0.40268225	0.002851
77.634723	-42.374664	-0.419612	0.002953
77.56787925	-42.47615025	-0.437	0.003004
77.5010355	-42.5776365	-0.454388	0.003055
77.43419175	-42.67912275	-0.471776	0.003106
77.367348	-42.780609	-0.489164	0.003157
77.29062025	-42.87632775	-0.50710225	0.00316025
77.2138925	-42.9720465	-0.5250405	0.0031635
77.13716475	-43.06776525	-0.54297875	0.00316675
77.060437	-43.163484	-0.560917	0.00317
76.9736755	-43.253242	-0.57950325	0.00312775
76.886914	-43.343	-0.5980895	0.0030855
76.8001525	-43.432758	-0.61667575	0.00304325
76.713391	-43.522516	-0.635262	0.003001
76.61641825	-43.60610275	-0.65460225	0.0029145
76.5194455	-43.6896895	-0.6739425	0.002828
76.42247275	-43.77327625	-0.69328275	0.0027415
76.3255	-43.856863	-0.712623	0.002655
76.21810575	-43.93404825	-0.73283175	0.00252425
76.1107115	-44.0112335	-0.7530405	0.0023935
76.00331725	-44.08841875	-0.77324925	0.00226275
75.895923	-44.165604	-0.793458	0.002132
75.77786125	-44.236136	-0.81466025	0.001957
75.6597995	-44.306668	-0.8358625	0.001782
75.54173775	-44.3772	-0.85706475	0.001607
75.423676	-44.447732	-0.878267	0.001432
75.29466025	-44.5113355	-0.90059975	0.001211
75.1656445	-44.574939	-0.9229325	0.00099
75.03662875	-44.6385425	-0.94526525	0.000769
74.907613	-44.702146	-0.967598	0.000548
74.76731225	-44.7585175	-0.99121175	0.00027975
74.6270115	-44.814889	-1.0148255	1.15e-05
74.48671075	-44.8712605	-1.03843925	-0.00025675
74.34641	-44.927632	-1.062053	-0.000525
74.19444325	-44.9764395	-1.0871125	-0.00084225
74.0424765	-45.025247	-1.112172	-0.0011595
73.89050975	-45.0740545	-1.1372315	-0.00147675
73.738543	-45.122862	-1.162291	-0.001794
73.57447525	-45.16373975	-1.18897825	-0.00216175
73.4104075	-45.2046175	-1.2156655	-0.0025295
73.24633975	-45.24549525	-1.24235275	-0.00289725
73.082272	-45.286373	-1.26904	-0.003265
72.9056085	-45.3189205	-1.29755475	-0.0036845
72.728945	-45.351468	-1.3260695	-0.004104
72.5522815	-45.3840155	-1.35458425	-0.0045235
72.375618	-45.416563	-1.383099	-0.004943
72.185801	-45.4403405	-1.41365975	-0.005414
71.995984	-45.464118	-1.4442205	-0.005885
71.806167	-45.4878955	-1.47478125	-0.006356
71.61635	-45.511673	-1.505342	-0.006827
71.412753	-45.5262005	-1.5381885	-0.00734775
71.209156	-45.540728	-1.571035	-0.0078685
71.005559	-45.5552555	-1.6038815	-0.00838925
70.801962	-45.569783	-1.636728	-0.00891
70.583889	-45.57453675	-1.67212075	-0.00947625
70.365816	-45.5792905	-1.7075135	-0.0100425
70.147743	-45.58404425	-1.74290625	-0.01060875
69.92967	-45.588798	-1.778299	-0.011175
69.6963515	-45.58321	-1.81652075	-0.0117805
69.463033	-45.577622	-1.8547425	-0.012386
69.2297145	-45.572034	-1.89296425	-0.0129915
68.996396	-45.566446	-1.931186	-0.013597
68.74698975	-45.5499025	-1.9725405	-0.01423075
68.4975835	-45.533359	-2.013895	-0.0148645
68.24817725	-45.5168155	-2.0552495	-0.01549825
67.998771	-45.500272	-2.096604	-0.016132
67.73236375	-45.472114	-2.14141675	-0.0167795
67.4659565	-45.443956	-2.1862295	-0.017427
67.19954925	-45.415798	-2.23104225	-0.0180745
66.933142	-45.38764	-2.275855	-0.018722
66.64875375	-45.34716475	-2.32446975	-0.01936325
66.3643655	-45.3066895	-2.3730845	-0.0200045
66.07997725	-45.26621425	-2.42169925	-0.02064575
65.795589	-45.225739	-2.470314	-0.021287
65.49218075	-45.17220375	-2.52309275	-0.02189625
65.1887725	-45.1186685	-2.5758715	-0.0225055
64.88536425	-45.06513325	-2.62865025	-0.02311475
64.581956	-45.011598	-2.681429	-0.023724
64.25844175	-44.944225	-2.7387455	-0.0242685
63.9349275	-44.876852	-2.796062	-0.024813
63.61141325	-44.809479	-2.8533785	-0.0253575
63.287899	-44.742106	-2.910695	-0.025902
62.943161	-44.6600895	-2.97293275	-0.02634125
62.598423	-44.578073	-3.0351705	-0.0267805
62.253685	-44.4960565	-3.09740825	-0.02721975
61.908947	-44.41404	-3.159646	-0.027659
61.54185875	-44.31655825	-3.22718975	-0.02794475
61.1747705	-44.2190765	-3.2947335	-0.0282305
60.80768225	-44.12159475	-3.36227725	-0.02851625
60.440594	-44.024113	-3.429821	-0.028802
60.050046	-43.910341	-3.5030495	-0.028877
59.659498	-43.796569	-3.576278	-0.028952
59.26895	-43.682797	-3.6495065	-0.029027
58.878402	-43.569025	-3.722735	-0.029102
58.46333725	-43.43815175	-3.80201225	-0.02890025
58.0482725	-43.3072785	-3.8812895	-0.0286985
57.63320775	-43.17640525	-3.96056675	-0.02849675
57.218143	-43.045532	-4.039844	-0.028295
56.777597	-42.89678225	-4.12550675	-0.027741
56.337051	-42.7480325	-4.2111695	-0.027187
55.896505	-42.59928275	-4.29683225	-0.026633
55.455959	-42.450533	-4.382495	-0.026079
54.9891095	-42.28319175	-4.47483975	-0.0250885
54.52226	-42.1158505	-4.5671845	-0.024098
54.0554105	-41.94850925	-4.65952925	-0.0231075
53.588561	-41.781168	-4.751874	-0.022117
53.09478375	-41.59461125	-4.85114225	-0.020598
52.6010065	-41.4080545	-4.9504105	-0.019079
52.10722925	-41.22149775	-5.04967875	-0.01756
51.613452	-41.034941	-5.148947	-0.016041
51.09238625	-40.8286695	-5.2553085	-0.0138945
50.5713205	-40.622398	-5.36167	-0.011748
50.05025475	-40.4161265	-5.4680315	-0.0096015
49.529189	-40.209855	-5.574393	-0.007455
48.980808	-39.98353375	-5.68792775	-0.004577
48.432427	-39.7572125	-5.8014625	-0.001699
47.884046	-39.53089125	-5.91499725	0.001179
47.335665	-39.30457	-6.028532	0.004057
46.760356	-39.05806975	-6.14921025	0.0077715
46.185047	-38.8115695	-6.2698885	0.011486
45.609738	-38.56506925	-6.39056675	0.0152005
45.034429	-38.318569	-6.511245	0.018915
44.43307575	-38.052013	-6.63890825	0.02357025
43.8317225	-37.785457	-6.7665715	0.0282255
43.23036925	-37.518901	-6.89423475	0.03288075
42.629016	-37.252345	-7.021898	0.037536
42.00308575	-36.966158	-7.15623925	0.04322875
41.3771555	-36.679971	-7.2905805	0.0489215
40.75122525	-36.393784	-7.42492175	0.05461425
40.125295	-36.107597	-7.559263	0.060307
39.476926	-35.8025545	-7.69980675	0.06712175
38.828557	-35.497512	-7.8403505	0.0739365
38.180188	-35.1924695	-7.98089425	0.08075125
37.531819	-34.887427	-8.121438	0.087566
36.86390275	-34.5647045	-8.2675255	0.0955675
36.1959865	-34.241982	-8.413613	0.103569
35.52807025	-33.9192595	-8.5597005	0.1115705
34.860154	-33.596537	-8.705788	0.119572
34.17641125	-33.25775425	-8.85656325	0.1287955
33.4926685	-32.9189715	-9.0073385	0.138019
32.80892575	-32.58018875	-9.15811375	0.1472425
32.125183	-32.241406	-9.308889	0.156466
31.43022025	-31.8886665	-9.463292	0.166909
30.7352575	-31.535927	-9.617695	0.177352
30.04029475	-31.1831875	-9.772098	0.187795
29.345332	-30.830448	-9.926501	0.198238
28.64467975	-30.46636675	-10.08326625	0.20984575
27.9440275	-30.1022855	-10.2400315	0.2214535
27.24337525	-29.73820425	-10.39679675	0.23306125
26.542723	-29.374123	-10.553562	0.244669
25.84283375	-29.00183575	-10.7112305	0.257324
25.1429445	-28.6295485	-10.868899	0.269979
24.44305525	-28.25726125	-11.0265675	0.282634
23.743166	-27.884974	-11.184236	0.295289
23.05137075	-27.50812625	-11.34117525	0.3087945
22.3595755	-27.1312785	-11.4981145	0.3223
21.66778025	-26.75443075	-11.65505375	0.3358055
20.975985	-26.377583	-11.811993	0.349311
20.30037975	-26.00028475	-11.966437	0.363375
19.6247745	-25.6229865	-12.120881	0.377439
18.94916925	-25.24568825	-12.275325	0.391503
18.273564	-24.86839	-12.429769	0.405567
17.6228115	-24.49512425	-12.57987425	0.419786
16.972059	-24.1218585	-12.7299795	0.434005
16.3213065	-23.74859275	-12.88008475	0.448224
15.670554	-23.375327	-13.03019	0.462443
15.053551	-23.01079425	-13.174116	0.476284
14.436548	-22.6462615	-13.318042	0.490125
13.819545	-22.28172875	-13.461968	0.503966
13.202542	-21.917196	-13.605894	0.517807
12.6278045	-21.56601125	-13.74190975	0.53058925
12.053067	-21.2148265	-13.8779255	0.5433715
11.4783295	-20.86364175	-14.01394125	0.55615375
10.903592	-20.512457	-14.149957	0.568936
10.378229	-20.17864625	-14.276556	0.57981425
9.852866	-19.8448355	-14.403155	0.5906925
9.327503	-19.51102475	-14.529754	0.60157075
8.80214	-19.177214	-14.656353	0.612449
8.33087375	-18.86374375	-14.77231225	0.6203975
7.8596075	-18.5502735	-14.8882715	0.628346
7.38834125	-18.23680325	-15.00423075	0.6362945
6.917075	-17.923333	-15.12019	0.644243
6.501989	-17.63199425	-15.2245395	0.64804225
6.086903	-17.3406555	-15.328889	0.6518415
5.671817	-17.04931675	-15.4332385	0.65564075
5.256731	-16.757978	-15.537588	0.65944
4.8976635	-16.48956025	-15.629536	0.65766725
4.538596	-16.2211425	-15.721484	0.6558945
4.1795285	-15.95272475	-15.813432	0.65412175
3.820461	-15.684307	-15.90538	0.652349
3.51553625	-15.4388105	-15.98424725	0.64337475
3.2106115	-15.193314	-16.0631145	0.6344005
2.90568675	-14.9478175	-16.14198175	0.62542625
2.600762	-14.702321	-16.220849	0.616452
2.34684925	-14.47913825	-16.2860185	0.59844325
2.0929365	-14.2559555	-16.351188	0.5804345
1.83902375	-14.03277275	-16.4163575	0.56242575
1.585111	-13.80959	-16.481527	0.544417
1.378216	-13.60766275	-16.53240525	0.51534875
1.171321	-13.4057355	-16.5832835	0.4862805
0.964426	-13.20380825	-16.63416175	0.45721225
0.757531	-13.001881	-16.68504	0.428144
0.59312425	-12.81983375	-16.72103125	0.3858255
0.4287175	-12.6377865	-16.7570225	0.343507
0.26431075	-12.45573925	-16.79301375	0.3011885
0.099904	-12.273692	-16.829005	0.25887
-0.026814	-12.10994675	-16.849498	0.20098125
-0.153532	-11.9462015	-16.869991	0.1430925
-0.28025	-11.78245625	-16.890484	0.08520375
-0.406968	-11.618711	-16.910977	0.027315
-0.50085225	-11.471579	-16.91534625	-0.04853575
-0.5947365	-11.324447	-16.9197155	-0.1243865
-0.68862075	-11.177315	-16.92408475	-0.20023725
-0.782505	-11.030183	-16.928454	-0.276088
-0.84830175	-10.897941	-16.9160775	-0.37229025
-0.9140985	-10.765699	-16.903701	-0.4684925
-0.97989525	-10.633457	-16.8913245	-0.56469475
-1.045692	-10.501215	-16.878948	-0.660897
-1.087915	-10.38216375	-16.849239	-0.77973925
-1.130138	-10.2631125	-16.81953	-0.8985815
-1.172361	-10.14406125	-16.789821	-1.01742375
-1.214584	-10.02501	-16.760112	-1.136266
-1.237429	-9.917518	-16.71257025	-1.27981075
-1.260274	-9.810026	-16.6650285	-1.4233555
-1.283119	-9.702534	-16.61748675	-1.56690025
-1.305964	-9.595042	-16.569945	-1.710445
-1.31325025	-9.49757825	-16.50422425	-1.88037675
-1.3205365	-9.4001145	-16.4385035	-2.0503085
-1.32782275	-9.30265075	-16.37278275	-2.22024025
-1.335109	-9.205187	-16.307062	-2.390172
-1.33024975	-9.1163415	-16.2230565	-2.58761175
-1.3253905	-9.027496	-16.139051	-2.7850515
-1.32053125	-8.9386505	-16.0550455	-2.98249125
-1.315672	-8.849805	-15.97104	-3.179931
-1.30166075	-8.76830325	-15.8689915	-3.40521875
-1.2876495	-8.6868015	-15.766943	-3.6305065
-1.27363825	-8.60529975	-15.6648945	-3.85579425
-1.259627	-8.523798	-15.562846	-4.081082
-1.23904375	-8.44850425	-15.443467	-4.3335245
-1.2184605	-8.3732105	-15.324088	-4.585967
-1.19787725	-8.29791675	-15.204709	-4.8384095
-1.177294	-8.222623	-15.08533	-5.090852
-1.1523205	-8.15254325	-14.9499165	-5.36850325
-1.127347	-8.0824635	-14.814503	-5.6461545
-1.1023735	-8.01238375	-14.6790895	-5.92380575
-1.0774	-7.942304	-14.543676	-6.201457
-1.04984475	-7.87657875	-14.39410025	-6.50113125
-1.0222895	-7.8108535	-14.2445245	-6.8008055
-0.99473425	-7.74512825	-14.09494875	-7.10047975
-0.967179	-7.679403	-13.945373	-7.400154
-0.93850775	-7.6173025	-13.78390425	-7.717794
-0.9098365	-7.555202	-13.6224355	-8.035434
-0.88116525	-7.4931015	-13.46096675	-8.353074
-0.852494	-7.431001	-13.299498	-8.670714
-0.823865	-7.37191425	-13.1285465	-9.00190575
-0.795236	-7.3128275	-12.957595	-9.3330975
-0.766607	-7.25374075	-12.7866435	-9.66428925
-0.737978	-7.194654	-12.615692	-9.995481
-0.710277	-7.1380775	-12.4376155	-10.33585025
-0.682576	-7.081501	-12.259539	-10.6762195
-0.654875	-7.0249245	-12.0814625	-11.01658875
-0.627174	-6.968348	-11.903386	-11.356958
-0.60105	-6.9138755	-11.72037925	-11.70239775
-0.574926	-6.859403	-11.5373725	-12.0478375
-0.548802	-6.8049305	-11.35436575	-12.39327725
-0.522678	-6.750458	-11.171359	-12.738717
-0.4985795	-6.69776675	-10.9853965	-13.08551
-0.474481	-6.6450755	-10.799434	-13.432303
-0.4503825	-6.59238425	-10.6134715	-13.779096
-0.426284	-6.539693	-10.427509	-14.125889
-0.40449075	-6.488534	-10.24031725	-14.4707695
-0.3826975	-6.437375	-10.0531255	-14.81565
-0.36090425	-6.386216	-9.86593375	-15.1605305
-0.339111	-6.335057	-9.678742	-15.505411
-0.31976525	-6.285242	-9.491792	-15.84558875
-0.3004195	-6.235427	-9.304842	-16.1857665
-0.28107375	-6.185612	-9.117892	-16.52594425
-0.261728	-6.135797	-8.930942	-16.866122
-0.2448625	-6.0871895	-8.7454545	-17.19927625
-0.227997	-6.038582	-8.559967	-17.5324305
-0.2111315	-5.9899745	-8.3744795	-17.86558475
-0.194266	-5.941367	-8.188992	-18.198739
-0.1798275	-5.893872	-8.005951	-18.522998
-0.165389	-5.846377	-7.82291	-18.847257
-0.1509505	-5.798882	-7.639869	-19.171516
-0.136512	-5.751387	-7.456828	-19.495775
-0.1243845	-5.70494325	-7.27700225	-19.80967925
-0.112257	-5.6584995	-7.0971765	-20.1235835
-0.1001295	-5.61205575	-6.91735075	-20.43748775
-0.088002	-5.565612	-6.737525	-20.751392
-0.078024	-5.520183	-6.56148975	-21.05385325
-0.068046	-5.474754	-6.3854545	-21.3563145
-0.058068	-5.429325	-6.20941925	-21.65877575
-0.04809	-5.383896	-6.033384	-21.961237
-0.04007075	-5.3394655	-5.861547	-22.251493
-0.0320515	-5.295035	-5.68971	-22.541749
-0.02403225	-5.2506045	-5.517873	-22.832005
-0.016013	-5.206174	-5.346036	-23.122261
-0.009745	-5.1627385	-5.1786615	-23.39982875
-0.003477	-5.119303	-5.011287	-23.6773965
0.002791	-5.0758675	-4.8439125	-23.95496425
0.009059	-5.032432	-4.676538	-24.232532
0.0137895	-4.989998	-4.51377175	-24.497162
0.01852	-4.947564	-4.3510055	-24.761792
0.0232505	-4.90513	-4.18823925	-25.026422
0.027981	-4.862696	-4.025473	-25.291052
0.03138575	-4.8212745	-3.86736375	-25.54268625
0.0347905	-4.779853	-3.7092545	-25.7943205
0.03819525	-4.7384315	-3.55114525	-26.04595475
0.0416	-4.69701	-3.393036	-26.297589
0.04388275	-4.65661525	-3.23955775	-26.53632075
0.0461655	-4.6162205	-3.0860795	-26.7750525
0.04844825	-4.57582575	-2.93260125	-27.01378425
0.050731	-4.535431	-2.779123	-27.252516
0.05208275	-4.49607675	-2.63019175	-27.4785545
0.0534345	-4.4567225	-2.4812605	-27.704593
0.05478625	-4.41736825	-2.33232925	-27.9306315
0.056138	-4.378014	-2.183398	-28.15667
0.05673475	-4.3397125	-2.0388895	-28.37030925
0.0573315	-4.301411	-1.894381	-28.5839485
0.05792825	-4.2631095	-1.7498725	-28.79758775
0.058525	-4.224808	-1.605364	-29.011227
0.05852425	-4.18756825	-1.4651265	-29.21281875
0.0585235	-4.1503285	-1.324889	-29.4144105
0.05852275	-4.11308875	-1.1846515	-29.61600225
0.058522	-4.075849	-1.044414	-29.817594
0.05806375	-4.03967675	-0.908281	-30.00752525
0.0576055	-4.0035045	-0.772148	-30.1974565
0.05714725	-3.96733225	-0.636015	-30.38738775
0.056689	-3.93116	-0.499882	-30.577319
0.05589475	-3.89605675	-0.3676805	-30.75599325
0.0551005	-3.8609535	-0.235479	-30.9346675
0.05430625	-3.82585025	-0.1032775	-31.11334175
0.053512	-3.790747	0.028924	-31.292016
0.052485	-3.75670975	0.15736525	-31.45983825
0.051458	-3.7226725	0.2858065	-31.6276605
0.050431	-3.68863525	0.41424775	-31.79548275
0.049404	-3.654598	0.542689	-31.963305
0.048231	-3.62161925	0.66753375	-32.12067025
0.047058	-3.5886405	0.7923785	-32.2780355
0.045885	-3.55566175	0.91722325	-32.43540075
0.044712	-3.522683	1.042068	-32.592766
0.04346375	-3.49075175	1.1634675	-32.74005075
0.0422155	-3.4588205	1.284867	-32.8873355
0.04096725	-3.42688925	1.4062665	-33.03462025
0.039719	-3.394958	1.527666	-33.181905
0.0384525	-3.36405875	1.645758	-33.31946075
0.037186	-3.3331595	1.76385	-33.4570165
0.0359195	-3.30226025	1.881942	-33.59457225
0.034653	-3.271361	2.000034	-33.732128
0.0334115	-3.2414755	2.114939	-33.860278
0.03217	-3.21159	2.229844	-33.988428
0.0309285	-3.1817045	2.344749	-34.116578
0.029687	-3.151819	2.459654	-34.244728
0.028504	-3.12292525	2.571475	-34.3637645
0.027321	-3.0940315	2.683296	-34.482801
0.026138	-3.06513775	2.795117	-34.6018375
0.024955	-3.036244	2.906938	-34.720874
0.02385375	-3.008318	3.01576075	-34.83105825
0.0227525	-2.980392	3.1245835	-34.9412425
0.02165125	-2.952466	3.23340625	-35.05142675
0.02055	-2.92454	3.342229	-35.161611
0.01954575	-2.897556	3.44812225	-35.26317375
0.0185415	-2.870572	3.5540155	-35.3647365
0.01753725	-2.843588	3.65990875	-35.46629925
0.016533	-2.816604	3.765802	-35.567862
0.01563425	-2.790534	3.8688175	-35.6610045
0.0147355	-2.764464	3.971833	-35.754147
0.01383675	-2.738394	4.0748485	-35.8472895
0.012938	-2.712324	4.177864	-35.940432
0.0121485	-2.68713925	4.2780395	-36.0253285
0.011359	-2.6619545	4.378215	-36.110225
0.0105695	-2.63676975	4.4783905	-36.1951215
0.00978	-2.611585	4.578566	-36.280018
0.00909875	-2.5872555	4.675925	-36.35681775
0.0084175	-2.562926	4.773284	-36.4336175
0.00773625	-2.5385965	4.870643	-36.51041725
0.007055	-2.514267	4.968002	-36.587217
0.006478	-2.49076325	5.062556	-36.6560475
0.005901	-2.4672595	5.15711	-36.724878
0.005324	-2.44375575	5.251664	-36.7937085
0.004747	-2.420252	5.346218	-36.862539
0.00426775	-2.397543	5.43796825	-36.9235085
0.0037885	-2.374834	5.5297185	-36.984478
0.00330925	-2.352125	5.62146875	-37.0454475
0.00283	-2.329416	5.713219	-37.106417
0.002441	-2.30747225	5.8021575	-37.1596165
0.002052	-2.2855285	5.891096	-37.212816
0.001663	-2.26358475	5.9800345	-37.2660155
0.001274	-2.241641	6.068973	-37.319215
0.000966	-2.220432	6.155084	-37.364721
0.000658	-2.199223	6.241195	-37.410227
0.00035	-2.178014	6.327306	-37.455733
4.2e-05	-2.156805	6.413417	-37.501239
-0.0001945	-2.1363015	6.49667825	-37.539116
-0.000431	-2.115798	6.5799395	-37.576993
-0.0006675	-2.0952945	6.66320075	-37.61487
-0.000904	-2.074791	6.746462	-37.652747
-0.00107775	-2.0549645	6.82684575	-37.68304875
-0.0012515	-2.035138	6.9072295	-37.7133505
-0.00142525	-2.0153115	6.98761325	-37.74365225
-0.001599	-1.995485	7.067997	-37.773954
-0.00171975	-1.97630675	7.14547175	-37.79672475
-0.0018405	-1.9571285	7.2229465	-37.8194955
-0.00196125	-1.93795025	7.30042125	-37.84226625
-0.002082	-1.918772	7.377896	-37.865037
-0.00215825	-1.90021525	7.452425	-37.8803115
-0.0022345	-1.8816585	7.526954	-37.895586
-0.00231075	-1.86310175	7.601483	-37.9108605
-0.002387	-1.844545	7.676012	-37.926135
-0.00242675	-1.82658275	7.7475555	-37.93394025
-0.0024665	-1.8086205	7.819099	-37.9417455
-0.00250625	-1.79065825	7.8906425	-37.94955075
-0.002546	-1.772696	7.962186	-37.957356
-0.0025565	-1.75530275	8.03070025	-37.95770975
-0.002567	-1.7379095	8.0992145	-37.9580635
-0.0025775	-1.72051625	8.16772875	-37.95841725
-0.002588	-1.703123	8.236243	-37.958771
-0.00257575	-1.68627375	8.3016805	-37.95168075
-0.0025635	-1.6694245	8.367118	-37.9445905
-0.00255125	-1.65257525	8.4325555	-37.93750025
-0.002539	-1.635726	8.497993	-37.93041
-0.00250975	-1.61939625	8.560301	-37.91587175
-0.0024805	-1.6030665	8.622609	-37.9013335
-0.00245125	-1.58673675	8.684917	-37.88679525
-0.002422	-1.570407	8.747225	-37.872257
-0.00238075	-1.55457375	8.806346	-37.85025275
-0.0023395	-1.5387405	8.865467	-37.8282485
-0.00229825	-1.52290725	8.924588	-37.80624425
-0.002257	-1.507074	8.983709	-37.78424
-0.00220775	-1.4917145	9.03957775	-37.75473475
-0.0021585	-1.476355	9.0954465	-37.7252295
-0.00210925	-1.4609955	9.15131525	-37.69572425
-0.00206	-1.445636	9.207184	-37.666219
-0.002006	-1.430728	9.2597275	-37.6291585
-0.001952	-1.41582	9.312271	-37.592098
-0.001898	-1.400912	9.3648145	-37.5550375
-0.001844	-1.386004	9.417358	-37.517977
-0.0017885	-1.371526	9.4664925	-37.473282
-0.001733	-1.357048	9.515627	-37.428587
-0.0016775	-1.34257	9.5647615	-37.383892
-0.001622	-1.328092	9.613896	-37.339197
-0.0015665	-1.31402375	9.6595255	-37.2867605
-0.001511	-1.2999555	9.705155	-37.234324
-0.0014555	-1.28588725	9.7507845	-37.1818875
-0.0014	-1.271819	9.796414	-37.129451
-0.00134675	-1.2581395	9.83842725	-37.0691325
-0.0012935	-1.24446	9.8804405	-37.008814
-0.00124025	-1.2307805	9.92245375	-36.9484955
-0.001187	-1.217101	9.964467	-36.888177
-0.00113675	-1.20379125	10.00273575	-36.8197985
-0.0010865	-1.1904815	10.0410045	-36.75142
-0.00103625	-1.17717175	10.07927325	-36.6830415
-0.000986	-1.163862	10.117542	-36.614663
-0.00094	-1.1509025	10.1519175	-36.53800275
-0.000894	-1.137943	10.186293	-36.4613425
-0.000848	-1.1249835	10.2206685	-36.38468225
-0.000802	-1.112024	10.255044	-36.308022
-0.0007605	-1.099396	10.2853545	-36.2228105
-0.000719	-1.086768	10.315665	-36.137599
-0.0006775	-1.07414	10.3459755	-36.0523875
-0.000636	-1.061512	10.376286	-35.967176
-0.000599	-1.04919775	10.40233425	-35.87309175
-0.000562	-1.0368835	10.4283825	-35.7790075
-0.000525	-1.02456925	10.45443075	-35.68492325
-0.000488	-1.012255	10.480479	-35.590839
-0.000456	-1.00023675	10.502039	-35.4875035
-0.000424	-0.9882185	10.523599	-35.384168
-0.000392	-0.97620025	10.545159	-35.2808325
-0.00036	-0.964182	10.566719	-35.177497
-0.00033275	-0.9524435	10.58353475	-35.064473
-0.0003055	-0.940705	10.6003505	-34.951449
-0.00027825	-0.9289665	10.61716625	-34.838425
-0.000251	-0.917228	10.633982	-34.725401
-0.000228	-0.90575275	10.645765	-34.60219
-0.000205	-0.8942775	10.657548	-34.478979
-0.000182	-0.88280225	10.669331	-34.355768
-0.000159	-0.871327	10.681114	-34.232557
-0.00014025	-0.86010025	10.68754325	-34.09860125
-0.0001215	-0.8488735	10.6939725	-33.9646455
-0.00010275	-0.83764675	10.70040175	-33.83068975
-8.4e-05	-0.82642	10.706831	-33.696734
-6.9e-05	-0.81542775	10.707552	-33.55141825
-5.4e-05	-0.8044355	10.708273	-33.4061025
-3.9e-05	-0.79344325	10.708994	-33.26078675
-2.4e-05	-0.782451	10.709715	-33.115471
-1.225e-05	-0.7716805	10.7043425	-32.95812825
-5e-07	-0.76091	10.69897	-32.8007855
1.125e-05	-0.7501395	10.6935975	-32.64344275
2.3e-05	-0.739369	10.688225	-32.4861
3.175e-05	-0.7288095	10.676344	-32.316022
4.05e-05	-0.71825	10.664463	-32.145944
4.925e-05	-0.7076905	10.652582	-31.975866
5.8e-05	-0.697131	10.640701	-31.805788
6.45e-05	-0.686773	10.6218745	-31.62223775
7.1e-05	-0.676415	10.603048	-31.4386875
7.75e-05	-0.666057	10.5842215	-31.25513725
8.4e-05	-0.655699	10.565395	-31.071587
8.8e-05	-0.64553525	10.5391685	-30.87381825
9.2e-05	-0.6353715	10.512942	-30.6760495
9.6e-05	-0.62520775	10.4867155	-30.47828075
0.0001	-0.615044	10.460489	-30.280512
0.0001025	-0.60506975	10.4264015	-30.067792
0.000105	-0.5950955	10.392314	-29.855072
0.0001075	-0.58512125	10.3582265	-29.642352
0.00011	-0.575147	10.324139	-29.429632
0.000111	-0.56535975	10.28173625	-29.201273
0.000112	-0.5555725	10.2393335	-28.972914
0.000113	-0.54578525	10.19693075	-28.744555
0.000114	-0.535998	10.154528	-28.516196
0.00011375	-0.52639925	10.10337775	-28.271591
0.0001135	-0.5168005	10.0522275	-28.026986
0.00011325	-0.50720175	10.00107725	-27.782381
0.000113	-0.497603	9.949927	-27.537776
0.000112	-0.4881965	9.889639	-27.27644275
0.000111	-0.47879	9.829351	-27.0151095
0.00011	-0.4693835	9.769063	-26.75377625
0.000109	-0.459977	9.708775	-26.492443
0.0001075	-0.450771	9.6390245	-26.2140735
0.000106	-0.441565	9.569274	-25.935704
0.0001045	-0.432359	9.4995235	-25.6573345
0.000103	-0.423153	9.429773	-25.378965
0.000101	-0.4141595	9.35032775	-25.08348425
9.9e-05	-0.405166	9.2708825	-24.7880035
9.7e-05	-0.3961725	9.19143725	-24.49252275
9.5e-05	-0.387179	9.111992	-24.197042
9.25e-05	-0.37841375	9.022743	-23.88467
9e-05	-0.3696485	8.933494	-23.572298
8.75e-05	-0.36088325	8.844245	-23.259926
8.5e-05	-0.352118	8.754996	-22.947554
8.275e-05	-0.3436015	8.65599225	-22.6188755
8.05e-05	-0.335085	8.5569885	-22.290197
7.825e-05	-0.3265685	8.45798475	-21.9615185
7.6e-05	-0.318052	8.358981	-21.63284
7.35e-05	-0.30980875	8.25046575	-21.28887575
7.1e-05	-0.3015655	8.1419505	-20.9449115
6.85e-05	-0.29332225	8.03343525	-20.60094725
6.6e-05	-0.285079	7.92492	-20.256983
6.35e-05	-0.2771375	7.807369	-19.899263
6.1e-05	-0.269196	7.689818	-19.541543
5.85e-05	-0.2612545	7.572267	-19.183823
5.6e-05	-0.253313	7.454716	-18.826103
5.375e-05	-0.24570525	7.32887775	-18.456735
5.15e-05	-0.2380975	7.2030395	-18.087367
4.925e-05	-0.23048975	7.07720125	-17.717999
4.7e-05	-0.222882	6.951363	-17.348631
4.5e-05	-0.21564275	6.8182925	-16.97036225
4.3e-05	-0.2084035	6.685222	-16.5920935
4.1e-05	-0.20116425	6.5521515	-16.21382475
3.9e-05	-0.193925	6.419081	-15.835556
3.7e-05	-0.18709075	6.28017325	-15.45181975
3.5e-05	-0.1802565	6.1412655	-15.0680835
3.3e-05	-0.17342225	6.00235775	-14.68434725
3.1e-05	-0.166588	5.86345	-14.300611
2.925e-05	-0.160196	5.72045925	-13.9155455
2.75e-05	-0.153804	5.5774685	-13.53048
2.575e-05	-0.147412	5.43447775	-13.1454145
2.4e-05	-0.14102	5.291487	-12.760349
2.25e-05	-0.135106	5.1465335	-12.37878175
2.1e-05	-0.129192	5.00158	-11.9972145
1.95e-05	-0.123278	4.8566265	-11.61564725
1.8e-05	-0.117364	4.711673	-11.23408
1.675e-05	-0.1119595	4.56721925	-10.8614495
1.55e-05	-0.106555	4.4227655	-10.488819
1.425e-05	-0.1011505	4.27831175	-10.1161885
1.3e-05	-0.095746	4.133858	-9.743558
1.2e-05	-0.09087625	3.9926465	-9.38574175
1.1e-05	-0.0860065	3.851435	-9.0279255
1e-05	-0.08113675	3.7102235	-8.67010925
9e-06	-0.076267	3.569012	-8.312293
8e-06	-0.07194675	3.433891	-7.97521375
7e-06	-0.0676265	3.29877	-7.6381345
6e-06	-0.06330625	3.163649	-7.30105525
5e-06	-0.058986	3.028528	-6.963976
4.25e-06	-0.055217	2.90211075	-6.65286875
3.5e-06	-0.051448	2.7756935	-6.3417615
2.75e-06	-0.047679	2.64927625	-6.03065425
2e-06	-0.04391	2.522859	-5.719547
1.5e-06	-0.04067775	2.40715725	-5.438206
1e-06	-0.0374455	2.2914555	-5.156865
5e-07	-0.03421325	2.17575375	-4.875524
0.0	-0.030981	2.060052	-4.594183
-5e-07	-0.02825775	1.95633475	-4.34470575
-1e-06	-0.0255345	1.8526175	-4.0952285
-1.5e-06	-0.02281125	1.74890025	-3.84575125
-2e-06	-0.020088	1.645183	-3.596274
-2.25e-06	-0.017836	1.554053	-3.37927025
-2.5e-06	-0.015584	1.462923	-3.1622665
-2.75e-06	-0.013332	1.371793	-2.94526275
-3e-06	-0.01108	1.280663	-2.728259
-3.25e-06	-0.00925425	1.20219	-2.54316875
-3.5e-06	-0.0074285	1.123717	-2.3580785
-3.75e-06	-0.00560275	1.045244	-2.17298825
-4e-06	-0.003777	0.966771	-1.987898
-4.25e-06	-0.002329	0.90060775	-1.83327025
-4.5e-06	-0.000881	0.8344445	-1.6786425
-4.75e-06	0.000567	0.76828125	-1.52401475
-5e-06	0.002015	0.702118	-1.369387
-5.25e-06	0.00313525	0.64760075	-1.24311625
-5.5e-06	0.0042555	0.5930835	-1.1168455
-5.75e-06	0.00537575	0.53856625	-0.99057475
-6e-06	0.006496	0.484049	-0.864304
-6e-06	0.00733775	0.44028175	-0.76382925
-6e-06	0.0081795	0.3965145	-0.6633545
-6e-06	0.00902125	0.35274725	-0.56287975
-6e-06	0.009863	0.30898	-0.462405
-6e-06	0.010474	0.27490575	-0.384873
-6e-06	0.011085	0.2408315	-0.307341
-6e-06	0.011696	0.20675725	-0.229809
-6e-06	0.012307	0.172683	-0.152277
-6e-06	0.01273225	0.14714	-0.094672
-6e-06	0.0131575	0.121597	-0.037067
-6e-06	0.01358275	0.096054	0.020538
-6e-06	0.014008	0.070511	0.078143