0	-14.18346817	2.04281E-14	0
3.42917E-05	-14.18348269	-2.48812E-06	0
0.00027166	-14.18358316	-1.97586E-05	0
0.000907882	-14.18385231	-6.61942E-05	0
0.002130867	-14.1843694	-0.000155746	0
0.004120776	-14.18521028	-0.000301941	0
0.007050128	-14.18644743	-0.000517884	-9.99201E-16
0.01108391	-14.18815001	-0.000816267	-9.99201E-16
0.016379695	-14.19038393	-0.001209373	-9.99201E-16
0.023087745	-14.19321186	-0.001709081	-9.99201E-16
0.031351129	-14.19669331	-0.002326873	-1.9984E-15
0.041305833	-14.20088468	-0.003073839	-1.9984E-15
0.053080869	-14.20583929	-0.003960681	-1.9984E-15
0.066798387	-14.21160745	-0.004997721	-2.9976E-15
0.082573791	-14.21823648	-0.006194905	-3.9968E-15
0.100515842	-14.22577082	-0.007561811	-3.9968E-15
0.120726779	-14.234252	-0.009107649	-4.996E-15
0.143302421	-14.24371874	-0.010841273	-5.9952E-15
0.168332288	-14.25420701	-0.012771183	-6.99441E-15
0.195899703	-14.26575003	-0.014905531	-7.99361E-15
0.22608191	-14.27837836	-0.017252128	-8.99281E-15
0.258950184	-14.29211995	-0.019818446	-1.09912E-14
0.294569941	-14.30700016	-0.022611628	-1.19904E-14
0.333000848	-14.32304183	-0.02563849	-1.39888E-14
0.37429694	-14.34026533	-0.028905531	-1.4988E-14
0.418506727	-14.3586886	-0.032418933	-1.69864E-14
0.465673305	-14.37832723	-0.036184569	-1.89848E-14
0.515834469	-14.39919445	-0.04020801	-2.09832E-14
0.569022827	-14.42130124	-0.044494529	-2.29816E-14
0.625265906	-14.44465635	-0.049049107	-2.498E-14
0.684586266	-14.46926635	-0.053876438	-2.69784E-14
0.747001612	-14.49513569	-0.058980936	-2.9976E-14
0.812524907	-14.52226673	-0.064366739	-3.19744E-14
0.881164478	-14.55065982	-0.070037713	-3.4972E-14
0.952924132	-14.58031332	-0.075997464	-3.69704E-14
1.027803268	-14.61122368	-0.082249335	-3.9968E-14
1.105796984	-14.64338545	-0.088796418	-4.29656E-14
1.186896192	-14.67679137	-0.095641559	-4.59632E-14
1.271087729	-14.71143239	-0.102787357	-4.996E-14
1.358354468	-14.74729774	-0.110236179	-5.30687E-14
1.448675427	-14.78437496	-0.11799016	-5.60663E-14
1.542025885	-14.82264997	-0.126051207	-6.00631E-14
1.638377491	-14.8621071	-0.134421011	-6.30607E-14
1.737698375	-14.90272917	-0.143101047	-6.70575E-14
1.839953259	-14.94449749	-0.152092579	-7.10543E-14
1.945103571	-14.98739196	-0.161396672	-7.50511E-14
2.053107555	-15.0313911	-0.17101419	-7.90479E-14
2.16392038	-15.07647208	-0.180945807	-8.30447E-14
2.277494255	-15.1226108	-0.19119201	-8.70415E-14
2.393778539	-15.16978193	-0.201753104	-9.10383E-14
2.512719853	-15.21795894	-0.212629221	-9.60343E-14
2.63426219	-15.26711419	-0.22382032	-1.00031E-13
2.758347029	-15.31721895	-0.235326197	-1.05027E-13
2.884913441	-15.36824344	-0.247146492	-1.09024E-13
3.013898208	-15.42015691	-0.259280687	-1.1402E-13
3.145235929	-15.47292767	-0.27172812	-1.18017E-13
3.278859133	-15.52652315	-0.284487987	-1.23013E-13
3.41469839	-15.58090994	-0.297559344	-1.28009E-13
3.552682424	-15.63605384	-0.310941121	-1.33005E-13
3.692738222	-15.69191992	-0.324632119	-1.38001E-13
3.834791147	-15.74847256	-0.33863102	-1.42997E-13
3.97876505	-15.80567551	-0.352936392	-1.47993E-13
4.12458238	-15.86349191	-0.367546696	-1.52989E-13
4.272164295	-15.9218844	-0.382460287	-1.57985E-13
4.421430775	-15.9808151	-0.397675424	-1.62981E-13
4.572300733	-16.0402457	-0.413190275	-1.67977E-13
4.724692126	-16.10013751	-0.429002918	-1.73972E-13
4.878522066	-16.16045148	-0.445111355	-1.78968E-13
5.033706934	-16.22114829	-0.461513509	-1.83964E-13
5.190162486	-16.28218837	-0.478207234	-1.89959E-13
5.347803972	-16.34353197	-0.49519032	-1.95066E-13
5.506546239	-16.40513919	-0.5124605	-2.00062E-13
5.666303851	-16.46697003	-0.530015451	-2.05058E-13
5.826991192	-16.52898447	-0.547852805	-2.11053E-13
5.988522584	-16.59114247	-0.565970151	-2.16049E-13
6.150812396	-16.65340408	-0.584365041	-2.21045E-13
6.313775154	-16.71572944	-0.603034997	-2.26041E-13
6.477325655	-16.77807884	-0.621977515	-2.32037E-13
6.641379076	-16.84041279	-0.641190072	-2.37033E-13
6.805851089	-16.90269204	-0.660670131	-2.42029E-13
6.970657967	-16.96487767	-0.680415145	-2.47025E-13
7.1357167	-17.02693109	-0.700422565	-2.5302E-13
7.300945105	-17.08881413	-0.720689845	-2.58016E-13
7.466261938	-17.15048908	-0.741214447	-2.63012E-13
7.631587002	-17.2119187	-0.761993845	-2.68008E-13
7.796841264	-17.27306636	-0.783025533	-2.73004E-13
7.961946962	-17.33389598	-0.80430703	-2.78E-13
8.126827719	-17.39437216	-0.825835886	-2.81997E-13
8.291408652	-17.4544602	-0.847609686	-2.86993E-13
8.455616486	-17.51412615	-0.869626057	-2.91989E-13
8.619379665	-17.57333686	-0.891882671	-2.96985E-13
8.78262846	-17.63206003	-0.914377256	-3.01981E-13
8.945295086	-17.69026427	-0.937107595	-3.05977E-13
9.107313808	-17.74791914	-0.960071535	-3.10973E-13
9.268621056	-17.80499519	-0.983266995	-3.1497E-13
9.429155536	-17.86146402	-1.006691965	-3.19966E-13
9.588858339	-17.91729834	-1.030344519	-3.23963E-13
9.747673057	-17.97247201	-1.054222813	-3.2796E-13
9.905545889	-18.02696007	-1.078325098	-3.32068E-13
10.06242576	-18.08073884	-1.10264972	-3.36065E-13
10.21826441	-18.13378591	-1.127195128	-3.40061E-13
10.37301655	-18.18608023	-1.151959879	-3.44058E-13
10.52663993	-18.23760214	-1.176942644	-3.48055E-13
10.67909546	-18.28833344	-1.202142213	-3.52052E-13
10.83034735	-18.33825742	-1.227557501	-3.56049E-13
10.98036318	-18.3873589	-1.253187553	-3.59046E-13
11.12911404	-18.43562433	-1.27903155	-3.63043E-13
11.27657462	-18.48304178	-1.305088816	-3.66041E-13
11.42272336	-18.52960103	-1.331358819	-3.69038E-13
11.56754251	-18.57529358	-1.357841183	-3.73035E-13
11.71101827	-18.62011274	-1.384535687	-3.76033E-13
11.85314092	-18.66405369	-1.411442275	-3.7903E-13
11.99390488	-18.70711345	-1.438561062	-3.82028E-13
12.13330886	-18.74929104	-1.465892335	-3.85025E-13
12.27135598	-18.79058742	-1.493436563	-3.88023E-13
12.40805385	-18.83100563	-1.5211944	-3.90021E-13
12.54341468	-18.87055078	-1.549166693	-3.93019E-13
12.67745543	-18.90923015	-1.577354486	-3.96017E-13
12.81019789	-18.94705317	-1.605759023	-3.98015E-13
12.94166881	-18.98403155	-1.634381758	-4.01013E-13
13.07189997	-19.02017927	-1.66322436	-4.03011E-13
13.20092835	-19.05551265	-1.692288716	-4.05009E-13
13.32879621	-19.0900504	-1.721576937	-4.08007E-13
13.45555119	-19.12381369	-1.751091366	-4.10005E-13
13.58124646	-19.15682616	-1.78083458	-4.12004E-13
13.70594079	-19.18911398	-1.810809401	-4.14002E-13
13.82969869	-19.22070593	-1.841018895	-4.16001E-13
13.95259049	-19.25163341	-1.871466381	-4.17999E-13
14.0746925	-19.28193052	-1.902155437	-4.19997E-13
14.19608708	-19.3116341	-1.933089906	-4.21996E-13
14.31686277	-19.34078376	-1.964273897	-4.23994E-13
14.43711438	-19.36942196	-1.995711797	-4.25993E-13
14.55694313	-19.39759404	-2.027408271	-4.27991E-13
14.67645677	-19.42534829	-2.059368273	-4.29989E-13
14.79576963	-19.45273596	-2.091597046	-4.30989E-13
14.91500279	-19.47981135	-2.124100132	-4.32987E-13
15.03428418	-19.50663184	-2.156883363	-1.24597E-08
15.15374604	-19.53325668	-2.189951387	-1.9456E-06
15.27351501	-19.5597422	-2.223301959	-1.68371E-05
15.39370808	-19.58613985	-2.256923711	-6.76533E-05
15.51443259	-19.61249623	-2.29079634	-0.000189023
15.63578648	-19.63885322	-2.32489085	-0.000426899
15.75785841	-19.66524802	-2.359169791	-0.000838223
15.88072798	-19.69171332	-2.393587497	-0.001490586
16.00446589	-19.71827728	-2.428090333	-0.002461895
16.12913407	-19.74496375	-2.462616932	-0.003840029
16.25478594	-19.77179226	-2.497098437	-0.005722511
16.3814665	-19.79877817	-2.53145874	-0.008216162
16.50921258	-19.82593273	-2.565614727	-0.01143677
16.63805294	-19.85326322	-2.599476514	-0.01550875
16.76800852	-19.88077299	-2.63294769	-0.020564808
16.89909255	-19.90846156	-2.665925559	-0.026745603
17.03131076	-19.93632476	-2.698301381	-0.034199409
17.16466157	-19.96435476	-2.729960608	-0.043081782
17.2991362	-19.99254022	-2.760783132	-0.053555218
17.43471892	-20.02086633	-2.79064352	-0.065788818
17.57138719	-20.04931495	-2.819411259	-0.079957949
17.70911183	-20.07786466	-2.846950995	-0.096243912
17.84785719	-20.10649088	-2.873122773	-0.114833599
17.98758136	-20.13516597	-2.897782278	-0.135919158
18.12823631	-20.16385929	-2.920781078	-0.159697656
18.26976808	-20.19253732	-2.941966865	-0.186370744
18.41211695	-20.22116375	-2.961183691	-0.216144314
18.55521761	-20.24969955	-2.978272215	-0.24922817
18.69899935	-20.2781031	-2.993069939	-0.285835682
18.84338622	-20.30633024	-3.005411453	-0.326183456
18.98829722	-20.33433442	-3.015128672	-0.370490993
19.13364645	-20.36206672	-3.02205108	-0.418980353
19.27934333	-20.389476	-3.02600597	-0.471875819
19.42529271	-20.41650897	-3.026818681	-0.529403557
19.5713951	-20.44311029	-3.024312847	-0.59179128
19.71754682	-20.46922266	-3.01831063	-0.659267914
19.86364018	-20.4947869	-3.008632964	-0.732063256
20.00956367	-20.51974207	-2.995099797	-0.810407639
20.15520209	-20.54402552	-2.977530331	-0.894531596
20.30043678	-20.56757305	-2.955743261	-0.984665521
20.44514576	-20.59031894	-2.929557019	-1.081039332
20.58920391	-20.61219606	-2.898790012	-1.183882135
20.73248316	-20.63313598	-2.863260864	-1.293421888
20.87485265	-20.65306904	-2.822788659	-1.409885058
21.0161789	-20.67192446	-2.777193177	-1.533496292
21.15632601	-20.68963043	-2.72629514	-1.664478073
21.2951558	-20.7061142	-2.669916449	-1.803050387
21.43252803	-20.72130216	-2.607880427	-1.949430385
21.56830051	-20.73511996	-2.54001206	-2.103832043
21.70232936	-20.74749257	-2.466138237	-2.26646583
21.83446909	-20.7583444	-2.386087988	-2.437538365
21.96457286	-20.76759939	-2.299692733	-2.617252087
22.09249261	-20.77518108	-2.206786514	-2.805804909
22.21807922	-20.78101273	-2.10720624	-3.003389889
22.34118273	-20.78501739	-2.000791929	-3.210194887
22.4616525	-20.78711801	-1.887386945	-3.426402233
22.57933735	-20.78723754	-1.766838243	-3.652188384
22.69408578	-20.78529899	-1.638996608	-3.887723593
22.80574613	-20.78122554	-1.503716894	-4.133171566
22.91416674	-20.77494065	-1.360858269	-4.38868913
23.01919614	-20.76636813	-1.210284452	-4.654425891
23.12068324	-20.75543224	-1.051863956	-4.930523902
23.21847744	-20.74205779	-0.885470328	-5.217117322
23.31242891	-20.7261702	-0.710982391	-5.514332079
23.40238867	-20.70769566	-0.528284483	-5.822285535
23.48820881	-20.68656114	-0.337266699	-6.141086147
23.56974264	-20.66269456	-0.137825132	-6.470833132
23.64684492	-20.63602481	0.070137886	-6.811616128
23.71937195	-20.60648191	0.286713544	-7.163514855
23.78718182	-20.57399706	0.511986311	-7.526598783
23.85013456	-20.53850274	0.746033695	-7.900926791
23.90809228	-20.49993282	0.988926001	-8.28654683
23.9609194	-20.45822263	1.240726092	-8.683495588
24.00848279	-20.41330906	1.501489147	-9.091798149
24.05065195	-20.36513067	1.77126242	-9.511467662
24.08729922	-20.31362776	2.050085	-9.942504997
24.11829988	-20.25874247	2.33798757	-10.38489841
24.1435324	-20.20041887	2.634992165	-10.83862322
24.16287857	-20.13860307	2.941111933	-11.30364143
24.17622371	-20.07324329	3.256350892	-11.77990145
24.18345679	-20.00428996	3.580703691	-12.26733772
24.18447066	-19.93169582	3.914155369	-12.76587036
24.17916221	-19.85541602	4.256681111	-13.27540487
24.16743252	-19.77540816	4.608246014	-13.7958318
24.14918706	-19.69163248	4.968804837	-14.32702634
24.12433588	-19.60405184	5.338301768	-14.86884808
24.09279373	-19.51263192	5.71667018	-15.42114059
24.05448028	-19.41734121	6.103832389	-15.98373114
24.00932029	-19.3181512	6.499699415	-16.55643034
23.95724378	-19.2150364	6.904170741	-17.1390318
23.89818618	-19.10797447	7.31713407	-17.73131178
23.83208856	-18.99694629	7.738465089	-18.3330289
23.75889774	-18.88193608	8.168027222	-18.94392375
23.67856651	-18.76293147	8.605671393	-19.56371858
23.59105382	-18.63992361	9.051235785	-20.19211698
23.49632487	-18.51290724	9.504545597	-20.82880348
23.3943514	-18.3818808	9.965412805	-21.4734433
23.28511176	-18.24684652	10.43363592	-22.12568192
23.16859116	-18.10781051	10.90899975	-22.78514483
23.0447818	-17.96478287	11.39127516	-23.45143714
22.91368308	-17.81777773	11.88021882	-24.12414323
22.77530174	-17.66681343	12.37557298	-24.80282647
22.62965205	-17.51191251	12.8770652	-25.48702885
22.476756	-17.3531019	13.38440817	-26.17627062
22.31664345	-17.19041293	13.8972994	-26.87005
22.14935232	-17.0238815	14.41542101	-27.5678428
21.97492874	-16.85354809	14.9384395	-28.26910213
21.79342729	-16.67945794	15.4660055	-28.973258
21.60491108	-16.50166106	15.9977535	-29.67971705
21.40945202	-16.32021239	16.53330166	-30.38786217
21.2071309	-16.13517185	17.07225155	-31.09705215
20.99803767	-15.94660446	17.61418787	-31.80662141
20.78227152	-15.75458039	18.15867828	-32.51587959
20.55994111	-15.55917511	18.7052731	-33.22411125
20.33116472	-15.36046946	19.25350509	-33.93057552
20.09607044	-15.15854972	19.80288923	-34.63450579
19.85479635	-14.95350772	20.35292244	-35.33510931
19.60749066	-14.74544095	20.90308337	-36.03156693
19.35431193	-14.53445262	21.45283214	-36.72303272
19.0954292	-14.32065177	22.0016101	-37.40863362
18.83102223	-14.10415339	22.54883962	-38.08746915
18.56128158	-13.88507844	23.0939238	-38.75861103
18.28640888	-13.66355402	23.63624628	-39.42110285
18.00661694	-13.43971342	24.17517094	-40.07395975
17.72212996	-13.21369621	24.71004171	-40.71616808
17.43318369	-12.98564838	25.24018233	-41.34668506
17.14002561	-12.75572235	25.76489606	-41.96443841
16.84291508	-12.52407715	26.28346549	-42.56832607
16.54212358	-12.29087846	26.79515226	-43.15721583
16.23793479	-12.05629871	27.29919686	-43.72994499
15.93064487	-11.82051719	27.79481836	-44.28532004
15.62056255	-11.58372013	28.28121416	-44.8221163
15.30800933	-11.34610079	28.7575598	-45.33907762
14.99331969	-11.10785956	29.22300864	-45.834916
14.67684122	-10.86920404	29.67669171	-46.30831128
14.35893481	-10.63034917	30.11771739	-46.75791078
14.03997438	-10.39151701	30.54517262	-47.18233127
13.72033762	-10.15293146	30.95815273	-47.58020738
13.40039102	-9.914809709	31.35580861	-47.95026802
13.08048769	-9.677360932	31.73735338	-48.29134701
12.7609675	-9.440786405	32.1020611	-48.60238088
12.44215725	-9.205279615	32.44926557	-48.88240673
12.12437092	-8.971026369	32.77835905	-49.13056005
11.80790981	-8.738204908	33.08879106	-49.34607255
11.49306273	-8.506986014	33.3800671	-49.52826998
11.18010622	-8.27753312	33.65174744	-49.67657
10.86930473	-8.050002427	33.90344586	-49.79047995
10.56091077	-7.824543006	34.13482838	-49.86959473
10.25516515	-7.601296915	34.34561208	-49.9135946
9.952297172	-7.380399306	34.53556382	-49.92224303
9.652524761	-7.161978539	34.70449898	-49.8953845
9.356054709	-6.946156288	34.85228027	-49.83294238
9.063082845	-6.733047655	34.97881642	-49.7349167
8.773794225	-6.522761281	35.084061	-49.60138204
8.48836332	-6.315399454	35.16801115	-49.43248531
8.20695421	-6.111058221	35.23070634	-49.22844361
7.92972077	-5.909827499	35.27222711	-48.98954204
7.656806859	-5.711791185	35.29269387	-48.71613154
7.388346512	-5.517027267	35.29226561	-48.40862674
7.124464124	-5.325607933	35.27113869	-48.06750374
6.865274649	-5.137599684	35.22954559	-47.69329799
6.610883777	-4.953063445	35.16775366	-47.28660211
6.361388134	-4.772054671	35.08606388	-46.84806367
6.116875465	-4.594623464	34.98480963	-46.3783831
5.877424825	-4.420814677	34.86435543	-45.87831146
5.643106771	-4.25066803	34.7250957	-45.34864828
5.413983545	-4.084218218	34.56745354	-44.79023944
5.190109272	-3.921495024	34.39187944	-44.20397491
4.97153014	-3.762523424	34.19885011	-43.59078665
4.758284597	-3.607323704	33.98886717	-42.95164643
4.550403536	-3.455911567	33.76245592	-42.28756364
4.347910486	-3.308298246	33.52016415	-41.59958312
4.1508218	-3.164490611	33.26256081	-40.88878301
3.959146846	-3.024491282	32.99023486	-40.15627257
3.772888196	-2.888298742	32.70379395	-39.40319
3.592041814	-2.755907442	32.40386324	-38.63070029
3.416597247	-2.627307915	32.0910841	-37.83999302
3.246537811	-2.502486887	31.76611292	-37.03228024
3.081840787	-2.381427387	31.42961983	-36.20879424
2.922477603	-2.264108856	31.08228746	-35.37078541
2.768414028	-2.15050726	30.72480975	-34.51952009
2.619610359	-2.040595199	30.35789062	-33.65627836
2.476021612	-1.934342018	29.9822428	-32.78235189
2.337597709	-1.831713919	29.59858656	-31.89904178
2.20428367	-1.73267407	29.20764845	-31.00765637
2.076019801	-1.637182713	28.81016011	-30.10950907
1.952741884	-1.545197282	28.40685696	-29.20591621
1.834381364	-1.456672507	27.99847701	-28.29819486
1.720865543	-1.371560526	27.5857596	-27.38766065
1.612117762	-1.289810997	27.16944415	-26.4756256
1.5080576	-1.211371208	26.75026893	-25.56339598
1.408601055	-1.136186189	26.32896981	-24.65227011
1.313660735	-1.064198818	25.90627901	-23.74353618
1.223146054	-0.995349938	25.4829239	-22.83847012
1.136963409	-0.929578463	25.05962567	-21.9383334
1.055016383	-0.866821488	24.6370982	-21.04437086
0.977205924	-0.807014405	24.21604673	-20.15780855
0.903430539	-0.750091007	23.79716664	-19.27985158
0.833586482	-0.695983605	23.38114223	-18.41168189
0.767567945	-0.644623133	22.96864547	-17.55445615
0.705267243	-0.59593926	22.56033473	-16.70930353
0.64657501	-0.549860506	22.15685357	-15.87732358
0.591380383	-0.506314342	21.75882947	-15.05958403
0.539571192	-0.465227313	21.36687264	-14.25711861
0.491034153	-0.426525137	20.9815747	-13.47092492
0.445655052	-0.390132824	20.6035075	-12.70196223
0.403318938	-0.355974783	20.23322185	-11.95114932
0.363910311	-0.323974933	19.87124628	-11.21936229
0.327313314	-0.294056814	19.51808581	-10.50743242
0.293411916	-0.266143696	19.17422068	-9.816143991
0.262090107	-0.240158693	18.84010515	-9.146232102
0.233232087	-0.21602487	18.51616623	-8.498380511
0.206722453	-0.193665356	18.20280241	-7.873219462
0.182446389	-0.173003453	17.9003825	-7.271323518
0.160289855	-0.153962748	17.60924428	-6.693209385
0.140139777	-0.136467223	17.32969336	-6.139333746
0.121884239	-0.120441366	17.06200187	-5.610091092
0.105412665	-0.105810278	16.80640725	-5.105811547
0.090616018	-0.092499792	16.56311097	-4.626758704
0.077386979	-0.080436574	16.33227735	-4.173127451
0.065620146	-0.069548239	16.11403226	-3.745041802
0.055212216	-0.059763463	15.9084619	-3.342552725
0.046062178	-0.051012087	15.71561157	-2.965635977
0.038071503	-0.043225235	15.5354844	-2.614189929
0.031144329	-0.036335421	15.36804013	-2.288033397
0.025187657	-0.030276658	15.21319386	-1.986903473
0.020111532	-0.024984572	15.0708148	-1.710453357
0.01582924	-0.020396512	14.94072503	-1.45825018
0.012257494	-0.016451657	14.82269829	-1.229772842
0.009316623	-0.013091133	14.71645868	-1.024409837
0.00693076	-0.010258117	14.62167947	-0.841457085
0.005028036	-0.007897951	14.53798181	-0.680115759
0.003540765	-0.005958253	14.46493353	-0.539490121
0.002405635	-0.004389027	14.40204788	-0.418585344
0.001563897	-0.003142773	14.34878228	-0.316305349
0.000961556	-0.002174597	14.3045371	-0.23145063
0.000549555	-0.001442324	14.26865438	-0.162716088
0.000283973	-0.000906606	14.24041663	-0.108688857
0.000126205	-0.000531035	14.21904556	-0.067846136
4.31593E-05	-0.00028225	14.20370085	-0.038553019
7.44074E-06	-0.000130054	14.1934789	-0.019060325
-2.45625E-06	-4.75155E-05	14.18741158	-0.007502427
-1.95968E-06	-1.10885E-05	14.18446502	-0.001895084
-2.30542E-07	-7.16526E-07	14.18353833	-0.000133266
2.66598E-12	-3.0802E-12	14.18346817	7.79932E-13