0	0	14.18346817	0
-1.1006E-05	2.70159E-05	14.18344706	0
-8.59603E-05	0.000213622	14.18330062	0
-0.00028312	0.000712567	14.1829072	0
-0.000654635	0.001669228	14.18214912	0
-0.001246659	0.003221716	14.18091261	0
-0.002099463	0.005500978	14.17908779	0
-0.003247544	0.008630898	14.17656862	0
-0.004719739	0.012728406	14.17325287	0
-0.006539335	0.017903575	14.16904203	0
-0.008724182	0.024259726	14.16384135	0
-0.011286802	0.031893533	14.15755969	0
-0.014234504	0.040895125	14.15010959	0
-0.017569494	0.05134819	14.14140714	0
-0.021288985	0.063330074	14.13137197	0
-0.02538531	0.076911891	14.11992723	0
-0.029846036	0.092158621	14.10699949	0
-0.03465407	0.109129215	14.09251878	0
-0.039787775	0.127876698	14.07641845	0
-0.045221081	0.148448271	14.0586352	0
-0.050923594	0.170885417	14.03910901	0
-0.056860711	0.195224002	14.0177831	0
-0.062993729	0.221494378	13.99460389	0
-0.069279958	0.249721487	13.96952095	0
-0.075672832	0.279924964	13.94248696	0
-0.08212202	0.312119241	13.91345769	0
-0.088573538	0.346313647	13.8823919	0
-0.094969862	0.382512515	13.84925137	0
-0.101250037	0.420715285	13.81400079	0
-0.107349791	0.460916602	13.77660778	0
-0.113201644	0.503106427	13.73704278	0
-0.118735023	0.547270132	13.69527908	0
-0.123876369	0.593388612	13.65129271	0
-0.128549253	0.641438379	13.60506243	0
-0.132674485	0.691391672	13.55656971	0
-0.136170227	0.743216558	13.50579863	0
-0.138952101	0.796877033	13.45273589	0
-0.140933307	0.852333129	13.39737074	0
-0.142024729	0.909541013	13.33969493	0
-0.142135049	0.968453096	13.27970269	0
-0.141170858	1.02901813	13.2173907	0
-0.139036766	1.091181313	13.15275798	0
-0.135635517	1.154884395	13.08580592	0
-0.1308681	1.220065778	13.01653822	0
-0.124633855	1.286660621	12.9449608	0
-0.116830593	1.354600941	12.87108184	0
-0.107354702	1.423815719	12.79491164	0
-0.096101259	1.494231001	12.71646266	0
-0.082964143	1.565770003	12.63574945	0
-0.067836146	1.638353211	12.55278858	0
-0.050609087	1.711898488	12.46759863	0
-0.031173918	1.786321174	12.38020015	0
-0.009420839	1.861534193	12.29061557	0
0.014760588	1.937448151	12.19886924	0
0.041481333	2.013971443	12.10498729	0
0.070852781	2.091010355	12.00899766	0
0.102986625	2.168469169	11.91093004	0
0.137994753	2.24625026	11.81081581	0
0.175989132	2.324254209	11.70868799	0
0.217081704	2.402379896	11.60458125	0
0.26138427	2.480524611	11.49853181	0
0.309008379	2.558584153	11.39057742	0
0.360065215	2.636452934	11.28075732	0
0.414665489	2.714024082	11.16911219	0
0.472919325	2.791189546	11.05568412	0
0.534936149	2.867840197	10.94051655	0
0.600824576	2.943865931	10.82365423	0
0.670692302	3.019155775	10.7051432	0
0.744645989	3.093597986	10.5850307	0
0.822791155	3.167080157	10.46336519	0
0.905232061	3.239489322	10.34019625	0
0.992071602	3.310712053	10.21557458	0
1.083411194	3.380634569	10.08955192	0
1.17935066	3.449142837	9.962181035	0
1.279988125	3.516122674	9.833515663	0
1.385419897	3.581459854	9.703610471	0
1.49574036	3.645040205	9.572521012	0
1.61104186	3.706749719	9.440303685	0
1.731414597	3.766474649	9.307015689	0
1.856946508	3.824101617	9.172714984	0
1.987723161	3.879517714	9.037460245	0
2.12382764	3.932610607	8.90131082	0
2.265340434	3.983268636	8.764326687	0
2.412339326	4.031380922	8.626568414	0
2.564899282	4.076837469	8.488097112	0
2.723092337	4.119529269	8.348974394	0
2.886987488	4.1593484	8.209262334	0
3.056650575	4.196188133	8.069023421	0
3.23214418	4.229943037	7.928320519	0
3.413527503	4.260509077	7.787216821	0
3.600856262	4.287783721	7.645775812	0
3.794182573	4.311666041	7.504061219	0
3.993554844	4.33205682	7.362136972	0
4.19901766	4.348858649	7.220067164	-9.99201E-16
4.410611673	4.361976035	7.077916	-9.99201E-16
4.628373489	4.371315503	6.935747764	-9.99201E-16
4.852335559	4.376785698	6.79362677	-9.99201E-16
5.082526065	4.378297491	6.651617319	-9.99201E-16
5.318968809	4.375764077	6.509783659	-9.99201E-16
5.561683104	4.369101083	6.368189944	-9.99201E-16
5.810683658	4.358226671	6.226900183	-9.99201E-16
6.065980466	4.343061638	6.085978208	-9.99201E-16
6.327578695	4.32352952	5.945487621	-9.99201E-16
6.595478577	4.299556698	5.80549176	-9.99201E-16
6.869675294	4.271072499	5.666053651	-9.99201E-16
7.150158867	4.238009297	5.527235964	-9.99201E-16
7.436914046	4.200302621	5.389100976	-9.99201E-16
7.729920196	4.157891255	5.251710524	-9.99201E-16
8.029151188	4.110717342	5.115125962	-9.99201E-16
8.334575285	4.058726486	4.97940812	-9.99201E-16
8.646155033	4.001867858	4.844617261	-9.99201E-16
8.963847147	3.940094295	4.710813037	-9.99201E-16
9.2876024	3.873362407	4.578054447	-9.99201E-16
9.617365513	3.80163268	4.446399795	-9.99201E-16
9.953075043	3.724869574	4.315906646	-9.99201E-16
10.29466327	3.643041634	4.186631783	-9.99201E-16
10.64205608	3.556121586	4.058631165	-9.99201E-16
10.99517288	3.464086446	3.931959884	-9.99201E-16
11.35392644	3.366917619	3.806672124	-9.99201E-16
11.71822282	3.264601004	3.682821114	-9.99201E-16
12.08796124	3.157127096	3.560459089	-9.99201E-16
12.463034	3.044491092	3.439637245	-9.99201E-16
12.84332631	2.92669299	3.320405698	-9.99201E-16
13.22871622	2.803737696	3.20281344	-9.99201E-16
13.61907451	2.675635124	3.086908297	-9.99201E-16
14.01426456	2.542400302	2.972736885	-9.99201E-16
14.41414225	2.404053474	2.860344568	-9.99201E-16
14.81855584	2.260620201	2.749775415	-9.99201E-16
15.22734588	2.112131468	2.641072159	-9.99201E-16
15.64034505	1.958623784	2.534276151	-9.99201E-16
16.05737811	1.800139288	2.429427319	-9.99201E-16
16.47826175	1.63672585	2.326564126	-9.99201E-16
16.90280448	1.468437175	2.225723524	-9.99201E-16
17.33080654	1.295332905	2.126940917	-9.99201E-16
17.76205976	1.117478724	2.030250112	-9.99201E-16
18.19634746	0.93494646	1.935683278	-9.99201E-16
18.63344436	0.747814189	1.843270909	-9.99201E-16
19.07311644	0.556166337	1.75304177	0
19.51512083	0.360093784	1.665022865	0
19.95920571	0.159693968	1.579239388	0
20.4051102	-0.044929014	1.495714683	0
20.85256425	-0.253664302	1.414470199	0
21.3012885	-0.466394169	1.335525448	0
21.75099421	-0.682993918	1.258897966	0
22.20138311	-0.903331779	1.184603262	0
22.65214733	-1.127268808	1.112654783	0
23.10296925	-1.354658779	1.043063868	0
23.5535214	-1.585348085	0.975839706	0
24.00346637	-1.819175635	0.91098929	0
24.45245667	-2.055972747	0.84851738	0
24.90013462	-2.295563048	0.788426455	0
25.34613225	-2.537762371	0.730716675	0
25.79007122	-2.782378649	0.675385831	0
26.23156262	-3.029211816	0.622429312	0
26.67020695	-3.278053699	0.571840053	0
27.10559396	-3.52868792	0.523608498	0
27.53730256	-3.780889788	0.477722555	0
27.96490067	-4.0344262	0.434167555	0
28.38794518	-4.289055533	0.392926204	0
28.80598175	-4.544527547	0.353978549	0
29.21854478	-4.800583276	0.317301926	0
29.62515723	-5.05695493	0.282870925	0
30.02533057	-5.313365786	0.250657341	0
30.41856463	-5.56953009	0.220630136	0
30.80434748	-5.825152952	0.192755391	0
31.18215535	-6.079930242	0.16699627	0
31.55145251	-6.333548488	0.143312972	0
31.91169114	-6.585684773	0.121662689	0
32.26231124	-6.836006628	0.101999565	0
32.6027405	-7.084171937	0.084274652	0
32.93239421	-7.329828825	0.068435867	0
33.25067513	-7.572615561	0.054427951	0
33.55697338	-7.81216045	0.042192423	0
33.85066634	-8.048081736	0.031667539	0
34.13111853	-8.279987491	0.022788251	0
34.3976815	-8.507475521	0.015486162	0
34.64969372	-8.730133253	0.009689483	0
34.88648046	-8.94753764	0.005322991	0
35.1073537	-9.159255053	0.002307987	0
35.31161198	-9.364841179	0.00056225	0
35.49854034	-9.563840921	-3.9968E-14	0
35.66741345	-9.755790132	0.000532142	0
35.81753148	-9.940235717	0.002069444	0
35.94825528	-10.11675543	0.004525709	0
36.05900834	-10.28495906	0.007818009	0
36.14927543	-10.4444878	0.011866642	0
36.21860124	-10.59501361	0.016595074	0
36.26658906	-10.73623852	0.021929886	0
36.29289938	-10.86789402	0.027800727	0
36.29724862	-10.98974039	0.034140256	0
36.27940767	-11.10156607	0.040884096	0
36.23920066	-11.20318698	0.047970776	0
36.17650349	-11.2944459	0.055341683	0
36.09124258	-11.37521178	0.062941008	0
35.98339346	-11.44537916	0.070715694	0
35.85297944	-11.50486743	0.078615384	0
35.70007026	-11.55362026	0.086592369	0
35.52478073	-11.59160489	0.094601537	0
35.32726939	-11.61881152	0.10260032	0
35.10773717	-11.63525263	0.110548638	9.99201E-16
34.86642598	-11.64096236	0.118408855	9.99201E-16
34.60361746	-11.63599584	0.126145721	9.99201E-16
34.31963154	-11.62042853	0.133726319	9.99201E-16
34.01482512	-11.5943556	0.141120018	9.99201E-16
33.68959075	-11.55789126	0.148298417	9.99201E-16
33.34435522	-11.51116811	0.155235294	9.99201E-16
32.97957827	-11.45433649	0.161906553	9.99201E-16
32.59575119	-11.38756383	0.168290174	9.99201E-16
32.19339551	-11.31103401	0.174366158	9.99201E-16
31.77306161	-11.2249467	0.180116477	9.99201E-16
31.3353274	-11.12951672	0.185525022	9.99201E-16
30.88079696	-11.02497336	0.190577549	9.99201E-16
30.41009919	-10.91155977	0.195261629	9.99201E-16
29.92388646	-10.78953228	0.199566594	9.99201E-16
29.42283325	-10.65915977	0.203483485	9.99201E-16
28.90763481	-10.52072301	0.207005004	9.99201E-16
28.37900581	-10.374514	0.210125454	9.99201E-16
27.83767899	-10.22083533	0.212840695	9.99201E-16
27.28440379	-10.05999956	0.215148087	9.99201E-16
26.71994504	-9.892328486	0.217046437	9.99201E-16
26.14508155	-9.718152593	0.218535953	9.99201E-16
25.56060484	-9.53781033	0.219618184	9.99201E-16
24.9673177	-9.351647491	0.220295975	9.99201E-16
24.36603291	-9.160016556	0.220573409	9.99201E-16
23.75757186	-8.963276048	0.22045576	9.99201E-16
23.14276319	-8.761789874	0.219949435	9.99201E-16
22.52244146	-8.55592668	0.219061929	9.99201E-16
21.8974458	-8.346059202	0.217801765	1.9984E-15
21.26861854	-8.132563609	0.216178451	1.9984E-15
20.63680387	-7.915818862	0.214202418	1.9984E-15
20.00284649	-7.696206055	0.211884976	1.9984E-15
19.36759027	-7.474107772	0.209238257	1.9984E-15
18.73187688	-7.249907431	0.206275165	1.9984E-15
18.09654445	-7.023988637	0.203009323	1.9984E-15
17.46242621	-6.796734532	0.199455021	1.9984E-15
16.83034916	-6.568527143	0.195627166	1.9984E-15
16.20113271	-6.339746731	0.191541225	1.9984E-15
15.57558732	-6.110771146	0.187213178	1.9984E-15
14.95451314	-5.881975169	0.182659462	1.9984E-15
14.3386987	-5.653729868	0.177896924	1.9984E-15
13.72891953	-5.426401946	0.172942761	1.9984E-15
13.1259368	-5.200353089	0.167814475	1.9984E-15
12.53049601	-4.975939318	0.162529818	1.9984E-15
11.94332559	-4.753510338	0.157106739	1.9984E-15
11.36513558	-4.533408886	0.151563335	1.9984E-15
10.79661627	-4.315970085	0.145917794	1.9984E-15
10.23843686	-4.101520789	0.140188348	1.9984E-15
9.691244107	-3.890378935	0.134393217	1.9984E-15
9.155660949	-3.682852894	0.12855056	1.9984E-15
8.632285188	-3.479240818	0.122678421	1.9984E-15
8.121688126	-3.279829993	0.116794676	1.9984E-15
7.624413211	-3.084896186	0.110916982	2.9976E-15
7.140974691	-2.894702994	0.105062727	2.9976E-15
6.671856265	-2.709501198	0.099248975	2.9976E-15
6.217509728	-2.52952811	0.093492412	2.9976E-15
5.778353624	-2.355006921	0.087809301	2.9976E-15
5.354771892	-2.186146055	0.082215423	2.9976E-15
4.94711252	-2.023138515	0.076726026	2.9976E-15
4.555686192	-1.866161235	0.071355778	2.9976E-15
4.180764937	-1.71537443	0.066118707	2.9976E-15
3.82258078	-1.570920941	0.061028155	2.9976E-15
3.481324389	-1.432925594	0.056096725	2.9976E-15
3.157143729	-1.30149454	0.051336224	2.9976E-15
2.850142706	-1.176714612	0.046757619	2.9976E-15
2.560379822	-1.058652669	0.042370976	2.9976E-15
2.28786682	-0.947354951	0.038185417	2.9976E-15
2.032567336	-0.842846426	0.034209058	2.9976E-15
1.794395547	-0.745130139	0.030448967	2.9976E-15
1.573214823	-0.654186563	0.026911103	2.9976E-15
1.368836372	-0.56997295	0.023600271	2.9976E-15
1.181017896	-0.492422678	0.020520064	2.9976E-15
1.009462235	-0.421444604	0.017672815	2.9976E-15
0.853816016	-0.356922409	0.015059542	3.9968E-15
0.71366831	-0.298713954	0.012679901	3.9968E-15
0.588549273	-0.246650625	0.010532125	3.9968E-15
0.477928798	-0.200536682	0.00861298	3.9968E-15
0.381215169	-0.160148615	0.00691771	3.9968E-15
0.297753703	-0.125234488	0.005439985	3.9968E-15
0.226825406	-0.095513289	0.004171847	3.9968E-15
0.16764562	-0.070674284	0.00310366	3.9968E-15
0.11936267	-0.050376361	0.002224058	3.9968E-15
0.081056519	-0.034247386	0.001519893	3.9968E-15
0.051737412	-0.021883548	0.000976181	3.9968E-15
0.03034453	-0.012848709	0.000576051	3.9968E-15
0.015744636	-0.006673758	0.000300693	3.9968E-15
0.006730726	-0.002855954	0.000129306	3.9968E-15
0.002020679	-0.000858284	3.90461E-05	3.9968E-15
0.000255906	-0.000108806	4.97329E-06	3.9968E-15
-6.6902E-13	-2.49578E-13	-8.9706E-14	4.996E-15
-6.6902E-13	-2.49578E-13	-8.9706E-14	4.996E-15