0.062187	0.008304	0.002861	-0.000002	
1.803191	-0.874340	-0.048278	-0.000003	
3.583939	-1.780678	-0.101647	-0.000005	
5.385257	-2.701805	-0.156934	-0.000008	
7.190721	-3.630177	-0.213849	-0.000010	
8.986808	-4.559664	-0.272127	-0.000014	
10.762729	-5.485449	-0.331530	-0.000017	
12.510165	-6.403886	-0.391852	-0.000022	
14.222964	-7.312341	-0.452916	-0.000026	
15.896820	-8.209031	-0.514574	-0.000031	
17.528965	-9.092870	-0.576707	-0.000036	
19.117877	-9.963323	-0.639223	-0.000041	
20.663007	-10.820275	-0.702051	-0.000046	
22.164539	-11.663920	-0.765143	-0.000051	
23.623181	-12.494652	-0.828470	-0.000055	
25.039981	-13.312989	-0.892017	-0.000058	
26.416177	-14.119497	-0.955786	-0.000060	
27.753072	-14.914738	-1.019786	-0.000060	
29.051936	-15.699219	-1.084037	-0.000057	
30.313929	-16.473366	-1.148569	-0.000051	
31.540047	-17.237495	-1.213413	-0.000041	
32.731082	-17.991800	-1.278607	-0.000026	
33.887601	-18.736339	-1.344192	-0.000006	
35.009932	-19.471038	-1.410209	0.000020	
36.098167	-20.195686	-1.476702	0.000054	
37.152167	-20.909943	-1.543715	0.000096	
38.171576	-21.613349	-1.611291	0.000147	
39.155839	-22.305330	-1.679473	0.000208	
40.104225	-22.985212	-1.748303	0.000278	
41.015848	-23.652233	-1.817823	0.000359	
41.889692	-24.305552	-1.888072	0.000449	
42.724636	-24.944265	-1.959090	0.000549	
43.519480	-25.567416	-2.030913	0.000657	
44.272967	-26.174008	-2.103578	0.000771	
44.983805	-26.763014	-2.177119	0.000888	
45.650688	-27.333391	-2.251571	0.001005	
46.272318	-27.884087	-2.326964	0.001117	
46.847419	-28.414049	-2.403330	0.001217	
47.374756	-28.922236	-2.480700	0.001298	
47.853148	-29.407625	-2.559101	0.001351	
48.281479	-29.869218	-2.638561	0.001365	
48.658713	-30.306048	-2.719107	0.001327	
48.983896	-30.717187	-2.800764	0.001224	
49.256171	-31.101750	-2.883557	0.001039	
49.474779	-31.458900	-2.967509	0.000755	
49.639066	-31.787851	-3.052644	0.000353	
49.748482	-32.087875	-3.138986	-0.000185	
49.802586	-32.358299	-3.226557	-0.000881	
49.801044	-32.598513	-3.315382	-0.001753	
49.743629	-32.807966	-3.405484	-0.002819	
49.630217	-32.986171	-3.496892	-0.004097	
49.460779	-33.132701	-3.589632	-0.005597	
49.235385	-33.247192	-3.683740	-0.007328	
48.954188	-33.329337	-3.779251	-0.009287	
48.617420	-33.378888	-3.876210	-0.011466	
48.225383	-33.395649	-3.974667	-0.013842	
47.778439	-33.379475	-4.074684	-0.016379	
47.277000	-33.330268	-4.176332	-0.019022	
46.721517	-33.247968	-4.279696	-0.021695	
46.112468	-33.132554	-4.384877	-0.024299	
45.450348	-32.984034	-4.491993	-0.026707	
44.735660	-32.802443	-4.601182	-0.028759	
43.968905	-32.587835	-4.712603	-0.030263	
43.150574	-32.340281	-4.826439	-0.030992	
42.281144	-32.059866	-4.942900	-0.030677	
41.361079	-31.746686	-5.062220	-0.029013	
40.390829	-31.400847	-5.184659	-0.025656	
39.370837	-31.022468	-5.310503	-0.020227	
38.301558	-30.611685	-5.440062	-0.012312	
37.183473	-30.168661	-5.573664	-0.001478	
36.017122	-29.693593	-5.711653	0.012727	
34.803140	-29.186733	-5.854376	0.030752	
33.542303	-28.648403	-6.002181	0.053026	
32.235588	-28.079026	-6.155393	0.079939	
30.884241	-27.479151	-6.314308	0.111809	
29.489859	-26.849493	-6.479166	0.148849	
28.054477	-26.190974	-6.650127	0.191125	
26.580676	-25.504767	-6.827246	0.238510	
25.071691	-24.792348	-7.010441	0.290629	
23.531526	-24.055551	-7.199449	0.346802	
21.965078	-23.296621	-7.393795	0.405972	
20.378254	-22.518271	-7.592740	0.466639	
18.778082	-21.723732	-7.795239	0.526781	
17.172807	-20.916795	-7.999886	0.583783	
15.571955	-20.101845	-8.204873	0.634359	
13.986367	-19.283869	-8.407935	0.674479	
12.428171	-18.468448	-8.606310	0.699312	
10.910673	-17.661700	-8.796701	0.703172	
9.448156	-16.870179	-8.975252	0.679498	
8.055519	-16.100709	-9.137535	0.620843	
6.747719	-15.360106	-9.278561	0.518918	
5.538814	-14.654713	-9.392814	0.364667	
4.440468	-13.989673	-9.474317	0.148405	
3.460334	-13.368136	-9.516742	-0.139979	
2.601303	-12.790915	-9.513565	-0.510740	
1.861908	-12.256719	-9.458267	-0.973901	
1.237285	-11.762670	-9.344616	-1.538775	
0.720117	-11.304821	-9.167006	-2.213363	
0.301437	-10.878613	-8.920883	-3.003634	
-0.028703	-10.479261	-8.603255	-3.912654	
-0.280695	-10.102110	-8.213277	-4.939575	
-0.464941	-9.742955	-7.752693	-6.078822	
-0.591530	-9.398281	-7.225688	-7.320333	
-0.669993	-9.065316	-6.638117	-8.651054	
-0.709138	-8.741955	-5.996657	-10.056591	
-0.716939	-8.426656	-5.308274	-11.522269	
-0.700486	-8.118332	-4.579901	-13.033757	
-0.665970	-7.816272	-3.818215	-14.577484	
-0.618696	-7.520053	-3.029480	-16.140922	
-0.563128	-7.229473	-2.219453	-17.712748	
-0.502946	-6.944493	-1.393326	-19.282926	
-0.441110	-6.665185	-0.555705	-20.842729	
-0.379943	-6.391690	0.289390	-22.384700	
-0.321202	-6.124188	1.138499	-23.902590	
-0.266156	-5.862866	1.988692	-25.391264	
-0.215663	-5.607906	2.837518	-26.846598	
-0.170238	-5.359461	3.682963	-28.265359	
-0.130117	-5.117654	4.523391	-29.645094	
-0.095314	-4.882563	5.357496	-30.984009	
-0.065676	-4.654227	6.184249	-32.280866	
-0.040922	-4.432638	7.002852	-33.534879	
-0.020686	-4.217745	7.812688	-34.745620	
-0.004546	-4.009456	8.613289	-35.912939	
0.007949	-3.807643	9.404292	-37.036892	
0.017257	-3.612143	10.185415	-38.117678	
0.023829	-3.422767	10.956424	-39.155587	
0.028097	-3.239299	11.717116	-40.150963	
0.030461	-3.061505	12.467297	-41.104163	
0.031288	-2.889136	13.206771	-42.015533	
0.030908	-2.721929	13.935323	-42.885394	
0.029610	-2.559616	14.652717	-43.714019	
0.027644	-2.401924	15.358687	-44.501633	
0.025226	-2.248575	16.052933	-45.248404	
0.022532	-2.099295	16.735121	-45.954444	
0.019710	-1.953811	17.404880	-46.619809	
0.016876	-1.811854	18.061806	-47.244505	
0.014125	-1.673159	18.705461	-47.828490	
0.011525	-1.537471	19.335379	-48.371684	
0.009131	-1.404537	19.951065	-48.873975	
0.006980	-1.274115	20.552001	-49.335223	
0.005099	-1.145969	21.137649	-49.755272	
0.003504	-1.019871	21.707455	-50.133955	
0.002205	-0.895598	22.260854	-50.471101	
0.001209	-0.772938	22.797269	-50.766540	
0.000518	-0.651683	23.316123	-51.020111	
0.000133	-0.531631	23.816833	-51.231667	
0.000054	-0.412585	24.298820	-51.401078	
0.000280	-0.294354	24.761510	-51.528235	
0.000811	-0.176749	25.204336	-51.613054	
0.001647	-0.059583	25.626742	-51.655478	
0.002783	0.057330	26.028182	-51.655478	
0.004217	0.174175	26.408127	-51.613054	
0.005940	0.291143	26.766062	-51.528235	
0.007937	0.408425	27.101489	-51.401078	
0.010186	0.526222	27.413927	-51.231667	
0.012657	0.644742	27.702915	-51.020111	
0.015303	0.764205	27.968007	-50.766540	
0.018063	0.884845	28.208775	-50.471101	
0.020857	1.006913	28.424809	-50.133955	
0.023579	1.130682	28.615713	-49.755272	
0.026099	1.256446	28.781103	-49.335223	
0.028257	1.384528	28.920607	-48.873975	
0.029858	1.515280	29.033860	-48.371684	
0.030673	1.649087	29.120502	-47.828490	
0.030434	1.786370	29.180175	-47.244505	
0.028837	1.927587	29.212518	-46.619809	
0.025536	2.073234	29.217163	-45.954444	
0.020153	2.223846	29.193733	-45.248404	
0.012277	2.379993	29.141836	-44.501633	
0.001473	2.542280	29.061062	-43.714019	
-0.012709	2.711338	28.950982	-42.885394	
-0.030716	2.887817	28.811143	-42.015533	
-0.052978	3.072375	28.641071	-41.104163	
-0.079884	3.265660	28.440267	-40.150963	
-0.111749	3.468296	28.208214	-39.155587	
-0.148788	3.680852	27.944381	-38.117678	
-0.191064	3.903819	27.648229	-37.036892	
-0.238452	4.137572	27.319227	-35.912939	
-0.290575	4.382331	26.956864	-34.745620	
-0.346753	4.638118	26.560668	-33.534879	
-0.405928	4.904705	26.130236	-32.280866	
-0.466599	5.181556	25.665258	-30.984008	
-0.526747	5.467772	25.165559	-29.645093	
-0.583755	5.762023	24.631133	-28.265359	
-0.634335	6.062490	24.062198	-26.846597	
-0.674459	6.366799	23.459241	-25.391263	
-0.699296	6.671962	22.823079	-23.902588	
-0.703160	6.974326	22.154919	-22.384698	
-0.679489	7.269537	21.456419	-20.842727	
-0.620837	7.552513	20.729749	-19.282924	
-0.518914	7.817449	19.977653	-17.712745	
-0.364665	8.057849	19.203496	-16.140920	
-0.148405	8.266596	18.411307	-14.577482	
0.139978	8.436073	17.605802	-13.033754	
0.510738	8.558335	16.792375	-11.522267	
0.973899	8.625359	15.977068	-10.056589	
1.538772	8.629363	15.166478	-8.651052	
2.213361	8.563218	14.367618	-7.320332	
3.003632	8.420966	13.587666	-6.078821	
3.912651	8.198436	12.833526	-4.939576	
4.939573	7.893953	12.111089	-3.912656	
6.078819	7.508847	11.424600	-3.003638	
7.320331	7.047287	10.776583	-2.213369	
8.651052	6.515427	10.168140	-1.538782	
10.056589	5.920480	9.599265	-0.973912	
11.522268	5.270109	9.069082	-0.510754	
13.033755	4.572049	8.576061	-0.139996	
14.577483	3.833827	8.118203	0.148384	
16.140921	3.062578	7.693197	0.364641	
17.712747	2.264909	7.298550	0.518887	
19.282926	1.446827	6.931693	0.620807	
20.842728	0.613695	6.590066	0.679456	
22.384699	-0.229775	6.271185	0.703126	
23.902589	-1.079505	5.972686	0.699260	
25.391264	-1.932018	5.692360	0.674424	
26.846598	-2.784395	5.428175	0.634301	
28.265359	-3.634221	5.178287	0.583723	
29.645094	-4.479529	4.941041	0.526721	
30.984009	-5.318745	4.714970	0.466582	
32.280866	-6.150626	4.498785	0.405921	
33.534879	-6.974207	4.291365	0.346761	
34.745620	-7.788754	4.091746	0.290603	
35.912939	-8.593711	3.899098	0.238503	
37.036892	-9.388664	3.712717	0.191145	
38.117678	-10.173301	3.532009	0.148903	
39.155588	-10.947381	3.356470	0.111906	
40.150963	-11.710708	3.185675	0.080086	
41.104163	-12.463109	3.019266	0.053234	
42.015533	-13.204413	2.856939	0.031030	
42.885394	-13.934441	2.698432	0.013086	
43.714019	-14.652994	2.543518	-0.001028	
44.501633	-15.359842	2.391996	-0.011763	
45.248404	-16.054725	2.243685	-0.019570	
45.954444	-16.737345	2.098417	-0.024886	
46.619809	-17.407365	1.956034	-0.028125	
47.244505	-18.064413	1.816382	-0.029672	
47.828490	-18.708081	1.679312	-0.029875	
48.371684	-19.337926	1.544675	-0.029046	
48.873975	-19.953477	1.412322	-0.027461	
49.335223	-20.554233	1.282101	-0.025356	
49.755272	-21.139674	1.153860	-0.022934	
50.133955	-21.709259	1.027441	-0.020368	
50.471101	-22.262431	0.902686	-0.017798	
50.766540	-22.798624	0.779435	-0.015340	
51.020111	-23.317264	0.657524	-0.013087	
51.231667	-23.817775	0.536786	-0.011112	
51.401078	-24.299581	0.417055	-0.009472	
51.528235	-24.762108	0.298158	-0.008208	
51.613054	-25.204790	0.179924	-0.007350	
51.655478	-25.627072	0.062177	-0.006916	
51.655478	-26.028407	-0.055261	-0.006916	
51.613054	-26.408264	-0.172574	-0.007350	
51.528235	-26.766127	-0.289950	-0.008208	
51.401078	-27.101497	-0.407582	-0.009472	
51.231667	-27.413892	-0.525674	-0.011112	
51.020111	-27.702847	-0.644437	-0.013087	
50.766540	-27.967916	-0.764095	-0.015340	
50.471101	-28.208670	-0.884888	-0.017798	
50.133955	-28.424696	-1.007073	-0.020368	
49.755272	-28.615598	-1.130925	-0.022934	
49.335223	-28.780989	-1.256746	-0.025356	
48.873975	-28.920498	-1.384862	-0.027461	
48.371684	-29.033758	-1.515629	-0.029046	
47.828490	-29.120409	-1.649438	-0.029875	
47.244505	-29.180091	-1.786710	-0.029672	
46.619809	-29.212444	-1.927909	-0.028125	
45.954444	-29.217099	-2.073532	-0.024886	
45.248404	-29.193679	-2.224116	-0.019570	
44.501633	-29.141790	-2.380233	-0.011763	
43.714019	-29.061025	-2.542490	-0.001028	
42.885394	-28.950952	-2.711518	0.013086	
42.015533	-28.811121	-2.887968	0.031030	
41.104163	-28.641054	-3.072500	0.053234	
40.150963	-28.440255	-3.265761	0.080086	
39.155587	-28.208207	-3.468375	0.111906	
38.117678	-27.944377	-3.680912	0.148903	
37.036892	-27.648228	-3.903862	0.191145	
35.912939	-27.319228	-4.137601	0.238503	
34.745620	-26.956866	-4.382349	0.290603	
33.534879	-26.560672	-4.638127	0.346761	
32.280866	-26.130240	-4.904706	0.405921	
30.984008	-25.665263	-5.181551	0.466582	
29.645093	-25.165564	-5.467762	0.526721	
28.265359	-24.631138	-5.762011	0.583723	
26.846597	-24.062203	-6.062476	0.634301	
25.391263	-23.459246	-6.366784	0.674424	
23.902588	-22.823084	-6.671946	0.699260	
22.384698	-22.154923	-6.974311	0.703126	
20.842727	-21.456423	-7.269522	0.679456	
19.282924	-20.729752	-7.552499	0.620807	
17.712745	-19.977655	-7.817437	0.518887	
16.140920	-19.203498	-8.057838	0.364641	
14.577482	-18.411309	-8.266587	0.148384	
13.033754	-17.605803	-8.436065	-0.139996	
11.522267	-16.792377	-8.558328	-0.510753	
10.056589	-15.977069	-8.625353	-0.973911	
8.651052	-15.166479	-8.629358	-1.538782	
7.320332	-14.367618	-8.563214	-2.213368	
6.078821	-13.587667	-8.420963	-3.003638	
4.939576	-12.833527	-8.198433	-3.912655	
3.912656	-12.111089	-7.893951	-4.939575	
3.003638	-11.424600	-7.508846	-6.078821	
2.213369	-10.776583	-7.047286	-7.320332	
1.538782	-10.168140	-6.515427	-8.651052	
0.973912	-9.599265	-5.920480	-10.056589	
0.510754	-9.069082	-5.270110	-11.522267	
0.139996	-8.576061	-4.572049	-13.033754	
-0.148384	-8.118203	-3.833827	-14.577482	
-0.364641	-7.693197	-3.062578	-16.140920	
-0.518887	-7.298550	-2.264910	-17.712745	
-0.620807	-6.931692	-1.446828	-19.282924	
-0.679456	-6.590066	-0.613696	-20.842727	
-0.703126	-6.271185	0.229775	-22.384698	
-0.699260	-5.972686	1.079505	-23.902588	
-0.674424	-5.692360	1.932017	-25.391263	
-0.634301	-5.428175	2.784394	-26.846597	
-0.583723	-5.178287	3.634220	-28.265359	
-0.526721	-4.941041	4.479529	-29.645093	
-0.466582	-4.714970	5.318745	-30.984008	
-0.405921	-4.498785	6.150626	-32.280866	
-0.346761	-4.291365	6.974207	-33.534879	
-0.290603	-4.091745	7.788754	-34.745620	
-0.238503	-3.899098	8.593711	-35.912939	
-0.191145	-3.712717	9.388664	-37.036892	
-0.148903	-3.532009	10.173301	-38.117678	
-0.111906	-3.356470	10.947381	-39.155587	
-0.080086	-3.185675	11.710708	-40.150963	
-0.053234	-3.019266	12.463109	-41.104163	
-0.031030	-2.856939	13.204413	-42.015533	
-0.013086	-2.698432	13.934441	-42.885394	
0.001028	-2.543518	14.652994	-43.714019	
0.011763	-2.391996	15.359842	-44.501633	
0.019570	-2.243686	16.054726	-45.248404	
0.024886	-2.098417	16.737345	-45.954444	
0.028125	-1.956034	17.407365	-46.619809	
0.029672	-1.816382	18.064413	-47.244505	
0.029875	-1.679312	18.708081	-47.828490	
0.029046	-1.544675	19.337926	-48.371684	
0.027461	-1.412322	19.953477	-48.873975	
0.025356	-1.282101	20.554233	-49.335223	
0.022934	-1.153860	21.139674	-49.755272	
0.020368	-1.027441	21.709259	-50.133955	
0.017798	-0.902686	22.262431	-50.471101	
0.015340	-0.779435	22.798624	-50.766540	
0.013087	-0.657524	23.317264	-51.020111	
0.011112	-0.536786	23.817775	-51.231667	
0.009472	-0.417055	24.299581	-51.401078	
0.008208	-0.298158	24.762108	-51.528235	
0.007350	-0.179924	25.204790	-51.613054	
0.006916	-0.062177	25.627072	-51.655478	
0.006916	0.055261	26.028407	-51.655478	
0.007350	0.172574	26.408264	-51.613054	
0.008208	0.289950	26.766127	-51.528235	
0.009472	0.407582	27.101497	-51.401078	
0.011112	0.525674	27.413892	-51.231667	
0.013087	0.644437	27.702847	-51.020111	
0.015340	0.764095	27.967916	-50.766540	
0.017798	0.884888	28.208670	-50.471101	
0.020368	1.007073	28.424696	-50.133955	
0.022934	1.130925	28.615598	-49.755272	
0.025356	1.256746	28.780989	-49.335223	
0.027461	1.384862	28.920498	-48.873975	
0.029046	1.515629	29.033758	-48.371684	
0.029875	1.649438	29.120409	-47.828490	
0.029672	1.786710	29.180091	-47.244505	
0.028125	1.927909	29.212444	-46.619809	
0.024886	2.073532	29.217099	-45.954444	
0.019570	2.224116	29.193679	-45.248404	
0.011763	2.380233	29.141790	-44.501633	
0.001028	2.542490	29.061025	-43.714019	
-0.013086	2.711518	28.950953	-42.885394	
-0.031030	2.887968	28.811121	-42.015534	
-0.053234	3.072500	28.641054	-41.104163	
-0.080086	3.265761	28.440255	-40.150963	
-0.111906	3.468375	28.208207	-39.155587	
-0.148903	3.680912	27.944377	-38.117677	
-0.191145	3.903862	27.648228	-37.036892	
-0.238503	4.137601	27.319228	-35.912939	
-0.290603	4.382349	26.956866	-34.745620	
-0.346761	4.638127	26.560671	-33.534879	
-0.405921	4.904706	26.130240	-32.280865	
-0.466582	5.181551	25.665263	-30.984008	
-0.526721	5.467762	25.165564	-29.645092	
-0.583723	5.762011	24.631138	-28.265358	
-0.634301	6.062476	24.062203	-26.846596	
-0.674424	6.366784	23.459245	-25.391262	
-0.699260	6.671946	22.823083	-23.902587	
-0.703126	6.974311	22.154923	-22.384697	
-0.679456	7.269522	21.456422	-20.842725	
-0.620807	7.552499	20.729751	-19.282922	
-0.518887	7.817437	19.977654	-17.712743	
-0.364641	8.057838	19.203497	-16.140918	
-0.148384	8.266587	18.411308	-14.577480	
0.139996	8.436065	17.605802	-13.033752	
0.510753	8.558328	16.792376	-11.522265	
0.973911	8.625353	15.977068	-10.056587	
1.538782	8.629358	15.166479	-8.651051	
2.213368	8.563214	14.367618	-7.320331	
3.003638	8.420963	13.587667	-6.078822	
3.912655	8.198433	12.833527	-4.939577	
4.939575	7.893951	12.111090	-3.912659	
6.078821	7.508846	11.424602	-3.003642	
7.320332	7.047287	10.776586	-2.213375	
8.651052	6.515427	10.168144	-1.538791	
10.056589	5.920480	9.599270	-0.973923	
11.522267	5.270110	9.069089	-0.510768	
13.033754	4.572049	8.576069	-0.140014	
14.577482	3.833828	8.118213	0.148362	
16.140920	3.062578	7.693209	0.364616	
17.712745	2.264910	7.298564	0.518858	
19.282924	1.446828	6.931708	0.620774	
20.842727	0.613696	6.590084	0.679419	
22.384698	-0.229774	6.271205	0.703086	
23.902588	-1.079504	5.972707	0.699217	
25.391263	-1.932017	5.692382	0.674379	
26.846597	-2.784394	5.428198	0.634255	
28.265359	-3.634220	5.178309	0.583678	
29.645093	-4.479529	4.941061	0.526679	
30.984008	-5.318745	4.714987	0.466546	
32.280866	-6.150625	4.498798	0.405894	
33.534879	-6.974207	4.291372	0.346747	
34.745620	-7.788754	4.091744	0.290606	
35.912939	-8.593711	3.899085	0.238529	
37.036892	-9.388664	3.712691	0.191199	
38.117678	-10.173302	3.531966	0.148992	
39.155587	-10.947382	3.356407	0.112036	
40.150963	-11.710710	3.185588	0.080266	
41.104163	-12.463111	3.019152	0.053470	
42.015533	-13.204416	2.856793	0.031331	
42.885394	-13.934445	2.698251	0.013459	
43.714019	-14.652999	2.543299	-0.000576	
44.501633	-15.359848	2.391737	-0.011226	
45.248404	-16.054733	2.243383	-0.018944	
45.954444	-16.737353	2.098072	-0.024170	
46.619809	-17.407375	1.955646	-0.027322	
47.244505	-18.064424	1.815954	-0.028786	
47.828490	-18.708093	1.678850	-0.028918	
48.371684	-19.337939	1.544187	-0.028036	
48.873975	-19.953490	1.411820	-0.026421	
49.335223	-20.554247	1.281601	-0.024321	
49.755272	-21.139688	1.153382	-0.021948	
50.133955	-21.709272	1.027013	-0.019485	
50.471101	-22.262443	0.902341	-0.017086	
50.766540	-22.798634	0.779212	-0.014880	
51.020111	-23.317271	0.657469	-0.012976	
51.231667	-23.817777	0.536953	-0.011460	
51.401078	-24.299577	0.417503	-0.010405	
51.528235	-24.762096	0.298958	-0.009867	
51.613054	-25.204769	0.181149	-0.009888	
51.655478	-25.627039	0.063906	-0.010499	
51.655478	-26.028361	-0.052944	-0.011717	
51.613054	-26.408202	-0.169584	-0.013544	
51.528235	-26.766047	-0.286203	-0.015969	
51.401078	-27.101396	-0.403000	-0.018961	
51.231667	-27.413768	-0.520188	-0.022470	
51.020111	-27.702699	-0.637996	-0.026420	
50.766540	-27.967742	-0.756671	-0.030707	
50.471101	-28.208469	-0.876483	-0.035193	
50.133955	-28.424468	-0.997730	-0.039701	
49.755272	-28.615344	-1.120740	-0.044007	
49.335223	-28.780712	-1.245878	-0.047839	
48.873975	-28.920201	-1.373545	-0.050867	
48.371684	-29.033448	-1.504189	-0.052702	
47.828490	-29.120095	-1.638304	-0.052891	
47.244505	-29.179784	-1.776431	-0.050912	
46.619809	-29.212159	-1.919164	-0.046180	
45.954444	-29.216854	-2.067148	-0.038046	
45.248404	-29.193496	-2.221075	-0.025801	
44.501633	-29.141697	-2.381681	-0.008696	
43.714019	-29.061051	-2.549737	0.014054	
42.885394	-28.951134	-2.726042	0.043237	
42.015534	-28.811498	-2.911398	0.079621	
41.104163	-28.641671	-3.106598	0.123915	
40.150963	-28.441160	-3.312396	0.176719	
39.155587	-28.209451	-3.529471	0.238470	
38.117678	-27.946012	-3.758391	0.309374	
37.036892	-27.650308	-3.999565	0.389328	
35.912939	-27.321804	-4.253187	0.477825	
34.745620	-26.959983	-4.519171	0.573856	
33.534879	-26.564368	-4.797085	0.675799	
32.280865	-26.134542	-5.086071	0.781294	
30.984008	-25.670180	-5.384762	0.887113	
29.645092	-25.171082	-5.691193	0.989034	
28.265358	-24.637217	-6.002714	1.081702	
26.846596	-24.068765	-6.315899	1.158503	
25.391262	-23.466171	-6.626463	1.211455	
23.902587	-22.830200	-6.929188	1.231109	
22.384697	-22.161998	-7.217867	1.206489	
20.842726	-21.463155	-7.485265	1.125078	
19.282923	-20.735762	-7.723123	0.972851	
17.712744	-19.982477	-7.922191	0.734392	
16.140918	-19.206572	-8.072324	0.393098	
14.577480	-18.411975	-8.162639	-0.068508	
13.033753	-17.603299	-8.181749	-0.668326	
11.522265	-16.785836	-8.118097	-1.424082	
10.056587	-15.965526	-7.960392	-2.352548	
8.651051	-15.148877	-7.698172	-3.468567	
7.320331	-14.342825	-7.322507	-4.783857	
6.078821	-13.554498	-6.826849	-6.305577	
4.939576	-12.790778	-6.208055	-8.034645	
3.912658	-12.057581	-5.467541	-9.963791	
3.003641	-11.359228	-4.612069	-12.076150	
2.213374	-10.698373	-3.653159	-14.346361	
1.538789	-10.076293	-2.605083	-16.744374	
0.973921	-9.493184	-1.482854	-19.239319	
0.510765	-8.948382	-0.301092	-21.801665	
0.140011	-8.440568	0.926558	-24.404264	
-0.148366	-7.967943	2.187745	-27.022904	
-0.364620	-7.528378	3.471586	-29.636554	
-0.518863	-7.119543	4.768713	-32.227397	
-0.620779	-6.739006	6.071259	-34.780716	
-0.679425	-6.384321	7.372772	-37.284689	
-0.703092	-6.053090	8.668108	-39.730116	
-0.699223	-5.743013	9.953292	-42.110117	
-0.674385	-5.451924	11.225379	-44.419818	
-0.634260	-5.177811	12.482299	-46.656037	
-0.583683	-4.918833	13.722714	-48.816981	
-0.526683	-4.673323	14.945885	-50.901972	
-0.466547	-4.439787	16.151539	-52.911189	
-0.405893	-4.216902	17.339755	-54.845446	
-0.346743	-4.003500	18.510865	-56.705996	
-0.290598	-3.798562	19.665363	-58.494365	
-0.238516	-3.601205	20.803829	-60.212216	
-0.191180	-3.410662	21.926868	-61.861235	
-0.148966	-3.226274	23.035055	-63.443048	
-0.112002	-3.047476	24.128898	-64.959150	
-0.080223	-2.873779	25.208804	-66.410866	
-0.053417	-2.704761	26.275054	-67.799312	
-0.031267	-2.540056	27.327793	-69.125387	
-0.013383	-2.379344	28.367013	-70.389762	
0.000664	-2.222339	29.392550	-71.592886	
0.011327	-2.068785	30.404087	-72.734999	
0.019057	-1.918447	31.401154	-73.816144	
0.024293	-1.771109	32.383132	-74.836192	
0.027454	-1.626562	33.349263	-75.794864	
0.028925	-1.484610	34.298662	-76.691754	
0.029060	-1.345059	35.230320	-77.526356	
0.028175	-1.207720	36.143125	-78.298086	
0.026552	-1.072403	37.035869	-79.006310	
0.024436	-0.938921	37.907262	-79.650365	
0.022037	-0.807083	38.755945	-80.229578	
0.019536	-0.676701	39.580504	-80.743290	
0.017086	-0.547582	40.379485	-81.190871	
0.014814	-0.419534	41.151404	-81.571736	
0.012825	-0.292360	41.894761	-81.885360	
0.011205	-0.165863	42.608055	-82.131286	
0.010025	-0.039845	43.289796	-82.309139	
0.009338	0.085898	43.938513	-82.418629	
0.009188	0.211572	44.552772	-82.459561	
0.009604	0.337386	45.131180	-82.431834	
0.010602	0.463556	45.672401	-82.335446	
0.012189	0.590305	46.175160	-82.170492	
0.014356	0.717866	46.638254	-81.937163	
0.017076	0.846482	47.060556	-81.635745	
0.020307	0.976410	47.441025	-81.266609	
0.023984	1.107926	47.778705	-80.830209	
0.028013	1.241325	48.072731	-80.327070	
0.032272	1.376929	48.322330	-79.757784	
0.036603	1.515088	48.526819	-79.122995	
0.040804	1.656187	48.685604	-78.423388	
0.044631	1.800648	48.798178	-77.659677	
0.047783	1.948938	48.864113	-76.832590	
0.049906	2.101572	48.883057	-75.942856	
0.050584	2.259117	48.854722	-74.991185	
0.049339	2.422195	48.778881	-73.978260	
0.045629	2.591486	48.655352	-72.904714	
0.038850	2.767730	48.483990	-71.771118	
0.028344	2.951725	48.264677	-70.577967	
0.013403	3.144323	47.997308	-69.325664	
-0.006712	3.346424	47.681780	-68.014516	
-0.032757	3.558967	47.317986	-66.644719	
-0.065471	3.782914	46.905800	-65.216359	
-0.105552	4.019231	46.445074	-63.729412	
-0.153606	4.268864	45.935632	-62.183753	
-0.210100	4.532703	45.377269	-60.579168	
-0.275301	4.811548	44.769754	-58.915383	
-0.349199	5.106060	44.112839	-57.192094	
-0.431429	5.416705	43.406270	-55.409015	
-0.521175	5.743693	42.649810	-53.565938	
-0.617064	6.086904	41.843265	-51.662805	
-0.717052	6.445811	40.986522	-49.699797	
-0.818308	6.819389	40.079595	-47.677445	
-0.917080	7.206030	39.122674	-45.596742	
-1.008576	7.603442	38.116198	-43.459293	
-1.086833	8.008551	37.060922	-41.267464	
-1.144613	8.417415	35.958004	-39.024549	
-1.173298	8.825134	34.809093	-36.734955	
-1.162831	9.225777	33.616429	-34.404382	
-1.101677	9.612339	32.382946	-32.040012	
-0.976851	9.976712	31.112368	-29.650685	
-0.774001	10.309714	29.809311	-27.247057	
-0.477575	10.601150	28.479363	-24.841727	
-0.071093	10.839954	27.129160	-22.449314	
0.462462	11.014398	25.766415	-20.086465	
1.140121	11.112400	24.399923	-17.771768	
1.978230	11.121935	23.039499	-15.525537	
2.991576	11.031581	21.695840	-13.369432	
4.192307	10.831202	20.380287	-11.325852	
5.588630	10.512787	19.104424	-9.417010	
7.183274	10.071465	17.879328	-7.663298	
8.971699	9.506650	16.714352	-6.080650	
10.940748	8.822835	15.616058	-4.678123	
13.069409	8.029134	14.588082	-3.457443	
15.331958	7.137570	13.631646	-2.414242	
17.701240	6.161325	12.746098	-1.539625	
20.150610	5.113688	11.929333	-0.821502	
22.654950	4.007473	11.178172	-0.245718	
25.191275	2.854644	10.488679	0.203021	
27.739080	1.666088	9.856434	0.540407	
30.280474	0.451486	9.276757	0.781941	
32.800191	-0.780728	8.744893	0.942496	
35.285490	-2.023359	8.256150	1.035999	
37.725993	-3.270396	7.806008	1.075215	
40.113466	-4.516928	7.390200	1.071618	
42.441593	-5.759046	7.004766	1.035340	
44.705722	-6.993727	6.646080	0.975163	
46.902623	-8.218720	6.310873	0.898560	
49.030247	-9.432431	5.996226	0.811772	
51.087506	-10.633810	5.699568	0.719898	
53.074071	-11.822246	5.418653	0.627000	
54.990187	-12.997473	5.151541	0.536226	
56.836515	-14.159479	4.896573	0.449918	
58.613996	-15.308436	4.652335	0.369732	
60.323736	-16.444629	4.417640	0.296745	
61.966908	-17.568397	4.191491	0.231557	
63.544684	-18.680092	3.973057	0.174383	
65.058166	-19.780035	3.761646	0.125139	
66.508355	-20.868486	3.556684	0.083512	
67.896113	-21.945621	3.357690	0.049025	
69.222146	-23.011513	3.164261	0.021088	
70.486998	-24.066117	2.976051	-0.000954	
71.691048	-25.109266	2.792762	-0.017786	
72.834517	-26.140663	2.614127	-0.030098	
73.917473	-27.159884	2.439903	-0.038558	
74.939850	-28.166375	2.269863	-0.043799	
75.901464	-29.159459	2.103789	-0.046406	
76.802026	-30.138339	1.941466	-0.046909	
77.641165	-31.102109	1.782681	-0.045783	
78.418446	-32.049759	1.627219	-0.043441	
79.133387	-32.980185	1.474859	-0.040239	
79.785479	-33.892201	1.325376	-0.036481	
80.374204	-34.784545	1.178540	-0.032415	
80.899046	-35.655895	1.034117	-0.028247	
81.359512	-36.504876	0.891864	-0.024139	
81.755140	-37.330074	0.751536	-0.020218	
82.085513	-38.130047	0.612882	-0.016579	
82.350269	-38.903335	0.475649	-0.013292	
82.549107	-39.648473	0.339578	-0.010406	
82.681796	-40.363999	0.204409	-0.007952	
82.748181	-41.048468	0.069878	-0.005948	
82.748181	-41.700461	-0.064283	-0.004399	
82.681796	-42.318592	-0.198343	-0.003306	
82.549107	-42.901521	-0.332578	-0.002662	
82.350269	-43.447955	-0.467266	-0.002456	
82.085513	-43.956664	-0.602693	-0.002673	
81.755140	-44.426475	-0.739153	-0.003293	
81.359512	-44.856286	-0.876950	-0.004297	
80.899046	-45.245064	-1.016397	-0.005656	
80.374204	-45.591846	-1.157826	-0.007340	
79.785479	-45.895739	-1.301583	-0.009307	
79.133387	-46.155920	-1.448040	-0.011510	
78.418446	-46.371629	-1.597588	-0.013887	
77.641165	-46.542166	-1.750652	-0.016362	
76.802026	-46.666883	-1.907686	-0.018841	
75.901464	-46.745175	-2.069183	-0.021210	
74.939850	-46.776475	-2.235675	-0.023330	
73.917473	-46.760236	-2.407737	-0.025035	
72.834517	-46.695925	-2.585993	-0.026130	
71.691048	-46.583011	-2.771115	-0.026388	
70.486998	-46.420951	-2.963824	-0.025550	
69.222145	-46.209181	-3.164891	-0.023323	
67.896112	-45.947108	-3.375133	-0.019383	
66.508355	-45.634097	-3.595410	-0.013377	
65.058166	-45.269472	-3.826616	-0.004927	
63.544683	-44.852512	-4.069668	0.006356	
61.966908	-44.382458	-4.325491	0.020871	
60.323736	-43.858519	-4.594999	0.039004	
58.613996	-43.279891	-4.879073	0.061112	
56.836515	-42.645780	-5.178527	0.087499	
54.990187	-41.955441	-5.494074	0.118391	
53.074071	-41.208217	-5.826286	0.153896	
51.087507	-40.403599	-6.175547	0.193970	
49.030248	-39.541292	-6.541992	0.238370	
46.902624	-38.621298	-6.925457	0.286599	
44.705724	-37.644008	-7.325405	0.337857	
42.441594	-36.610309	-7.740864	0.390973	
40.113467	-35.521702	-8.170353	0.444347	
37.725994	-34.380425	-8.611810	0.495874	
35.285492	-33.189592	-9.062527	0.542888	
32.800193	-31.953321	-9.519089	0.582089	
30.280476	-30.676872	-9.977321	0.609489	
27.739082	-29.366761	-10.432261	0.620365	
25.191278	-28.030858	-10.878150	0.609226	
22.654952	-26.678452	-11.308452	0.569802	
20.150613	-25.320263	-11.715924	0.495063	
17.701243	-23.968379	-12.092724	0.377273	
15.331961	-22.636097	-12.430591	0.208092	
13.069411	-21.337624	-12.721090	-0.021270	
10.940749	-20.087563	-12.955944	-0.319828	
8.971699	-18.899933	-13.127467	-0.696528	
7.183273	-17.786526	-13.229043	-1.159857	
5.588628	-16.755380	-13.255516	-1.717357	
4.192302	-15.810445	-13.203391	-2.375029	
2.991568	-14.952241	-13.071003	-3.136613	
1.978220	-14.178660	-12.858755	-4.002753	
1.140108	-13.485641	-12.569354	-4.970259	
0.462445	-12.867748	-12.207671	-6.032128	
-0.071115	-12.318658	-11.780149	-7.178549	
-0.477601	-11.831562	-11.294074	-8.398180	
-0.774032	-11.399483	-10.757052	-9.679073	
-0.976888	-11.015533	-10.176660	-11.009265	
-1.101719	-10.673103	-9.560202	-12.377188	
-1.162877	-10.365994	-8.914544	-13.771948	
-1.173350	-10.088520	-8.246004	-15.183505	
-1.144668	-9.835554	-7.560288	-16.602785	
-1.086892	-9.602556	-6.862462	-18.021720	
-1.008636	-9.385575	-6.156957	-19.433256	
-0.917140	-9.181230	-5.447584	-20.831314	
-0.818365	-8.986675	-4.737573	-22.210737	
-0.717103	-8.799568	-4.029622	-23.567216	
-0.617105	-8.618011	-3.325946	-24.897203	
-0.521202	-8.440514	-2.628332	-26.197828	
-0.431436	-8.265932	-1.938202	-27.466804	
-0.349179	-8.093424	-1.256659	-28.702344	
-0.275246	-7.922403	-0.584546	-29.903078	
-0.210004	-7.752491	0.077509	-31.067977	
-0.153459	-7.583477	0.729049	-32.196284	
-0.105345	-7.415287	1.369749	-33.287455	
-0.065193	-7.247946	1.999380	-34.341105	
-0.032398	-7.081553	2.617783	-35.356962	
-0.006263	-6.916259	3.224841	-36.334834	
0.013952	-6.752246	3.820463	-37.274574	
0.029001	-6.589712	4.404563	-38.176060	
0.039621	-6.428857	4.977051	-39.039176	
0.046517	-6.269876	5.537823	-39.863796	
0.050344	-6.112950	6.086753	-40.649782	
0.051701	-5.958243	6.623689	-41.396972	
0.051123	-5.805895	7.148451	-42.105182	
0.049081	-5.656024	7.660831	-42.774207	
0.045982	-5.508726	8.160594	-43.403823	
0.042169	-5.364071	8.647477	-43.993790	
0.037930	-5.222107	9.121193	-44.543858	
0.033496	-5.082864	9.581436	-45.053772	
0.029052	-4.946349	10.027881	-45.523282	
0.024739	-4.812556	10.460190	-45.952145	
0.020661	-4.681462	10.878015	-46.340131	
0.016891	-4.553034	11.281002	-46.687035	
0.013475	-4.427225	11.668794	-46.992677	
0.010437	-4.303984	12.041035	-47.256908	
0.007783	-4.183250	12.397376	-47.479617	
0.005507	-4.064958	12.737471	-47.660735	
0.003591	-3.949040	13.060989	-47.800234	
0.002011	-3.835425	13.367608	-47.898133	
0.000738	-3.724039	13.657023	-47.954497	
-0.000261	-3.614809	13.928944	-47.969440	
-0.001017	-3.507663	14.183097	-47.943121	
-0.001565	-3.402527	14.419228	-47.875744	
-0.001935	-3.299328	14.637096	-47.767550	
-0.002159	-3.197996	14.836481	-47.618822	
-0.002262	-3.098460	15.017172	-47.429867	
-0.002271	-3.000651	15.178976	-47.201017	
-0.002206	-2.904500	15.321703	-46.932616	
-0.002088	-2.809940	15.445171	-46.625010	
-0.001932	-2.716904	15.549195	-46.278533	
-0.001752	-2.625326	15.633587	-45.893495	
-0.001559	-2.535140	15.698142	-45.470166	
-0.001363	-2.446280	15.742635	-45.008760	
-0.001170	-2.358681	15.766812	-44.509412	
-0.000986	-2.272279	15.770381	-43.972166	
-0.000813	-2.187007	15.753002	-43.396954	
-0.000656	-2.102803	15.714276	-42.783574	
-0.000515	-2.019601	15.653740	-42.131676	
-0.000391	-1.937340	15.570856	-41.440743	
-0.000284	-1.855960	15.465002	-40.710082	
-0.000193	-1.775403	15.335470	-39.938811	
-0.000117	-1.695615	15.181461	-39.125860	
-0.000055	-1.616547	15.002086	-38.269970	
-0.000006	-1.538158	14.796369	-37.369714	
0.000032	-1.460414	14.563260	-36.423513	
0.000060	-1.383293	14.301648	-35.429680	
0.000079	-1.306785	14.010390	-34.386471	
0.000092	-1.230895	13.688338	-33.292155	
0.000098	-1.155648	13.334385	-32.145105	
0.000100	-1.081088	12.947518	-30.943910	
0.000099	-1.007284	12.526882	-29.687512	
0.000094	-0.934331	12.071859	-28.375358	
0.000088	-0.862354	11.582157	-27.007591	
0.000081	-0.791508	11.057915	-25.585246	
0.000072	-0.721981	10.499813	-24.110483	
0.000064	-0.653996	9.909196	-22.586822	
0.000055	-0.587809	9.288205	-21.019393	
0.000047	-0.523705	8.639903	-19.415181	
0.000039	-0.461998	7.968403	-17.783260	
0.000032	-0.403024	7.278978	-16.134987	
0.000025	-0.347131	6.578138	-14.484130	
0.000020	-0.294668	5.873676	-12.846913	
0.000015	-0.245969	5.174629	-11.241899	
0.000010	-0.201335	4.491142	-9.689659	
0.000007	-0.161007	3.834161	-8.212092	
0.000004	-0.125139	3.214710	-6.830911	
0.000001	-0.093766	2.642546	-5.564883	
-0.000001	-0.066796	2.124771	-4.427040	
-0.000002	-0.044017	1.665348	-3.423788	
-0.000003	-0.025129	1.265491	-2.555790	
-0.000004	-0.009775	0.924246	-1.819252	
-0.000005	0.002437	0.639008	-1.207029	
-0.000005	0.011915	0.405954	-0.709574	
-0.000005	0.019064	0.220411	-0.315724	
-0.000005	0.024275	0.077158	-0.013345	
-0.000005	0.027916	-0.029336	0.210161	