-0.280695	-10.10211	-8.213277	-4.939575
-0.3267565	-10.01232125	-8.098131	-5.22438675
-0.372818	-9.9225325	-7.982985	-5.5091985
-0.4188795	-9.83274375	-7.867839	-5.79401025
-0.464941	-9.742955	-7.752693	-6.078822
-0.49658825	-9.6567865	-7.62094175	-6.38919975
-0.5282355	-9.570618	-7.4891905	-6.6995775
-0.55988275	-9.4844495	-7.35743925	-7.00995525
-0.59153	-9.398281	-7.225688	-7.320333
-0.61114575	-9.31503975	-7.07879525	-7.65301325
-0.6307615	-9.2317985	-6.9319025	-7.9856935
-0.65037725	-9.14855725	-6.78500975	-8.31837375
-0.669993	-9.065316	-6.638117	-8.651054
-0.67977925	-8.98447575	-6.477752	-9.00243825
-0.6895655	-8.9036355	-6.317387	-9.3538225
-0.69935175	-8.82279525	-6.157022	-9.70520675
-0.709138	-8.741955	-5.996657	-10.056591
-0.71108825	-8.66313025	-5.82456125	-10.4230105
-0.7130385	-8.5843055	-5.6524655	-10.78943
-0.71498875	-8.50548075	-5.48036975	-11.1558495
-0.716939	-8.426656	-5.308274	-11.522269
-0.71282575	-8.349575	-5.12618075	-11.900141
-0.7087125	-8.272494	-4.9440875	-12.278013
-0.70459925	-8.195413	-4.76199425	-12.655885
-0.700486	-8.118332	-4.579901	-13.033757
-0.691857	-8.042817	-4.3894795	-13.41968875
-0.683228	-7.967302	-4.199058	-13.8056205
-0.674599	-7.891787	-4.0086365	-14.19155225
-0.66597	-7.816272	-3.818215	-14.577484
-0.6541515	-7.74221725	-3.62103125	-14.9683435
-0.642333	-7.6681625	-3.4238475	-15.359203
-0.6305145	-7.59410775	-3.22666375	-15.7500625
-0.618696	-7.520053	-3.02948	-16.140922
-0.604804	-7.447408	-2.82697325	-16.5338785
-0.590912	-7.374763	-2.6244665	-16.926835
-0.57702	-7.302118	-2.42195975	-17.3197915
-0.563128	-7.229473	-2.219453	-17.712748
-0.5480825	-7.158228	-2.01292125	-18.1052925
-0.533037	-7.086983	-1.8063895	-18.497837
-0.5179915	-7.015738	-1.59985775	-18.8903815
-0.502946	-6.944493	-1.393326	-19.282926
-0.487487	-6.874666	-1.18392075	-19.67287675
-0.472028	-6.804839	-0.9745155	-20.0628275
-0.456569	-6.735012	-0.76511025	-20.45277825
-0.44111	-6.665185	-0.555705	-20.842729
-0.42581825	-6.59681125	-0.34443125	-21.22822175
-0.4105265	-6.5284375	-0.1331575	-21.6137145
-0.39523475	-6.46006375	0.07811625	-21.99920725
-0.379943	-6.39169	0.28939	-22.3847
-0.36525775	-6.3248145	0.50166725	-22.7641725
-0.3505725	-6.257939	0.7139445	-23.143645
-0.33588725	-6.1910635	0.92622175	-23.5231175
-0.321202	-6.124188	1.138499	-23.90259
-0.3074405	-6.0588575	1.35104725	-24.2747585
-0.293679	-5.993527	1.5635955	-24.646927
-0.2799175	-5.9281965	1.77614375	-25.0190955
-0.266156	-5.862866	1.988692	-25.391264
-0.25353275	-5.799126	2.2008985	-25.7550975
-0.2409095	-5.735386	2.413105	-26.118931
-0.22828625	-5.671646	2.6253115	-26.4827645
-0.215663	-5.607906	2.837518	-26.846598
-0.20430675	-5.54579475	3.04887925	-27.20128825
-0.1929505	-5.4836835	3.2602405	-27.5559785
-0.18159425	-5.42157225	3.47160175	-27.91066875
-0.170238	-5.359461	3.682963	-28.265359
-0.16020775	-5.29900925	3.89307	-28.61029275
-0.1501775	-5.2385575	4.103177	-28.9552265
-0.14014725	-5.17810575	4.313284	-29.30016025
-0.130117	-5.117654	4.523391	-29.645094
-0.12141625	-5.05888125	4.73191725	-29.97982275
-0.1127155	-5.0001085	4.9404435	-30.3145515
-0.10401475	-4.94133575	5.14896975	-30.64928025
-0.095314	-4.882563	5.357496	-30.984009
-0.0879045	-4.825479	5.56418425	-31.30822325
-0.080495	-4.768395	5.7708725	-31.6324375
-0.0730855	-4.711311	5.97756075	-31.95665175
-0.065676	-4.654227	6.184249	-32.280866
-0.0594875	-4.59882975	6.38889975	-32.59436925
-0.053299	-4.5434325	6.5935505	-32.9078725
-0.0471105	-4.48803525	6.79820125	-33.22137575
-0.040922	-4.432638	7.002852	-33.534879
-0.035863	-4.37891475	7.205311	-33.83756425
-0.030804	-4.3251915	7.40777	-34.1402495
-0.025745	-4.27146825	7.610229	-34.44293475
-0.020686	-4.217745	7.812688	-34.74562
-0.016651	-4.16567275	8.01283825	-35.03744975
-0.012616	-4.1136005	8.2129885	-35.3292795
-0.008581	-4.06152825	8.41313875	-35.62110925
-0.004546	-4.009456	8.613289	-35.912939
-0.00142225	-3.95900275	8.81103975	-36.19392725
0.0017015	-3.9085495	9.0087905	-36.4749155
0.00482525	-3.85809625	9.20654125	-36.75590375
0.007949	-3.807643	9.404292	-37.036892
0.010276	-3.758768	9.59957275	-37.3070885
0.012603	-3.709893	9.7948535	-37.577285
0.01493	-3.661018	9.99013425	-37.8474815
0.017257	-3.612143	10.185415	-38.117678
0.0189	-3.564799	10.37816725	-38.37715525
0.020543	-3.517455	10.5709195	-38.6366325
0.022186	-3.470111	10.76367175	-38.89610975
0.023829	-3.422767	10.956424	-39.155587
0.024896	-3.3769	11.146597	-39.404431
0.025963	-3.331033	11.33677	-39.653275
0.02703	-3.285166	11.526943	-39.902119
0.028097	-3.239299	11.717116	-40.150963
0.028688	-3.1948505	11.90466125	-40.389263
0.029279	-3.150402	12.0922065	-40.627563
0.02987	-3.1059535	12.27975175	-40.865863
0.030461	-3.061505	12.467297	-41.104163
0.03066775	-3.01841275	12.6521655	-41.3320055
0.0308745	-2.9753205	12.837034	-41.559848
0.03108125	-2.93222825	13.0219025	-41.7876905
0.031288	-2.889136	13.206771	-42.015533
0.031193	-2.84733425	13.388909	-42.23299825
0.031098	-2.8055325	13.571047	-42.4504635
0.031003	-2.76373075	13.753185	-42.66792875
0.030908	-2.721929	13.935323	-42.885394
0.0305835	-2.68135075	14.1146715	-43.09255025
0.030259	-2.6407725	14.29402	-43.2997065
0.0299345	-2.60019425	14.4733685	-43.50686275
0.02961	-2.559616	14.652717	-43.714019
0.0291185	-2.520193	14.8292095	-43.9109225
0.028627	-2.48077	15.005702	-44.107826
0.0281355	-2.441347	15.1821945	-44.3047295
0.027644	-2.401924	15.358687	-44.501633
0.0270395	-2.36358675	15.5322485	-44.68832575
0.026435	-2.3252495	15.70581	-44.8750185
0.0258305	-2.28691225	15.8793715	-45.06171125
0.025226	-2.248575	16.052933	-45.248404
0.0245525	-2.211255	16.22348	-45.424914
0.023879	-2.173935	16.394027	-45.601424
0.0232055	-2.136615	16.564574	-45.777934
0.022532	-2.099295	16.735121	-45.954444
0.0218265	-2.062924	16.90256075	-46.12078525
0.021121	-2.026553	17.0700005	-46.2871265
0.0204155	-1.990182	17.23744025	-46.45346775
0.01971	-1.953811	17.40488	-46.619809
0.0190015	-1.91832175	17.5691115	-46.775983
0.018293	-1.8828325	17.733343	-46.932157
0.0175845	-1.84734325	17.8975745	-47.088331
0.016876	-1.811854	18.061806	-47.244505
0.01618825	-1.77718025	18.22271975	-47.39050125
0.0155005	-1.7425065	18.3836335	-47.5364975
0.01481275	-1.70783275	18.54454725	-47.68249375
0.014125	-1.673159	18.705461	-47.82849
0.013475	-1.639237	18.8629405	-47.9642885
0.012825	-1.605315	19.02042	-48.100087
0.012175	-1.571393	19.1778995	-48.2358855
0.011525	-1.537471	19.335379	-48.371684
0.0109265	-1.5042375	19.4893005	-48.49725675
0.010328	-1.471004	19.643222	-48.6228295
0.0097295	-1.4377705	19.7971435	-48.74840225
0.009131	-1.404537	19.951065	-48.873975
0.00859325	-1.3719315	20.101299	-48.989287
0.0080555	-1.339326	20.251533	-49.104599
0.00751775	-1.3067205	20.401767	-49.219911
0.00698	-1.274115	20.552001	-49.335223
0.00650975	-1.2420785	20.698413	-49.44023525
0.0060395	-1.210042	20.844825	-49.5452475
0.00556925	-1.1780055	20.991237	-49.65025975
0.005099	-1.145969	21.137649	-49.755272
0.00470025	-1.1144445	21.2801005	-49.84994275
0.0043015	-1.08292	21.422552	-49.9446135
0.00390275	-1.0513955	21.5650035	-50.03928425
0.003504	-1.019871	21.707455	-50.133955
0.00317925	-0.98880275	21.84580475	-50.2182415
0.0028545	-0.9577345	21.9841545	-50.302528
0.00252975	-0.92666625	22.12250425	-50.3868145
0.002205	-0.895598	22.260854	-50.471101
0.001956	-0.864933	22.39495775	-50.54496075
0.001707	-0.834268	22.5290615	-50.6188205
0.001458	-0.803603	22.66316525	-50.69268025
0.001209	-0.772938	22.797269	-50.76654
0.00103625	-0.74262425	22.9269825	-50.82993275
0.0008635	-0.7123105	23.056696	-50.8933255
0.00069075	-0.68199675	23.1864095	-50.95671825
0.000518	-0.651683	23.316123	-51.020111
0.00042175	-0.62167	23.4413005	-51.073
0.0003255	-0.591657	23.566478	-51.125889
0.00022925	-0.561644	23.6916555	-51.178778
0.000133	-0.531631	23.816833	-51.231667
0.00011325	-0.5018695	23.93732975	-51.27401975
9.35e-05	-0.472108	24.0578265	-51.3163725
7.375e-05	-0.4423465	24.17832325	-51.35872525
5.4e-05	-0.412585	24.29882	-51.401078
0.0001105	-0.38302725	24.4144925	-51.43286725
0.000167	-0.3534695	24.530165	-51.4646565
0.0002235	-0.32391175	24.6458375	-51.49644575
0.00028	-0.294354	24.76151	-51.528235
0.00041275	-0.26495275	24.8722165	-51.54943975
0.0005455	-0.2355515	24.982923	-51.5706445
0.00067825	-0.20615025	25.0936295	-51.59184925
0.000811	-0.176749	25.204336	-51.613054
0.00102	-0.1474575	25.3099375	-51.62366
0.001229	-0.118166	25.415539	-51.634266
0.001438	-0.0888745	25.5211405	-51.644872
0.001647	-0.059583	25.626742	-51.655478
0.001931	-0.03035475	25.727102	-51.655478
0.002215	-0.0011265	25.827462	-51.655478
0.002499	0.02810175	25.927822	-51.655478
0.002783	0.05733	26.028182	-51.655478
0.0031415	0.08654125	26.12316825	-51.644872
0.0035	0.1157525	26.2181545	-51.634266
0.0038585	0.14496375	26.31314075	-51.62366
0.004217	0.174175	26.408127	-51.613054
0.00464775	0.203417	26.49761075	-51.59184925
0.0050785	0.232659	26.5870945	-51.5706445
0.00550925	0.261901	26.67657825	-51.54943975
0.00594	0.291143	26.766062	-51.528235
0.00643925	0.3204635	26.84991875	-51.49644575
0.0069385	0.349784	26.9337755	-51.4646565
0.00743775	0.3791045	27.01763225	-51.43286725
0.007937	0.408425	27.101489	-51.401078
0.00849925	0.43787425	27.1795985	-51.35872525
0.0090615	0.4673235	27.257708	-51.3163725
0.00962375	0.49677275	27.3358175	-51.27401975
0.010186	0.526222	27.413927	-51.231667
0.01080375	0.555852	27.486174	-51.178778
0.0114215	0.585482	27.558421	-51.125889
0.01203925	0.615112	27.630668	-51.073
0.012657	0.644742	27.702915	-51.020111
0.0133185	0.67460775	27.769188	-50.95671825
0.01398	0.7044735	27.835461	-50.8933255
0.0146415	0.73433925	27.901734	-50.82993275
0.015303	0.764205	27.968007	-50.76654
0.015993	0.794365	28.028199	-50.69268025
0.016683	0.824525	28.088391	-50.6188205
0.017373	0.854685	28.148583	-50.54496075
0.018063	0.884845	28.208775	-50.471101
0.0187615	0.915362	28.2627835	-50.3868145
0.01946	0.945879	28.316792	-50.302528
0.0201585	0.976396	28.3708005	-50.2182415
0.020857	1.006913	28.424809	-50.133955
0.0215375	1.03785525	28.472535	-50.03928425
0.022218	1.0687975	28.520261	-49.9446135
0.0228985	1.09973975	28.567987	-49.84994275
0.023579	1.130682	28.615713	-49.755272
0.024209	1.162123	28.6570605	-49.65025975
0.024839	1.193564	28.698408	-49.5452475
0.025469	1.225005	28.7397555	-49.44023525
0.026099	1.256446	28.781103	-49.335223
0.0266385	1.2884665	28.815979	-49.219911
0.027178	1.320487	28.850855	-49.104599
0.0277175	1.3525075	28.885731	-48.989287
0.028257	1.384528	28.920607	-48.873975
0.02865725	1.417216	28.94892025	-48.74840225
0.0290575	1.449904	28.9772335	-48.6228295
0.02945775	1.482592	29.00554675	-48.49725675
0.029858	1.51528	29.03386	-48.371684
0.03006175	1.54873175	29.0555205	-48.2358855
0.0302655	1.5821835	29.077181	-48.100087
0.03046925	1.61563525	29.0988415	-47.9642885
0.030673	1.649087	29.120502	-47.82849
0.03061325	1.68340775	29.13542025	-47.68249375
0.0305535	1.7177285	29.1503385	-47.5364975
0.03049375	1.75204925	29.16525675	-47.39050125
0.030434	1.78637	29.180175	-47.244505
0.03003475	1.82167425	29.18826075	-47.088331
0.0296355	1.8569785	29.1963465	-46.932157
0.02923625	1.89228275	29.20443225	-46.775983
0.028837	1.927587	29.212518	-46.619809
0.02801175	1.96399875	29.21367925	-46.45346775
0.0271865	2.0004105	29.2148405	-46.2871265
0.02636125	2.03682225	29.21600175	-46.12078525
0.025536	2.073234	29.217163	-45.954444
0.02419025	2.110887	29.2113055	-45.777934
0.0228445	2.14854	29.205448	-45.601424
0.02149875	2.186193	29.1995905	-45.424914
0.020153	2.223846	29.193733	-45.248404
0.018184	2.26288275	29.18075875	-45.06171125
0.016215	2.3019195	29.1677845	-44.8750185
0.014246	2.34095625	29.15481025	-44.68832575
0.012277	2.379993	29.141836	-44.501633
0.009576	2.42056475	29.1216425	-44.3047295
0.006875	2.4611365	29.101449	-44.107826
0.004174	2.50170825	29.0812555	-43.9109225
0.001473	2.54228	29.061062	-43.714019
-0.0020725	2.5845445	29.033542	-43.50686275
-0.005618	2.626809	29.006022	-43.2997065
-0.0091635	2.6690735	28.978502	-43.09255025
-0.012709	2.711338	28.950982	-42.885394
-0.01721075	2.75545775	28.91602225	-42.66792875
-0.0217125	2.7995775	28.8810625	-42.4504635
-0.02621425	2.84369725	28.84610275	-42.23299825
-0.030716	2.887817	28.811143	-42.015533
-0.0362815	2.9339565	28.768625	-41.7876905
-0.041847	2.980096	28.726107	-41.559848
-0.0474125	3.0262355	28.683589	-41.3320055
-0.052978	3.072375	28.641071	-41.104163
-0.0597045	3.12069625	28.59087	-40.865863
-0.066431	3.1690175	28.540669	-40.627563
-0.0731575	3.21733875	28.490468	-40.389263
-0.079884	3.26566	28.440267	-40.150963
-0.08785025	3.316319	28.38225375	-39.902119
-0.0958165	3.366978	28.3242405	-39.653275
-0.10378275	3.417637	28.26622725	-39.404431
-0.111749	3.468296	28.208214	-39.155587
-0.12100875	3.521435	28.14225575	-38.89610975
-0.1302685	3.574574	28.0762975	-38.6366325
-0.13952825	3.627713	28.01033925	-38.37715525
-0.148788	3.680852	27.944381	-38.117678
-0.159357	3.73659375	27.870343	-37.8474815
-0.169926	3.7923355	27.796305	-37.577285
-0.180495	3.84807725	27.722267	-37.3070885
-0.191064	3.903819	27.648229	-37.036892
-0.202911	3.96225725	27.5659785	-36.75590375
-0.214758	4.0206955	27.483728	-36.4749155
-0.226605	4.07913375	27.4014775	-36.19392725
-0.238452	4.137572	27.319227	-35.912939
-0.25148275	4.19876175	27.22863625	-35.62110925
-0.2645135	4.2599515	27.1380455	-35.3292795
-0.27754425	4.32114125	27.04745475	-35.03744975
-0.290575	4.382331	26.956864	-34.74562
-0.3046195	4.44627775	26.857815	-34.44293475
-0.318664	4.5102245	26.758766	-34.1402495
-0.3327085	4.57417125	26.659717	-33.83756425
-0.346753	4.638118	26.560668	-33.534879
-0.36154675	4.70476475	26.45306	-33.22137575
-0.3763405	4.7714115	26.345452	-32.9078725
-0.39113425	4.83805825	26.237844	-32.59436925
-0.405928	4.904705	26.130236	-32.280866
-0.42109575	4.97391775	26.0139915	-31.9566515
-0.4362635	5.0431305	25.897747	-31.632437
-0.45143125	5.11234325	25.7815025	-31.3082225
-0.466599	5.181556	25.665258	-30.984008
-0.481636	5.25311	25.54033325	-30.64927925
-0.496673	5.324664	25.4154085	-30.3145505
-0.51171	5.396218	25.29048375	-29.97982175
-0.526747	5.467772	25.165559	-29.645093
-0.540999	5.54133475	25.0319525	-29.3001595
-0.555251	5.6148975	24.898346	-28.955226
-0.569503	5.68846025	24.7647395	-28.6102925
-0.583755	5.762023	24.631133	-28.265359
-0.5964	5.83713975	24.48889925	-27.9106685
-0.609045	5.9122565	24.3466655	-27.555978
-0.62169	5.98737325	24.20443175	-27.2012875
-0.634335	6.06249	24.062198	-26.846597
-0.644366	6.13856725	23.91145875	-26.4827635
-0.654397	6.2146445	23.7607195	-26.11893
-0.664428	6.29072175	23.60998025	-25.7550965
-0.674459	6.366799	23.459241	-25.391263
-0.68066825	6.44308975	23.3002005	-25.01909425
-0.6868775	6.5193805	23.14116	-24.6469255
-0.69308675	6.59567125	22.9821195	-24.27475675
-0.699296	6.671962	22.823079	-23.902588
-0.700262	6.747553	22.656039	-23.5231155
-0.701228	6.823144	22.488999	-23.143643
-0.702194	6.898735	22.321959	-22.7641705
-0.70316	6.974326	22.154919	-22.384698
-0.69724225	7.04812875	21.980294	-21.99920525
-0.6913245	7.1219315	21.805669	-21.6137125
-0.68540675	7.19573425	21.631044	-21.22821975
-0.679489	7.269537	21.456419	-20.842727
-0.664826	7.340281	21.2747515	-20.45277625
-0.650163	7.411025	21.093084	-20.0628255
-0.6355	7.481769	20.9114165	-19.67287475
-0.620837	7.552513	20.729749	-19.282924
-0.59535625	7.618747	20.541725	-18.89037925
-0.5698755	7.684981	20.353701	-18.4978345
-0.54439475	7.751215	20.165677	-18.10528975
-0.518914	7.817449	19.977653	-17.712745
-0.48035175	7.877549	19.78411375	-17.31978875
-0.4417895	7.937649	19.5905745	-16.9268325
-0.40322725	7.997749	19.39703525	-16.53387625
-0.364665	8.057849	19.203496	-16.14092
-0.3106	8.11003575	19.00544875	-15.7500605
-0.256535	8.1622225	18.8074015	-15.359201
-0.20247	8.21440925	18.60935425	-14.9683415
-0.148405	8.266596	18.411307	-14.577482
-0.07630925	8.30896525	18.20993075	-14.19155
-0.0042135	8.3513345	18.0085545	-13.805618
0.06788225	8.39370375	17.80717825	-13.419686
0.139978	8.436073	17.605802	-13.033754
0.232668	8.4666385	17.40244525	-12.65588225
0.325358	8.497204	17.1990885	-12.2780105
0.418048	8.5277695	16.99573175	-11.90013875
0.510738	8.558335	16.792375	-11.522267
0.62652825	8.575091	16.58854825	-11.1558475
0.7423185	8.591847	16.3847215	-10.789428
0.85810875	8.608603	16.18089475	-10.4230085
0.973899	8.625359	15.977068	-10.056589
1.11511725	8.62636	15.7744205	-9.70520475
1.2563355	8.627361	15.571773	-9.3538205
1.39755375	8.628362	15.3691255	-9.00243625
1.538772	8.629363	15.166478	-8.651052
1.70741925	8.61282675	14.966763	-8.318372
1.8760665	8.5962905	14.767048	-7.985692
2.04471375	8.57975425	14.567333	-7.653012
2.213361	8.563218	14.367618	-7.320332
2.41092875	8.527655	14.17263	-7.00995425
2.6084965	8.492092	13.977642	-6.6995765
2.80606425	8.456529	13.782654	-6.38919875
3.003632	8.420966	13.587666	-6.078821
3.23088675	8.3653335	13.399131	-5.79400975
3.4581415	8.309701	13.210596	-5.5091985
3.68539625	8.2540685	13.022061	-5.22438725
3.912651	8.198436	12.833526	-4.939576
4.1693815	8.12231525	12.65291675	-4.682846
4.426112	8.0461945	12.4723075	-4.426116
4.6828425	7.97007375	12.29169825	-4.169386
4.939573	7.893953	12.111089	-3.912656