-0.960494	0.541078	0.028998	4e-06
-0.902834	0.5143825	0.0282485	4e-06
-0.845174	0.487687	0.027499	4e-06
-0.787514	0.4609915	0.0267495	4e-06
-0.729854	0.434296	0.026	4e-06
-0.64712975	0.39501175	0.024756	4.25e-06
-0.5644055	0.3557275	0.023512	4.5e-06
-0.48168125	0.31644325	0.022268	4.75e-06
-0.398957	0.277159	0.021024	5e-06
-0.2868895	0.22304525	0.01918525	5e-06
-0.174822	0.1689315	0.0173465	5e-06
-0.0627545	0.11481775	0.01550775	5e-06
0.049313	0.060704	0.013669	5e-06
0.19511025	-0.01055975	0.01112925	4.75e-06
0.3409075	-0.0818235	0.0085895	4.5e-06
0.48670475	-0.15308725	0.00604975	4.25e-06
0.632502	-0.224351	0.00351	4e-06
0.816379	-0.3150935	0.00015825	4e-06
1.000256	-0.405836	-0.0031935	4e-06
1.184133	-0.4965785	-0.00654525	4e-06
1.36801	-0.587321	-0.009897	4e-06
1.59409025	-0.69978675	-0.01417125	3.75e-06
1.8201705	-0.8122525	-0.0184455	3.5e-06
2.04625075	-0.92471825	-0.02271975	3.25e-06
2.272331	-1.037184	-0.026994	3e-06
2.544274	-1.17341625	-0.0322985	2.75e-06
2.816217	-1.3096485	-0.037603	2.5e-06
3.08816	-1.44588075	-0.0429075	2.25e-06
3.360103	-1.582113	-0.048212	2e-06
3.68081325	-1.7438085	-0.0546445	1.75e-06
4.0015235	-1.905504	-0.061077	1.5e-06
4.32223375	-2.0671995	-0.0675095	1.25e-06
4.642944	-2.228895	-0.073942	1e-06
5.01422225	-2.41722875	-0.08158475	5e-07
5.3855005	-2.6055625	-0.0892275	0.0
5.75677875	-2.79389625	-0.09687025	-5e-07
6.128057	-2.98223	-0.104513	-1e-06
6.55018875	-3.19764875	-0.11342325	-1.5e-06
6.9723205	-3.4130675	-0.1223335	-2e-06
7.39445225	-3.62848625	-0.13124375	-2.5e-06
7.816584	-3.843905	-0.140154	-3e-06
8.28799775	-4.0859515	-0.150357	-3.75e-06
8.7594115	-4.327998	-0.16056	-4.5e-06
9.23082525	-4.5700445	-0.170763	-5.25e-06
9.702239	-4.812091	-0.180966	-6e-06
10.21957325	-5.07943	-0.19244975	-7e-06
10.7369075	-5.346769	-0.2039335	-8e-06
11.25424175	-5.614108	-0.21541725	-9e-06
11.771576	-5.881447	-0.226901	-1e-05
12.33022775	-6.17213	-0.23962175	-1.125e-05
12.8888795	-6.462813	-0.2523425	-1.25e-05
13.44753125	-6.753496	-0.26506325	-1.375e-05
14.006183	-7.044179	-0.277784	-1.5e-05
14.60093425	-7.35594625	-0.291673	-1.625e-05
15.1956855	-7.6677135	-0.305562	-1.75e-05
15.79043675	-7.97948075	-0.319451	-1.875e-05
16.385188	-8.291248	-0.33334	-2e-05
17.01061025	-8.621724	-0.34831275	-2.15e-05
17.6360325	-8.9522	-0.3632855	-2.3e-05
18.26145475	-9.282676	-0.37825825	-2.45e-05
18.886877	-9.613152	-0.393231	-2.6e-05
19.53757525	-9.959961	-0.40919325	-2.75e-05
20.1882735	-10.30677	-0.4251555	-2.9e-05
20.83897175	-10.653579	-0.44111775	-3.05e-05
21.48967	-11.000388	-0.45708	-3.2e-05
22.1604485	-11.361234	-0.47393475	-3.4e-05
22.831227	-11.72208	-0.4907895	-3.6e-05
23.5020055	-12.082926	-0.50764425	-3.8e-05
24.172784	-12.443772	-0.524499	-4e-05
24.8587605	-12.816495	-0.542149	-4.2e-05
25.544737	-13.189218	-0.559799	-4.4e-05
26.2307135	-13.561941	-0.577449	-4.6e-05
26.91669	-13.934664	-0.595099	-4.8e-05
27.61336675	-14.3172735	-0.6134515	-5.025e-05
28.3100435	-14.699883	-0.631804	-5.25e-05
29.00672025	-15.0824925	-0.6501565	-5.475e-05
29.703397	-15.465102	-0.668509	-5.7e-05
30.406699	-15.8557985	-0.6874775	-5.9e-05
31.110001	-16.246495	-0.706446	-6.1e-05
31.813303	-16.6371915	-0.7254145	-6.3e-05
32.516605	-17.027888	-0.744383	-6.5e-05
33.2228925	-17.425069	-0.763889	-6.725e-05
33.92918	-17.82225	-0.783395	-6.95e-05
34.6354675	-18.219431	-0.802901	-7.175e-05
35.341755	-18.616612	-0.822407	-7.4e-05
36.04781775	-19.01887175	-0.84238125	-7.625e-05
36.7538805	-19.4211315	-0.8623555	-7.85e-05
37.45994325	-19.82339125	-0.88232975	-8.075e-05
38.166006	-20.225651	-0.902304	-8.3e-05
38.86904375	-20.63177025	-0.922687	-8.5e-05
39.5720815	-21.0378895	-0.94307	-8.7e-05
40.27511925	-21.44400875	-0.963453	-8.9e-05
40.978157	-21.850128	-0.983836	-9.1e-05
41.67574675	-22.2590615	-1.0045775	-9.275e-05
42.3733365	-22.667995	-1.025319	-9.45e-05
43.07092625	-23.0769285	-1.0460605	-9.625e-05
43.768516	-23.485862	-1.066802	-9.8e-05
44.45857825	-23.89672025	-1.087862	-9.9e-05
45.1486405	-24.3075785	-1.108922	-0.0001
45.83870275	-24.71843675	-1.129982	-0.000101
46.528765	-25.129295	-1.151042	-0.000102
47.20952075	-25.5413255	-1.17238875	-0.0001025
47.8902765	-25.953356	-1.1937355	-0.000103
48.57103225	-26.3653865	-1.21508225	-0.0001035
49.251788	-26.777417	-1.236429	-0.000104
49.921719	-27.18998325	-1.2580395	-0.00010375
50.59165	-27.6025495	-1.27965	-0.0001035
51.261581	-28.01511575	-1.3012605	-0.00010325
51.931512	-28.427682	-1.322871	-0.000103
52.58931825	-28.84024225	-1.34473	-0.00010125
53.2471245	-29.2528025	-1.366589	-9.95e-05
53.90493075	-29.66536275	-1.388448	-9.775e-05
54.562737	-30.077923	-1.410307	-9.6e-05
55.2072985	-30.4900105	-1.432406	-9.3e-05
55.85186	-30.902098	-1.454505	-9e-05
56.4964215	-31.3141855	-1.476604	-8.7e-05
57.140983	-31.726273	-1.498703	-8.4e-05
57.7713225	-32.1374755	-1.5210395	-7.9e-05
58.401662	-32.548678	-1.543376	-7.4e-05
59.0320015	-32.9598805	-1.5657125	-6.9e-05
59.662341	-33.371083	-1.588049	-6.4e-05
60.2775915	-33.78102475	-1.610626	-5.7e-05
60.892842	-34.1909665	-1.633203	-5e-05
61.5080925	-34.60090825	-1.65578	-4.3e-05
62.123343	-35.01085	-1.678357	-3.6e-05
62.72271925	-35.41917425	-1.70118175	-2.65e-05
63.3220955	-35.8274985	-1.7240065	-1.7e-05
63.92147175	-36.23582275	-1.74683125	-7.5e-06
64.520848	-36.644147	-1.769656	2e-06
65.10362025	-37.05050175	-1.7927395	1.45e-05
65.6863925	-37.4568565	-1.815823	2.7e-05
66.26916475	-37.86321125	-1.8389065	3.95e-05
66.851937	-38.269566	-1.86199	5.2e-05
67.417412	-38.67358825	-1.88534625	6.775e-05
67.982887	-39.0776105	-1.9087025	8.35e-05
68.548362	-39.48163275	-1.93205875	9.925e-05
69.113837	-39.885655	-1.955415	0.000115
69.6613405	-40.28696075	-1.97906075	0.00013425
70.208844	-40.6882665	-2.0027065	0.0001535
70.7563475	-41.08957225	-2.02635225	0.00017275
71.303851	-41.490878	-2.049998	0.000192
71.83271575	-41.889051	-2.07395175	0.00021525
72.3615805	-42.287224	-2.0979055	0.0002385
72.89044525	-42.685397	-2.12185925	0.00026175
73.41931	-43.08357	-2.145813	0.000285
73.92886625	-43.478154	-2.17009475	0.0003125
74.4384225	-43.872738	-2.1943765	0.00034
74.94797875	-44.267322	-2.21865825	0.0003675
75.457535	-44.661906	-2.24294	0.000395
75.94710525	-45.0523975	-2.26757075	0.000427
76.4366755	-45.442889	-2.2922015	0.000459
76.92624575	-45.8333805	-2.31683225	0.000491
77.415816	-46.223872	-2.341463	0.000523
77.8847125	-46.609716	-2.3664645	0.00055925
78.353609	-46.99556	-2.391466	0.0005955
78.8225055	-47.381404	-2.4164675	0.00063175
79.291402	-47.767248	-2.441469	0.000668
79.738926	-48.1478345	-2.46686375	0.0007085
80.18645	-48.528421	-2.4922585	0.000749
80.633974	-48.9090075	-2.51765325	0.0007895
81.081498	-49.289594	-2.543048	0.00083
81.50694325	-49.66425625	-2.56885875	0.0008745
81.9323885	-50.0389185	-2.5946695	0.000919
82.35783375	-50.41358075	-2.62048025	0.0009635
82.783279	-50.788243	-2.646291	0.001008
83.18593425	-51.156258	-2.67253975	0.00105575
83.5885895	-51.524273	-2.6987885	0.0011035
83.99124475	-51.892288	-2.72503725	0.00115125
84.3939	-52.260303	-2.751286	0.001199
84.7730555	-52.620893	-2.77799575	0.001249
85.152211	-52.981483	-2.8047055	0.001299
85.5313665	-53.342073	-2.83141525	0.001349
85.910522	-53.702663	-2.858125	0.001399
86.26547525	-54.0549985	-2.88531775	0.00145
86.6204285	-54.407334	-2.9125105	0.001501
86.97538175	-54.7596695	-2.93970325	0.001552
87.330335	-55.112005	-2.966896	0.001603
87.66039925	-55.45520975	-2.994594	0.00165325
87.9904635	-55.7984145	-3.022292	0.0017035
88.32052775	-56.14161925	-3.04999	0.00175375
88.650592	-56.484824	-3.077688	0.001804
88.95510275	-56.81798025	-3.105913	0.0018515
89.2596135	-57.1511365	-3.134138	0.001899
89.56412425	-57.48429275	-3.162363	0.0019465
89.868635	-57.817449	-3.190588	0.001994
90.14695825	-58.139606	-3.219361	0.00203525
90.4252815	-58.461763	-3.248134	0.0020765
90.70360475	-58.78392	-3.276907	0.00211775
90.981928	-59.106077	-3.30568	0.002159
91.23346825	-59.41625825	-3.33502225	0.002191
91.4850085	-59.7264395	-3.3643645	0.002223
91.73654875	-60.03662075	-3.39370675	0.002255
91.988089	-60.346802	-3.423049	0.002287
92.21229625	-60.64401575	-3.45298075	0.0023055
92.4365035	-60.9412295	-3.4829125	0.002324
92.66071075	-61.23844325	-3.51284425	0.0023425
92.884918	-61.535657	-3.542776	0.002361
93.08129475	-61.81890575	-3.57331775	0.00236075
93.2776715	-62.1021545	-3.6038595	0.0023605
93.47404825	-62.38540325	-3.63440125	0.00236025
93.670425	-62.668652	-3.664943	0.00236
93.83853075	-62.93694375	-3.6961145	0.00233575
94.0066365	-63.2052355	-3.727286	0.0023115
94.17474225	-63.47352725	-3.7584575	0.00228725
94.342848	-63.741819	-3.789629	0.002263
94.48230675	-63.9941785	-3.8214495	0.00220825
94.6217655	-64.246538	-3.85327	0.0021535
94.76122425	-64.4988975	-3.8850905	0.00209875
94.900683	-64.751257	-3.916911	0.002044
95.01118375	-64.98673725	-3.94940025	0.00195175
95.1216845	-65.2222175	-3.9818895	0.0018595
95.23218525	-65.45769775	-4.01437875	0.00176725
95.342686	-65.693178	-4.046868	0.001675
95.42398825	-65.910871	-4.08004475	0.0015375
95.5052905	-66.128564	-4.1132215	0.0014
95.58659275	-66.346257	-4.14639825	0.0012625
95.667895	-66.56395	-4.179575	0.001125
95.71982725	-66.76299925	-4.21345875	0.00093375
95.7717595	-66.9620485	-4.2473425	0.0007425
95.82369175	-67.16109775	-4.28122625	0.00055125
95.875624	-67.360147	-4.31511	0.00036
95.898086	-67.53975525	-4.34971975	0.00010675
95.920548	-67.7193635	-4.3843295	-0.0001465
95.94301	-67.89897175	-4.41893925	-0.00039975
95.965472	-68.07858	-4.453549	-0.000653
95.95843125	-68.2380205	-4.4889045	-0.00097675
95.9513905	-68.397461	-4.52426	-0.0013005
95.94434975	-68.5569015	-4.5596155	-0.00162425
95.937309	-68.716342	-4.594971	-0.001948
95.9008	-68.8549655	-4.6310925	-0.002351
95.864291	-68.993589	-4.667214	-0.002754
95.827782	-69.1322125	-4.7033355	-0.003157
95.791273	-69.270836	-4.739457	-0.00356
95.7253915	-69.3880775	-4.77636525	-0.00404975
95.65951	-69.505319	-4.8132735	-0.0045395
95.5936285	-69.6225605	-4.85018175	-0.00502925
95.527747	-69.739802	-4.88709	-0.005519
95.4326455	-69.8351855	-4.9248075	-0.00610175
95.337544	-69.930569	-4.962525	-0.0066845
95.2424425	-70.0259525	-5.0002425	-0.00726725
95.147341	-70.121336	-5.03796	-0.00785
95.0232225	-70.1944785	-5.0765105	-0.00853075
94.899104	-70.267621	-5.115061	-0.0092115
94.7749855	-70.3407635	-5.1536115	-0.00989225
94.650867	-70.413906	-5.192162	-0.010573
94.49797775	-70.4645175	-5.23157125	-0.011354
94.3450885	-70.515129	-5.2709805	-0.012135
94.19219925	-70.5657405	-5.31038975	-0.012916
94.03931	-70.616352	-5.349799	-0.013697
93.857932	-70.6442365	-5.39009575	-0.0145765
93.676554	-70.672121	-5.4303925	-0.015456
93.495176	-70.7000055	-5.47068925	-0.0163355
93.313798	-70.72789	-5.510986	-0.017215
93.10423925	-70.73294225	-5.552202	-0.0181875
92.8946805	-70.7379945	-5.593418	-0.01916
92.68512175	-70.74304675	-5.634634	-0.0201325
92.475563	-70.748099	-5.67585	-0.021105
92.23814975	-70.73030025	-5.718021	-0.022159
92.0007365	-70.7125015	-5.760192	-0.023213
91.76332325	-70.69470275	-5.802363	-0.024267
91.52591	-70.676904	-5.844534	-0.025321
91.26097675	-70.63631825	-5.8877005	-0.0264385
90.9960435	-70.5957325	-5.930867	-0.027556
90.73111025	-70.55514675	-5.9740335	-0.0286735
90.466177	-70.514561	-6.0172	-0.029791
90.17405775	-70.45132575	-6.0614085	-0.03094575
89.8819385	-70.3880905	-6.105617	-0.0321005
89.58981925	-70.32485525	-6.1498255	-0.03325525
89.2977	-70.26162	-6.194034	-0.03441
88.97871975	-70.17594	-6.239337	-0.03556625
88.6597395	-70.09026	-6.28464	-0.0367225
88.34075925	-70.00458	-6.329943	-0.03787875
88.021779	-69.9189	-6.375246	-0.039035
87.67624575	-69.8110385	-6.42170375	-0.040146
87.3307125	-69.703177	-6.4681615	-0.041257
86.98517925	-69.5953155	-6.51461925	-0.042368
86.639646	-69.487454	-6.561077	-0.043479
86.26784275	-69.35772275	-6.60875825	-0.04448525
85.8960395	-69.2279915	-6.6564395	-0.0454915
85.52423625	-69.09826025	-6.70412075	-0.04649775
85.152433	-68.968529	-6.751802	-0.047504
84.754614	-68.8172795	-6.8007845	-0.048333
84.356795	-68.66603	-6.849767	-0.049162
83.958976	-68.5147805	-6.8987495	-0.049991
83.561157	-68.363531	-6.947732	-0.05082
83.137543	-68.1911465	-6.99810425	-0.05138325
82.713929	-68.018762	-7.0484765	-0.0519465
82.290315	-67.8463775	-7.09884875	-0.05250975
81.866701	-67.673993	-7.149221	-0.053073
81.41747825	-67.48087975	-7.20108175	-0.05326625
80.9682555	-67.2877665	-7.2529425	-0.0534595
80.51903275	-67.09465325	-7.30480325	-0.05365275
80.06981	-66.90154	-7.356664	-0.053846
79.59513225	-66.68812075	-7.41012425	-0.053549
79.1204545	-66.4747015	-7.4635845	-0.053252
78.64577675	-66.26128225	-7.51704475	-0.052955
78.171099	-66.047863	-7.570505	-0.052658
77.671092	-65.81457225	-7.625687	-0.05173225
77.171085	-65.5812815	-7.680869	-0.0508065
76.671078	-65.34799075	-7.736051	-0.04988075
76.171071	-65.1147	-7.791233	-0.048955
75.64584325	-64.86198125	-7.848271	-0.047247
75.1206155	-64.6092625	-7.905309	-0.045539
74.59538775	-64.35654375	-7.962347	-0.043831
74.07016	-64.103825	-8.019385	-0.042123
73.51981525	-63.8321305	-8.07842425	-0.039463
72.9694705	-63.560436	-8.1374635	-0.036803
72.41912575	-63.2887415	-8.19650275	-0.034143
71.868781	-63.017047	-8.255542	-0.031483
71.29343875	-62.72684075	-8.31673775	-0.02768925
70.7180965	-62.4366345	-8.3779335	-0.0238955
70.14275425	-62.14642825	-8.43912925	-0.02010175
69.567412	-61.856222	-8.500325	-0.016308
68.9672315	-61.54798625	-8.563841	-0.01118875
68.367051	-61.2397505	-8.627357	-0.0060695
67.7668705	-60.93151475	-8.690873	-0.00095025
67.16669	-60.623279	-8.754389	0.004169
66.54190375	-60.297524	-8.820394	0.0108095
65.9171175	-59.971769	-8.886399	0.01745
65.29233125	-59.646014	-8.952404	0.0240905
64.667545	-59.320259	-9.018409	0.030731
64.01849625	-58.977537	-9.08707375	0.039086
63.3694475	-58.634815	-9.1557385	0.047441
62.72039875	-58.292093	-9.22440325	0.055796
62.07135	-57.949371	-9.293068	0.064151
61.39853875	-57.5902955	-9.36456075	0.0744035
60.7257275	-57.23122	-9.4360535	0.084656
60.05291625	-56.8721445	-9.50754625	0.0949085
59.380105	-56.513069	-9.579039	0.105161
58.68424125	-56.138337	-9.653518	0.11747175
57.9883775	-55.763605	-9.727997	0.1297825
57.29251375	-55.388873	-9.802476	0.14209325
56.59665	-55.014141	-9.876955	0.154404
55.87871475	-54.62455925	-9.954562	0.16889925
55.1607795	-54.2349775	-10.032169	0.1833945
54.44284425	-53.84539575	-10.109776	0.19788975
53.724909	-53.455814	-10.187383	0.212385
52.9862195	-53.05233025	-10.268234	0.2291395
52.24753	-52.6488465	-10.349085	0.245894
51.5088405	-52.24536275	-10.429936	0.2626485
50.770151	-51.841879	-10.510787	0.279403
50.01243375	-51.42561675	-10.59496025	0.29842325
49.2547165	-51.0093545	-10.6791335	0.3174435
48.49699925	-50.59309225	-10.76330675	0.33646375
47.739282	-50.17683	-10.84748	0.355484
46.9647485	-49.7491235	-10.935005	0.37668525
46.190215	-49.321417	-11.02253	0.3978865
45.4156815	-48.8937105	-11.110055	0.41908775
44.641148	-48.466004	-11.19758	0.440289
43.8525715	-48.028437	-11.28842125	0.46347175
43.063995	-47.59087	-11.3792625	0.4866545
42.2754185	-47.153303	-11.47010375	0.50983725
41.486842	-46.715736	-11.560945	0.53302
40.68763225	-46.27017875	-11.6549875	0.55784275
39.8884225	-45.8246215	-11.74903	0.5826655
39.08921275	-45.37906425	-11.8430725	0.60748825
38.290003	-44.933507	-11.937115	0.632311
37.484275	-44.48215075	-12.03414475	0.658261
36.678547	-44.0307945	-12.1311745	0.684211
35.872819	-43.57943825	-12.22820425	0.710161
35.067091	-43.128082	-12.325234	0.736111
34.25972025	-42.673467	-12.42492025	0.762473
33.4523495	-42.218852	-12.5246065	0.788835
32.64497875	-41.764237	-12.62429275	0.815197
31.837608	-41.309622	-12.723979	0.841559
31.03426675	-40.854658	-12.82585275	0.8673825
30.2309255	-40.399694	-12.9277265	0.893206
29.42758425	-39.94473	-13.02960025	0.9190295
28.624243	-39.489766	-13.131474	0.944853
27.83140625	-39.0377355	-13.23490875	0.9689185
27.0385695	-38.585705	-13.3383435	0.992984
26.24573275	-38.1336745	-13.44177825	1.0170495
25.452896	-37.681644	-13.545213	1.041115
24.67780275	-37.23618625	-13.6494025	1.06190325
23.9027095	-36.7907285	-13.753592	1.0826915
23.12761625	-36.34527075	-13.8577815	1.10347975
22.352523	-35.899813	-13.961971	1.124268
21.6030795	-35.464878	-14.06591175	1.13992875
20.853636	-35.029943	-14.1698525	1.1555895
20.1041925	-34.595008	-14.27379325	1.17125025
19.354749	-34.160073	-14.377734	1.186911
18.63934275	-33.7398305	-14.48020625	1.1952385
17.9239365	-33.319588	-14.5826785	1.203566
17.20853025	-32.8993455	-14.68515075	1.2118935
16.493124	-32.479103	-14.787623	1.220221
15.82030325	-32.07778725	-14.88717925	1.21863475
15.1474825	-31.6764715	-14.9867355	1.2170485
14.47466175	-31.27515575	-15.08629175	1.21546225
13.801841	-30.87384	-15.185848	1.213876
13.17969675	-30.495443	-15.280803	1.19941275
12.5575525	-30.117046	-15.375758	1.1849495
11.93540825	-29.738649	-15.470713	1.17048625
11.313264	-29.360252	-15.565668	1.156023
10.74838775	-29.00800725	-15.6540995	1.12533975
10.1835115	-28.6557625	-15.742531	1.0946565
9.61863525	-28.30351775	-15.8309625	1.06397325
9.053759	-27.951273	-15.919394	1.03329
8.550258	-27.62716725	-15.99915025	0.982685
8.046757	-27.3030615	-16.0789065	0.93208
7.543256	-26.97895575	-16.15866275	0.881475
7.039755	-26.65485	-16.238419	0.83087
6.5990175	-26.35951075	-16.3071405	0.75632425
6.15828	-26.0641715	-16.375862	0.6817785
5.7175425	-25.76883225	-16.4445835	0.60723275
5.276805	-25.473493	-16.513305	0.532687
4.89793125	-25.2064075	-16.568459	0.42993125
4.5190575	-24.939322	-16.623613	0.3271755
4.14018375	-24.6722365	-16.678767	0.22441975
3.76131	-24.405151	-16.733921	0.121664
3.44167625	-24.164954	-16.77285675	-0.0137225
3.1220425	-23.924757	-16.8117925	-0.149109
2.80240875	-23.68456	-16.85072825	-0.2844955
2.482775	-23.444363	-16.889664	-0.419882
2.2185175	-23.22908375	-16.9096875	-0.592339
1.95426	-23.0138045	-16.929711	-0.764796
1.6900025	-22.79852525	-16.9497345	-0.937253
1.425745	-22.583246	-16.969758	-1.10971
1.21217225	-22.390517	-16.968232	-1.32351875
0.9985995	-22.197788	-16.966706	-1.5373275
0.78502675	-22.005059	-16.96518	-1.75113625
0.571454	-21.81233	-16.963654	-1.964945
0.40338725	-21.639562	-16.93812625	-2.22400575
0.2353205	-21.466794	-16.9125985	-2.4830665
0.06725375	-21.294026	-16.88707075	-2.74212725
-0.100813	-21.121258	-16.861543	-3.001188
-0.228765	-20.96578	-16.80990775	-3.30874525
-0.356717	-20.810302	-16.7582725	-3.6163025
-0.484669	-20.654824	-16.70663725	-3.92385975
-0.612621	-20.499346	-16.655002	-4.231417
-0.70584225	-20.35851675	-16.5756945	-4.5897255
-0.7990635	-20.2176875	-16.496387	-4.948034
-0.89228475	-20.07685825	-16.4170795	-5.3063425
-0.985506	-19.936029	-16.337772	-5.664651
-1.04920725	-19.80731925	-16.23000225	-6.074582
-1.1129085	-19.6786095	-16.1222325	-6.484513
-1.17660975	-19.54989975	-16.01446275	-6.894444
-1.240311	-19.42119	-15.906693	-7.304375
-1.279407	-19.302251	-15.77070725	-7.7649575
-1.318503	-19.183312	-15.6347215	-8.22554
-1.357599	-19.064373	-15.49873575	-8.6861225
-1.396695	-18.945434	-15.36275	-9.146705
-1.4157205	-18.83416625	-15.200007	-9.6547775
-1.434746	-18.7228985	-15.037264	-10.16285
-1.4537715	-18.61163075	-14.874521	-10.6709225
-1.472797	-18.500363	-14.711778	-11.178995
-1.475853	-18.3949745	-14.52482	-11.7293985
-1.478909	-18.289586	-14.337862	-12.279802
-1.481965	-18.1841975	-14.150904	-12.8302055
-1.485021	-18.078809	-13.963946	-13.380609
-1.47574875	-17.97783125	-13.7559645	-13.96698625
-1.4664765	-17.8768535	-13.547983	-14.5533635
-1.45720425	-17.77587575	-13.3400015	-15.13974075
-1.447932	-17.674898	-13.13202	-15.726118
-1.42950625	-17.57716275	-12.90642175	-16.341747
-1.4110805	-17.4794275	-12.6808235	-16.957376
-1.39265475	-17.38169225	-12.45522525	-17.573005
-1.374229	-17.283957	-12.229627	-18.188634
-1.349368	-17.188558	-11.989782	-18.826916
-1.324507	-17.093159	-11.749937	-19.465198
-1.299646	-16.99776	-11.510092	-20.10348
-1.274785	-16.902361	-11.270247	-20.741762
-1.24577225	-16.808619	-11.01935275	-21.39647325
-1.2167595	-16.714877	-10.7684585	-22.0511845
-1.18774675	-16.621135	-10.51756425	-22.70589575
-1.158734	-16.527393	-10.26667	-23.360607
-1.1274485	-16.4348215	-10.00767075	-24.02604875
-1.096163	-16.34225	-9.7486715	-24.6914905
-1.0648775	-16.2496785	-9.48967225	-25.35693225
-1.033592	-16.157107	-9.230673	-26.022374
-1.00154425	-16.0653785	-8.9662105	-26.6934545
-0.9694965	-15.97365	-8.701748	-27.364535
-0.93744875	-15.8819215	-8.4372855	-28.0356155
-0.905401	-15.790193	-8.172823	-28.706696
-0.87377175	-15.69911025	-7.90521625	-29.3789645
-0.8421425	-15.6080275	-7.6376095	-30.051233
-0.81051325	-15.51694475	-7.37000275	-30.7235015
-0.778884	-15.425862	-7.102396	-31.39577
-0.74856475	-15.33533125	-6.83363525	-32.0654165
-0.7182455	-15.2448005	-6.5648745	-32.735063
-0.68792625	-15.15426975	-6.29611375	-33.4047095
-0.657607	-15.063739	-6.027353	-34.074356
-0.6292395	-14.9737455	-5.75910975	-34.738186
-0.600872	-14.883752	-5.4908665	-35.402016
-0.5725045	-14.7937585	-5.22262325	-36.065846
-0.544137	-14.703765	-4.95438	-36.729676
-0.51815225	-14.6143535	-4.68802375	-37.38506925
-0.4921675	-14.524942	-4.4216675	-38.0404625
-0.46618275	-14.4355305	-4.15531125	-38.69585575
-0.440198	-14.346119	-3.888955	-39.351249
-0.416851	-14.25737625	-3.62557775	-39.99610725
-0.393504	-14.1686335	-3.3622005	-40.6409655
-0.370157	-14.07989075	-3.09882325	-41.28582375
-0.34681	-13.991148	-2.835446	-41.930682
-0.32621375	-13.9031875	-2.5758895	-42.5633715
-0.3056175	-13.815227	-2.316333	-43.196061
-0.28502125	-13.7272665	-2.0567765	-43.8287505
-0.264425	-13.639306	-1.79722	-44.46144
-0.2465805	-13.552256	-1.5421045	-45.08073
-0.228736	-13.465206	-1.286989	-45.70002
-0.2108915	-13.378156	-1.0318735	-46.31931
-0.193047	-13.291106	-0.776758	-46.9386
-0.17786825	-13.20510125	-0.52651175	-47.5436035
-0.1626895	-13.1190965	-0.2762655	-48.148607
-0.14751075	-13.03309175	-0.02601925	-48.7536105
-0.132332	-12.947087	0.224227	-49.358614
-0.11967	-12.8622595	0.4693385	-49.94872925
-0.107008	-12.777432	0.71445	-50.5388445
-0.094346	-12.6926045	0.9595615	-51.12895975
-0.081684	-12.607777	1.204673	-51.719075
-0.07134625	-12.5242515	1.44452175	-52.29393275
-0.0610085	-12.440726	1.6843705	-52.8687905
-0.05067075	-12.3572005	1.92421925	-53.44364825
-0.040333	-12.273675	2.164068	-54.018506
-0.03209875	-12.1915655	2.39863675	-54.57791925
-0.0238645	-12.109456	2.6332055	-55.1373325
-0.01563025	-12.0273465	2.86777425	-55.69674575
-0.007396	-11.945237	3.102343	-56.256159
-0.0010305	-11.86464275	3.33170425	-56.8000795
0.005335	-11.7840485	3.5610655	-57.344
0.0117005	-11.70345425	3.79042675	-57.8879205
0.018066	-11.62286	4.019788	-58.431841
0.0228005	-11.54386475	4.24408275	-58.96032075
0.027535	-11.4648695	4.4683775	-59.4888005
0.0322695	-11.38587425	4.69267225	-60.01728025
0.037004	-11.306879	4.916967	-60.54576
0.0403415	-11.22955075	5.13638875	-61.05891825
0.043679	-11.1522225	5.3558105	-61.5720765
0.0470165	-11.07489425	5.57523225	-62.08523475
0.050354	-10.997566	5.794654	-62.598393
0.0525165	-10.92195625	6.00943225	-63.0963885
0.054679	-10.8463465	6.2242105	-63.594384
0.0568415	-10.77073675	6.43898875	-64.0923795
0.059004	-10.695127	6.653767	-64.590375
0.06019925	-10.62127225	6.8641555	-65.07338325
0.0613945	-10.5474175	7.074544	-65.5563915
0.06258975	-10.47356275	7.2849325	-66.03939975
0.063785	-10.399708	7.495321	-66.522408
0.06420175	-10.32763	7.70158675	-66.990603
0.0646185	-10.255552	7.9078525	-67.458798
0.06503525	-10.183474	8.11411825	-67.926993
0.065452	-10.111396	8.320384	-68.395188
0.0652595	-10.04110325	8.5227995	-68.848729
0.065067	-9.9708105	8.725215	-69.30227
0.0648745	-9.90051775	8.9276305	-69.755811
0.064682	-9.830225	9.130046	-70.209352
0.0640285	-9.76171425	9.3288805	-70.648371
0.063375	-9.6932035	9.527715	-71.08739
0.0627215	-9.62469275	9.7265495	-71.526409
0.062068	-9.556182	9.925384	-71.965428
0.061082	-9.48943975	10.1208995	-72.39002525
0.060096	-9.4226975	10.316415	-72.8146225
0.05911	-9.35595525	10.5119305	-73.23921975
0.058124	-9.289213	10.707446	-73.663817
0.05691425	-9.224217	10.89989225	-74.0740535
0.0557045	-9.159221	11.0923385	-74.48429
0.05449475	-9.094225	11.28478475	-74.8945265
0.053285	-9.029229	11.477231	-75.304763
0.05194175	-8.96595	11.6668415	-75.70065975
0.0505985	-8.902671	11.856452	-76.0965565
0.04925525	-8.839392	12.0460625	-76.49245325
0.047912	-8.776113	12.235673	-76.88835
0.04650825	-8.71451525	12.422663	-77.26988725
0.0451045	-8.6529175	12.609653	-77.6514245
0.04370075	-8.59131975	12.796643	-78.03296175
0.042297	-8.529722	12.983633	-78.414499
0.040891	-8.4697655	13.16819675	-78.7816165
0.039485	-8.409809	13.3527605	-79.148734
0.038079	-8.3498525	13.53732425	-79.5158515
0.036673	-8.289896	13.721888	-79.882969
0.03530925	-8.2315375	13.90419775	-80.23556825
0.0339455	-8.173179	14.0865075	-80.5881675
0.03258175	-8.1148205	14.26881725	-80.94076675
0.031218	-8.056462	14.451127	-81.293366
0.029929	-7.99965575	14.6313305	-81.631313
0.02864	-7.9428495	14.811534	-81.96926
0.027351	-7.88604325	14.9917375	-82.307207
0.026062	-7.829237	15.171941	-82.645154
0.024871	-7.773935	15.350162	-82.9682825
0.02368	-7.718633	15.528383	-83.291411
0.022489	-7.663331	15.706604	-83.6145395
0.021298	-7.608029	15.884825	-83.937668
0.02021925	-7.5541835	16.06116025	-84.24578425
0.0191405	-7.500338	16.2374955	-84.5539005
0.01806175	-7.4464925	16.41383075	-84.86201675
0.016983	-7.392647	16.590166	-85.170133
0.01602375	-7.34020975	16.764686	-85.46301825
0.0150645	-7.2877725	16.939206	-85.7559035
0.01410525	-7.23533525	17.113726	-86.04878875
0.013146	-7.182898	17.288246	-86.341674
0.01230825	-7.13182075	17.46099275	-86.61908975
0.0114705	-7.0807435	17.6337395	-86.8965055
0.01063275	-7.02966625	17.80648625	-87.17392125
0.009795	-6.978589	17.979233	-87.451337
0.00907675	-6.92882525	18.15022025	-87.71302975
0.0083585	-6.8790615	18.3212075	-87.9747225
0.00764025	-6.82929775	18.49219475	-88.23641525
0.006922	-6.779534	18.663182	-88.498108
0.00631775	-6.7310375	18.8323945	-88.74381225
0.0057135	-6.682541	19.001607	-88.9895165
0.00510925	-6.6340445	19.1708195	-89.23522075
0.004505	-6.585548	19.340032	-89.480925
0.004007	-6.53827425	19.50742375	-89.71036775
0.003509	-6.4910005	19.6748155	-89.9398105
0.003011	-6.44372675	19.84220725	-90.16925325
0.002513	-6.396453	20.009599	-90.398696
0.00211175	-6.35035925	20.1750945	-90.61160175
0.0017105	-6.3042655	20.34059	-90.8245075
0.00130925	-6.25817175	20.5060855	-91.03741325
0.000908	-6.212078	20.671581	-91.250319
0.0005935	-6.16712275	20.8350735	-91.44641225
0.000279	-6.1221675	20.998566	-91.6425055
-3.55e-05	-6.07721225	21.1620585	-91.83859875
-0.00035	-6.032257	21.325551	-92.034692
-0.000588	-5.9884005	21.48690275	-92.21370125
-0.000826	-5.944544	21.6482545	-92.3927105
-0.001064	-5.9006875	21.80960625	-92.57171975
-0.001302	-5.856831	21.970958	-92.750729
-0.00147425	-5.8140355	22.130001	-92.912391
-0.0016465	-5.77124	22.289044	-93.074053
-0.00181875	-5.7284445	22.448087	-93.235715
-0.001991	-5.685649	22.60713	-93.397377
-0.0021075	-5.643878	22.763666	-93.541439
-0.002224	-5.602107	22.920202	-93.685501
-0.0023405	-5.560336	23.076738	-93.829563
-0.002457	-5.518565	23.233274	-93.973625
-0.00252675	-5.477784	23.38707525	-94.0998485
-0.0025965	-5.437003	23.5408765	-94.226072
-0.00266625	-5.396222	23.69467775	-94.3522955
-0.002736	-5.355441	23.848479	-94.478519
-0.00276825	-5.3156165	23.9992895	-94.5866825
-0.0028005	-5.275792	24.1501	-94.694846
-0.00283275	-5.2359675	24.3009105	-94.8030095
-0.002865	-5.196143	24.451721	-94.911173
-0.00286725	-5.1572435	24.599258	-95.001074
-0.0028695	-5.118344	24.746795	-95.090975
-0.00287175	-5.0794445	24.894332	-95.180876
-0.002874	-5.040545	25.041869	-95.270777
-0.00285325	-5.00253975	25.1858245	-95.34223525
-0.0028325	-4.9645345	25.32978	-95.4136935
-0.00281175	-4.92652925	25.4737355	-95.48515175
-0.002791	-4.888524	25.617691	-95.55661
-0.00275325	-4.85138425	25.7577345	-95.60946875
-0.0027155	-4.8142445	25.897778	-95.6623275
-0.00267775	-4.77710475	26.0378215	-95.71518625
-0.00264	-4.739965	26.177865	-95.768045
-0.0025905	-4.70366225	26.31364625	-95.80217275
-0.002541	-4.6673595	26.4494275	-95.8363005
-0.0024915	-4.63105675	26.58520875	-95.87042825
-0.002442	-4.594754	26.72099	-95.904556
-0.00238475	-4.55926125	26.8521405	-95.919848
-0.0023275	-4.5237685	26.983291	-95.93514
-0.00227025	-4.48827575	27.1144415	-95.950432
-0.002213	-4.452783	27.245592	-95.965724
-0.002152	-4.41807425	27.3717295	-95.9621025
-0.002091	-4.3833655	27.497867	-95.958481
-0.00203	-4.34865675	27.6240045	-95.9548595
-0.001969	-4.313948	27.750142	-95.951238
-0.001907	-4.2799975	27.870873	-95.9286535
-0.001845	-4.246047	27.991604	-95.906069
-0.001783	-4.2120965	28.112335	-95.8834845
-0.001721	-4.178146	28.233066	-95.8609
-0.00166	-4.144929	28.34798875	-95.81932975
-0.001599	-4.111712	28.4629115	-95.7777595
-0.001538	-4.078495	28.57783425	-95.73618925
-0.001477	-4.045278	28.692757	-95.694619
-0.0014185	-4.01277075	28.80146475	-95.63406625
-0.00136	-3.9802635	28.9101725	-95.5735135
-0.0013015	-3.94775625	29.01888025	-95.51296075
-0.001243	-3.915249	29.127588	-95.452408
-0.00118875	-3.88342725	29.22967325	-95.372901
-0.0011345	-3.8516055	29.3317585	-95.293394
-0.00108025	-3.81978375	29.43384375	-95.213887
-0.001026	-3.787962	29.535929	-95.13438
-0.00097625	-3.75680275	29.630984	-95.035968
-0.0009265	-3.7256435	29.726039	-94.937556
-0.00087675	-3.69448425	29.821094	-94.839144
-0.000827	-3.663325	29.916149	-94.740732
-0.0007825	-3.632805	30.00377025	-94.6234835
-0.000738	-3.602285	30.0913915	-94.506235
-0.0006935	-3.571765	30.17901275	-94.3889865
-0.000649	-3.541245	30.266634	-94.271738
-0.00060975	-3.5113415	30.3464235	-94.13573525
-0.0005705	-3.481438	30.426213	-93.9997325
-0.00053125	-3.4515345	30.5060025	-93.86372975
-0.000492	-3.421631	30.585792	-93.727727
-0.00045825	-3.3923215	30.657358	-93.573061
-0.0004245	-3.363012	30.728924	-93.418395
-0.00039075	-3.3337025	30.80049	-93.263729
-0.000357	-3.304393	30.872056	-93.109063
-0.00032825	-3.27565475	30.9350155	-92.935827
-0.0002995	-3.2469165	30.997975	-92.762591
-0.00027075	-3.21817825	31.0609345	-92.589355
-0.000242	-3.18944	31.123894	-92.416119
-0.000218	-3.1612505	31.17787025	-92.22440225
-0.000194	-3.133061	31.2318465	-92.0326855
-0.00017	-3.1048715	31.28582275	-91.84096875
-0.000146	-3.076682	31.339799	-91.649252
-0.0001265	-3.0490185	31.38442375	-91.43913025
-0.000107	-3.021355	31.4290485	-91.2290085
-8.75e-05	-2.9936915	31.47367325	-91.01888675
-6.8e-05	-2.966028	31.518298	-90.808765
-5.275e-05	-2.938868	31.553208	-90.580292
-3.75e-05	-2.911708	31.588118	-90.351819
-2.225e-05	-2.884548	31.623028	-90.123346
-7e-06	-2.857388	31.657938	-89.894873
5e-06	-2.83070875	31.682773	-89.64807175
1.7e-05	-2.8040295	31.707608	-89.4012705
2.9e-05	-2.77735025	31.732443	-89.15446925
4.1e-05	-2.750671	31.757278	-88.907668
4.975e-05	-2.72444975	31.77167875	-88.64251875
5.85e-05	-2.6982285	31.7860795	-88.3773695
6.725e-05	-2.67200725	31.80048025	-88.11222025
7.6e-05	-2.645786	31.814881	-87.847071
8.2e-05	-2.62	31.81848525	-87.56350125
8.8e-05	-2.594214	31.8220895	-87.2799315
9.4e-05	-2.568428	31.82569375	-86.99636175
0.0001	-2.542642	31.829298	-86.712792
0.000104	-2.5172685	31.82173625	-86.410667
0.000108	-2.491895	31.8141745	-86.108542
0.000112	-2.4665215	31.80661275	-85.806417
0.000116	-2.441148	31.799051	-85.504292
0.000118	-2.41616475	31.7799425	-85.183403
0.00012	-2.3911815	31.760834	-84.862514
0.000122	-2.36619825	31.7417255	-84.541625
0.000124	-2.341215	31.722617	-84.220736
0.00012475	-2.3165995	31.69156475	-83.88079125
0.0001255	-2.291984	31.6605125	-83.5408465
0.00012625	-2.2673685	31.62946025	-83.20090175
0.000127	-2.242753	31.598408	-82.860957
0.0001265	-2.218484	31.5549955	-82.501574
0.000126	-2.194215	31.511583	-82.142191
0.0001255	-2.169946	31.4681705	-81.782808
0.000125	-2.145677	31.424758	-81.423425
0.0001235	-2.1217335	31.36854525	-81.044125
0.000122	-2.09779	31.3123325	-80.664825
0.0001205	-2.0738465	31.25611975	-80.285525
0.000119	-2.049903	31.199907	-79.906225
0.000117	-2.02626525	31.130428	-79.50642925
0.000115	-2.0026275	31.060949	-79.1066335
0.000113	-1.97898975	30.99147	-78.70683775
0.000111	-1.955352	30.921991	-78.307042
0.00010875	-1.93200225	30.838752	-77.88607225
0.0001065	-1.9086525	30.755513	-77.4651025
0.00010425	-1.88530275	30.672274	-77.04413275
0.000102	-1.861953	30.589035	-76.623163
9.925e-05	-1.83887475	30.49151625	-76.18024775
9.65e-05	-1.8157965	30.3939975	-75.7373325
9.375e-05	-1.79271825	30.29647875	-75.29441725
9.1e-05	-1.76964	30.19896	-74.851502
8.825e-05	-1.7468195	30.08661875	-74.3857875
8.55e-05	-1.723999	29.9742775	-73.920073
8.275e-05	-1.7011785	29.86193625	-73.4543585
8e-05	-1.678358	29.749595	-72.988644
7.75e-05	-1.655785	29.6218715	-72.499211
7.5e-05	-1.633212	29.494148	-72.009778
7.25e-05	-1.610639	29.3664245	-71.520345
7e-05	-1.588066	29.238701	-71.030912
6.725e-05	-1.56573325	29.09503025	-70.51680325
6.45e-05	-1.5434005	28.9513595	-70.0026945
6.175e-05	-1.52106775	28.80768875	-69.48858575
5.9e-05	-1.498735	28.664018	-68.974477
5.65e-05	-1.47664025	28.50384275	-68.43473175
5.4e-05	-1.4545455	28.3436675	-67.8949865
5.15e-05	-1.43245075	28.18349225	-67.35524125
4.9e-05	-1.410356	28.023317	-66.815496
4.675e-05	-1.388502	27.8461085	-66.249195
4.45e-05	-1.366648	27.6689	-65.682894
4.225e-05	-1.344794	27.4916915	-65.116593
4e-05	-1.32294	27.314483	-64.550292
3.8e-05	-1.3013355	27.11976675	-63.9566155
3.6e-05	-1.279731	26.9250505	-63.362939
3.4e-05	-1.2581265	26.73033425	-62.7692625
3.2e-05	-1.236522	26.535618	-62.175586
3.025e-05	-1.215183	26.32300425	-61.5538805
2.85e-05	-1.193844	26.1103905	-60.932175
2.675e-05	-1.172505	25.89777675	-60.3104695
2.5e-05	-1.151166	25.685163	-59.688764
2.325e-05	-1.13011575	25.454386	-59.03862575
2.15e-05	-1.1090655	25.223609	-58.3884875
1.975e-05	-1.08801525	24.992832	-57.73834925
1.8e-05	-1.066965	24.762055	-57.088211
1.675e-05	-1.04623525	24.51301675	-56.409578
1.55e-05	-1.0255055	24.2639785	-55.730945
1.425e-05	-1.00477575	24.01494025	-55.052312
1.3e-05	-0.984046	23.765902	-54.373679
1.175e-05	-0.963677	23.49872325	-53.66693875
1.05e-05	-0.943308	23.2315445	-52.9601985
9.25e-06	-0.922939	22.96436575	-52.25345825
8e-06	-0.90257	22.697187	-51.546718
7e-06	-0.8826125	22.4122655	-50.81282275
6e-06	-0.862655	22.127344	-50.0789275
5e-06	-0.8426975	21.8424225	-49.34503225
4e-06	-0.82274	21.557501	-48.611137
3.25e-06	-0.80325325	21.25557225	-47.85173
2.5e-06	-0.7837665	20.9536435	-47.092323
1.75e-06	-0.76427975	20.65171475	-46.332916
1e-06	-0.744793	20.349786	-45.573509
5e-07	-0.7258465	20.03198975	-44.79105525
0.0	-0.7069	19.7141935	-44.0086015
-5e-07	-0.6879535	19.39639725	-43.22614775
-1e-06	-0.669007	19.078601	-42.443694
-1.5e-06	-0.650679	18.7465465	-41.64160825
-2e-06	-0.632351	18.414492	-40.8395225
-2.5e-06	-0.614023	18.0824375	-40.03743675
-3e-06	-0.595695	17.750383	-39.235351
-3.25e-06	-0.5780715	17.40621425	-38.4181225
-3.5e-06	-0.560448	17.0620455	-37.600894
-3.75e-06	-0.5428245	16.71787675	-36.7836655
-4e-06	-0.525201	16.373708	-35.966437
-4.25e-06	-0.5083745	16.0201595	-35.139733
-4.5e-06	-0.491548	15.666611	-34.313029
-4.75e-06	-0.4747215	15.3130625	-33.486325
-5e-06	-0.457895	14.959514	-32.659621
-5e-06	-0.4419615	14.59995325	-31.8303615
-5e-06	-0.426028	14.2403925	-31.001102
-5e-06	-0.4100945	13.88083175	-30.1718425
-5e-06	-0.394161	13.521271	-29.342583
-5.25e-06	-0.37921725	13.15971975	-28.51896475
-5.5e-06	-0.3642735	12.7981685	-27.6953465
-5.75e-06	-0.34932975	12.43661725	-26.87172825
-6e-06	-0.334386	12.075066	-26.04811
-6e-06	-0.32052475	11.71618425	-25.23955675
-6e-06	-0.3066635	11.3573025	-24.4310035
-6e-06	-0.29280225	10.99842075	-23.62245025
-6e-06	-0.278941	10.639539	-22.813897
-5.75e-06	-0.26624475	10.28855475	-22.03089525
-5.5e-06	-0.2535485	9.9375705	-21.2478935
-5.25e-06	-0.24085225	9.58658625	-20.46489175
-5e-06	-0.228156	9.235602	-19.68189
-5e-06	-0.21669175	8.89815325	-18.935644
-5e-06	-0.2052275	8.5607045	-18.189398
-5e-06	-0.19376325	8.22325575	-17.443152
-5e-06	-0.182299	7.885807	-16.696906
-5e-06	-0.17210825	7.56757375	-15.99856575
-5e-06	-0.1619175	7.2493405	-15.3002255
-5e-06	-0.15172675	6.93110725	-14.60188525
-5e-06	-0.141536	6.612874	-13.903545
-4.75e-06	-0.1326275	6.3188845	-13.26279075
-4.5e-06	-0.123719	6.024895	-12.6220365
-4.25e-06	-0.1148105	5.7309055	-11.98128225
-4e-06	-0.105902	5.436916	-11.340528
-4e-06	-0.09824775	5.17083275	-10.7641315
-4e-06	-0.0905935	4.9047495	-10.187735
-4e-06	-0.08293925	4.63866625	-9.6113385
-4e-06	-0.075285	4.372583	-9.034942
-3.75e-06	-0.06882375	4.1364545	-8.5263015
-3.5e-06	-0.0623625	3.900326	-8.017661
-3.25e-06	-0.05590125	3.6641975	-7.5090205
-3e-06	-0.04944	3.428069	-7.00038
-3e-06	-0.0440855	3.22252875	-6.5599655
-3e-06	-0.038731	3.0169885	-6.119551
-3e-06	-0.0333765	2.81144825	-5.6791365
-3e-06	-0.028022	2.605908	-5.238722
-3e-06	-0.023672	2.4304755	-4.86472425
-3e-06	-0.019322	2.255043	-4.4907265
-3e-06	-0.014972	2.0796105	-4.11672875
-3e-06	-0.010622	1.904178	-3.742731
-2.75e-06	-0.00716425	1.75752075	-3.431625
-2.5e-06	-0.0037065	1.6108635	-3.120519
-2.25e-06	-0.00024875	1.46420625	-2.809413
-2e-06	0.003209	1.317549	-2.498307
-2e-06	0.0058905	1.19770825	-2.245333
-2e-06	0.008572	1.0778675	-1.992359
-2e-06	0.0112535	0.95802675	-1.739385
-2e-06	0.013935	0.838186	-1.486411
-2e-06	0.015956	0.7427655	-1.28597375
-2e-06	0.017977	0.647345	-1.0855365
-2e-06	0.019998	0.5519245	-0.88509925
-2e-06	0.022019	0.456504	-0.684662
-1.75e-06	0.023491	0.38282325	-0.53065825
-1.5e-06	0.024963	0.3091425	-0.3766545
-1.25e-06	0.026435	0.23546175	-0.22265075
-1e-06	0.027907	0.161781	-0.068647
-1e-06	0.02893475	0.10700075	0.045275
-1e-06	0.0299625	0.0522205	0.159197
-1e-06	0.03099025	-0.00255975	0.273119
-1e-06	0.032018	-0.05734	0.387041