0	-2.04281E-14	14.18346817	0
0	2.48812E-06	14.18348269	-3.42917E-05
0	1.97586E-05	14.18358316	-0.00027166
0	6.61942E-05	14.18385231	-0.000907882
0	0.000155746	14.1843694	-0.002130867
0	0.000301941	14.18521028	-0.004120776
9.99201E-16	0.000517884	14.18644743	-0.007050128
9.99201E-16	0.000816267	14.18815001	-0.01108391
9.99201E-16	0.001209373	14.19038393	-0.016379695
9.99201E-16	0.001709081	14.19321186	-0.023087745
1.9984E-15	0.002326873	14.19669331	-0.031351129
1.9984E-15	0.003073839	14.20088468	-0.041305833
1.9984E-15	0.003960681	14.20583929	-0.053080869
2.9976E-15	0.004997721	14.21160745	-0.066798387
3.9968E-15	0.006194905	14.21823648	-0.082573791
3.9968E-15	0.007561811	14.22577082	-0.100515842
4.996E-15	0.009107649	14.234252	-0.120726779
5.9952E-15	0.010841273	14.24371874	-0.143302421
6.99441E-15	0.012771183	14.25420701	-0.168332288
7.99361E-15	0.014905531	14.26575003	-0.195899703
8.99281E-15	0.017252128	14.27837836	-0.22608191
1.09912E-14	0.019818446	14.29211995	-0.258950184
1.19904E-14	0.022611628	14.30700016	-0.294569941
1.39888E-14	0.02563849	14.32304183	-0.333000848
1.4988E-14	0.028905531	14.34026533	-0.37429694
1.69864E-14	0.032418933	14.3586886	-0.418506727
1.89848E-14	0.036184569	14.37832723	-0.465673305
2.09832E-14	0.04020801	14.39919445	-0.515834469
2.29816E-14	0.044494529	14.42130124	-0.569022827
2.498E-14	0.049049107	14.44465635	-0.625265906
2.69784E-14	0.053876438	14.46926635	-0.684586266
2.9976E-14	0.058980936	14.49513569	-0.747001612
3.19744E-14	0.064366739	14.52226673	-0.812524907
3.4972E-14	0.070037713	14.55065982	-0.881164478
3.69704E-14	0.075997464	14.58031332	-0.952924132
3.9968E-14	0.082249335	14.61122368	-1.027803268
4.29656E-14	0.088796418	14.64338545	-1.105796984
4.59632E-14	0.095641559	14.67679137	-1.186896192
4.996E-14	0.102787357	14.71143239	-1.271087729
5.30687E-14	0.110236179	14.74729774	-1.358354468
5.60663E-14	0.11799016	14.78437496	-1.448675427
6.00631E-14	0.126051207	14.82264997	-1.542025885
6.30607E-14	0.134421011	14.8621071	-1.638377491
6.70575E-14	0.143101047	14.90272917	-1.737698375
7.10543E-14	0.152092579	14.94449749	-1.839953259
7.50511E-14	0.161396672	14.98739196	-1.945103571
7.90479E-14	0.17101419	15.0313911	-2.053107555
8.30447E-14	0.180945807	15.07647208	-2.16392038
8.70415E-14	0.19119201	15.1226108	-2.277494255
9.10383E-14	0.201753104	15.16978193	-2.393778539
9.60343E-14	0.212629221	15.21795894	-2.512719853
1.00031E-13	0.22382032	15.26711419	-2.63426219
1.05027E-13	0.235326197	15.31721895	-2.758347029
1.09024E-13	0.247146492	15.36824344	-2.884913441
1.1402E-13	0.259280687	15.42015691	-3.013898208
1.18017E-13	0.27172812	15.47292767	-3.145235929
1.23013E-13	0.284487987	15.52652315	-3.278859133
1.28009E-13	0.297559344	15.58090994	-3.41469839
1.33005E-13	0.310941121	15.63605384	-3.552682424
1.38001E-13	0.324632119	15.69191992	-3.692738222
1.42997E-13	0.33863102	15.74847256	-3.834791147
1.47993E-13	0.352936392	15.80567551	-3.97876505
1.52989E-13	0.367546696	15.86349191	-4.12458238
1.57985E-13	0.382460287	15.9218844	-4.272164295
1.62981E-13	0.397675424	15.9808151	-4.421430775
1.67977E-13	0.413190275	16.0402457	-4.572300733
1.73972E-13	0.429002918	16.10013751	-4.724692126
1.78968E-13	0.445111355	16.16045148	-4.878522066
1.83964E-13	0.461513509	16.22114829	-5.033706934
1.89959E-13	0.478207234	16.28218837	-5.190162486
1.95066E-13	0.49519032	16.34353197	-5.347803972
2.00062E-13	0.5124605	16.40513919	-5.506546239
2.05058E-13	0.530015451	16.46697003	-5.666303851
2.11053E-13	0.547852805	16.52898447	-5.826991192
2.16049E-13	0.565970151	16.59114247	-5.988522584
2.21045E-13	0.584365041	16.65340408	-6.150812396
2.26041E-13	0.603034997	16.71572944	-6.313775154
2.32037E-13	0.621977515	16.77807884	-6.477325655
2.37033E-13	0.641190072	16.84041279	-6.641379076
2.42029E-13	0.660670131	16.90269204	-6.805851089
2.47025E-13	0.680415145	16.96487767	-6.970657967
2.5302E-13	0.700422565	17.02693109	-7.1357167
2.58016E-13	0.720689845	17.08881413	-7.300945105
2.63012E-13	0.741214447	17.15048908	-7.466261938
2.68008E-13	0.761993845	17.2119187	-7.631587002
2.73004E-13	0.783025533	17.27306636	-7.796841264
2.78E-13	0.80430703	17.33389598	-7.961946962
2.81997E-13	0.825835886	17.39437216	-8.126827719
2.86993E-13	0.847609686	17.4544602	-8.291408652
2.91989E-13	0.869626057	17.51412615	-8.455616486
2.96985E-13	0.891882671	17.57333686	-8.619379665
3.01981E-13	0.914377256	17.63206003	-8.78262846
3.05977E-13	0.937107595	17.69026427	-8.945295086
3.10973E-13	0.960071535	17.74791914	-9.107313808
3.1497E-13	0.983266995	17.80499519	-9.268621056
3.19966E-13	1.006691965	17.86146402	-9.429155536
3.23963E-13	1.030344519	17.91729834	-9.588858339
3.2796E-13	1.054222813	17.97247201	-9.747673057
3.32068E-13	1.078325098	18.02696007	-9.905545889
3.36065E-13	1.10264972	18.08073884	-10.06242576
3.40061E-13	1.127195128	18.13378591	-10.21826441
3.44058E-13	1.151959879	18.18608023	-10.37301655
3.48055E-13	1.176942644	18.23760214	-10.52663993
3.52052E-13	1.202142213	18.28833344	-10.67909546
3.56049E-13	1.227557501	18.33825742	-10.83034735
3.59046E-13	1.253187553	18.3873589	-10.98036318
3.63043E-13	1.27903155	18.43562433	-11.12911404
3.66041E-13	1.305088816	18.48304178	-11.27657462
3.69038E-13	1.331358819	18.52960103	-11.42272336
3.73035E-13	1.357841183	18.57529358	-11.56754251
3.76033E-13	1.384535687	18.62011274	-11.71101827
3.7903E-13	1.411442275	18.66405369	-11.85314092
3.82028E-13	1.438561062	18.70711345	-11.99390488
3.85025E-13	1.465892335	18.74929104	-12.13330886
3.88023E-13	1.493436563	18.79058742	-12.27135598
3.90021E-13	1.5211944	18.83100563	-12.40805385
3.93019E-13	1.549166693	18.87055078	-12.54341468
3.96017E-13	1.577354486	18.90923015	-12.67745543
3.98015E-13	1.605759023	18.94705317	-12.81019789
4.01013E-13	1.634381758	18.98403155	-12.94166881
4.03011E-13	1.66322436	19.02017927	-13.07189997
4.05009E-13	1.692288716	19.05551265	-13.20092835
4.08007E-13	1.721576937	19.0900504	-13.32879621
4.10005E-13	1.751091366	19.12381369	-13.45555119
4.12004E-13	1.78083458	19.15682616	-13.58124646
4.14002E-13	1.810809401	19.18911398	-13.70594079
4.16001E-13	1.841018895	19.22070593	-13.82969869
4.17999E-13	1.871466381	19.25163341	-13.95259049
4.19997E-13	1.902155437	19.28193052	-14.0746925
4.21996E-13	1.933089906	19.3116341	-14.19608708
4.23994E-13	1.964273897	19.34078376	-14.31686277
4.25993E-13	1.995711797	19.36942196	-14.43711438
4.27991E-13	2.027408271	19.39759404	-14.55694313
4.29989E-13	2.059368273	19.42534829	-14.67645677
4.30989E-13	2.091597046	19.45273596	-14.79576963
4.32987E-13	2.124100132	19.47981135	-14.91500279
1.24597E-08	2.156883363	19.50663184	-15.03428418
1.9456E-06	2.189951387	19.53325668	-15.15374604
1.68371E-05	2.223301959	19.5597422	-15.27351501
6.76533E-05	2.256923711	19.58613985	-15.39370808
0.000189023	2.29079634	19.61249623	-15.51443259
0.000426899	2.32489085	19.63885322	-15.63578648
0.000838223	2.359169791	19.66524802	-15.75785841
0.001490586	2.393587497	19.69171332	-15.88072798
0.002461895	2.428090333	19.71827728	-16.00446589
0.003840029	2.462616932	19.74496375	-16.12913407
0.005722511	2.497098437	19.77179226	-16.25478594
0.008216162	2.53145874	19.79877817	-16.3814665
0.01143677	2.565614727	19.82593273	-16.50921258
0.01550875	2.599476514	19.85326322	-16.63805294
0.020564808	2.63294769	19.88077299	-16.76800852
0.026745603	2.665925559	19.90846156	-16.89909255
0.034199409	2.698301381	19.93632476	-17.03131076
0.043081782	2.729960608	19.96435476	-17.16466157
0.053555218	2.760783132	19.99254022	-17.2991362
0.065788818	2.79064352	20.02086633	-17.43471892
0.079957949	2.819411259	20.04931495	-17.57138719
0.096243912	2.846950995	20.07786466	-17.70911183
0.114833599	2.873122773	20.10649088	-17.84785719
0.135919158	2.897782278	20.13516597	-17.98758136
0.159697656	2.920781078	20.16385929	-18.12823631
0.186370744	2.941966865	20.19253732	-18.26976808
0.216144314	2.961183691	20.22116375	-18.41211695
0.24922817	2.978272215	20.24969955	-18.55521761
0.285835682	2.993069939	20.2781031	-18.69899935
0.326183456	3.005411453	20.30633024	-18.84338622
0.370490993	3.015128672	20.33433442	-18.98829722
0.418980353	3.02205108	20.36206672	-19.13364645
0.471875819	3.02600597	20.389476	-19.27934333
0.529403557	3.026818681	20.41650897	-19.42529271
0.59179128	3.024312847	20.44311029	-19.5713951
0.659267914	3.01831063	20.46922266	-19.71754682
0.732063256	3.008632964	20.4947869	-19.86364018
0.810407639	2.995099797	20.51974207	-20.00956367
0.894531596	2.977530331	20.54402552	-20.15520209
0.984665521	2.955743261	20.56757305	-20.30043678
1.081039332	2.929557019	20.59031894	-20.44514576
1.183882135	2.898790012	20.61219606	-20.58920391
1.293421888	2.863260864	20.63313598	-20.73248316
1.409885058	2.822788659	20.65306904	-20.87485265
1.533496292	2.777193177	20.67192446	-21.0161789
1.664478073	2.72629514	20.68963043	-21.15632601
1.803050387	2.669916449	20.7061142	-21.2951558
1.949430385	2.607880427	20.72130216	-21.43252803
2.103832043	2.54001206	20.73511996	-21.56830051
2.26646583	2.466138237	20.74749257	-21.70232936
2.437538365	2.386087988	20.7583444	-21.83446909
2.617252087	2.299692733	20.76759939	-21.96457286
2.805804909	2.206786514	20.77518108	-22.09249261
3.003389889	2.10720624	20.78101273	-22.21807922
3.210194887	2.000791929	20.78501739	-22.34118273
3.426402233	1.887386945	20.78711801	-22.4616525
3.652188384	1.766838243	20.78723754	-22.57933735
3.887723593	1.638996608	20.78529899	-22.69408578
4.133171566	1.503716894	20.78122554	-22.80574613
4.38868913	1.360858269	20.77494065	-22.91416674
4.654425891	1.210284452	20.76636813	-23.01919614
4.930523902	1.051863956	20.75543224	-23.12068324
5.217117322	0.885470328	20.74205779	-23.21847744
5.514332079	0.710982391	20.7261702	-23.31242891
5.822285535	0.528284483	20.70769566	-23.40238867
6.141086147	0.337266699	20.68656114	-23.48820881
6.470833132	0.137825132	20.66269456	-23.56974264
6.811616128	-0.070137886	20.63602481	-23.64684492
7.163514855	-0.286713544	20.60648191	-23.71937195
7.526598783	-0.511986311	20.57399706	-23.78718182
7.900926791	-0.746033695	20.53850274	-23.85013456
8.28654683	-0.988926001	20.49993282	-23.90809228
8.683495588	-1.240726092	20.45822263	-23.9609194
9.091798149	-1.501489147	20.41330906	-24.00848279
9.511467662	-1.77126242	20.36513067	-24.05065195
9.942504997	-2.050085	20.31362776	-24.08729922
10.38489841	-2.33798757	20.25874247	-24.11829988
10.83862322	-2.634992165	20.20041887	-24.1435324
11.30364143	-2.941111933	20.13860307	-24.16287857
11.77990145	-3.256350892	20.07324329	-24.17622371
12.26733772	-3.580703691	20.00428996	-24.18345679
12.76587036	-3.914155369	19.93169582	-24.18447066
13.27540487	-4.256681111	19.85541602	-24.17916221
13.7958318	-4.608246014	19.77540816	-24.16743252
14.32702634	-4.968804837	19.69163248	-24.14918706
14.86884808	-5.338301768	19.60405184	-24.12433588
15.42114059	-5.71667018	19.51263192	-24.09279373
15.98373114	-6.103832389	19.41734121	-24.05448028
16.55643034	-6.499699415	19.3181512	-24.00932029
17.1390318	-6.904170741	19.2150364	-23.95724378
17.73131178	-7.31713407	19.10797447	-23.89818618
18.3330289	-7.738465089	18.99694629	-23.83208856
18.94392375	-8.168027222	18.88193608	-23.75889774
19.56371858	-8.605671393	18.76293147	-23.67856651
20.19211698	-9.051235785	18.63992361	-23.59105382
20.82880348	-9.504545597	18.51290724	-23.49632487
21.4734433	-9.965412805	18.3818808	-23.3943514
22.12568192	-10.43363592	18.24684652	-23.28511176
22.78514483	-10.90899975	18.10781051	-23.16859116
23.45143714	-11.39127516	17.96478287	-23.0447818
24.12414323	-11.88021882	17.81777773	-22.91368308
24.80282647	-12.37557298	17.66681343	-22.77530174
25.48702885	-12.8770652	17.51191251	-22.62965205
26.17627062	-13.38440817	17.3531019	-22.476756
26.87005	-13.8972994	17.19041293	-22.31664345
27.5678428	-14.41542101	17.0238815	-22.14935232
28.26910213	-14.9384395	16.85354809	-21.97492874
28.973258	-15.4660055	16.67945794	-21.79342729
29.67971705	-15.9977535	16.50166106	-21.60491108
30.38786217	-16.53330166	16.32021239	-21.40945202
31.09705215	-17.07225155	16.13517185	-21.2071309
31.80662141	-17.61418787	15.94660446	-20.99803767
32.51587959	-18.15867828	15.75458039	-20.78227152
33.22411125	-18.7052731	15.55917511	-20.55994111
33.93057552	-19.25350509	15.36046946	-20.33116472
34.63450579	-19.80288923	15.15854972	-20.09607044
35.33510931	-20.35292244	14.95350772	-19.85479635
36.03156693	-20.90308337	14.74544095	-19.60749066
36.72303272	-21.45283214	14.53445262	-19.35431193
37.40863362	-22.0016101	14.32065177	-19.0954292
38.08746915	-22.54883962	14.10415339	-18.83102223
38.75861103	-23.0939238	13.88507844	-18.56128158
39.42110285	-23.63624628	13.66355402	-18.28640888
40.07395975	-24.17517094	13.43971342	-18.00661694
40.71616808	-24.71004171	13.21369621	-17.72212996
41.34668506	-25.24018233	12.98564838	-17.43318369
41.96443841	-25.76489606	12.75572235	-17.14002561
42.56832607	-26.28346549	12.52407715	-16.84291508
43.15721583	-26.79515226	12.29087846	-16.54212358
43.72994499	-27.29919686	12.05629871	-16.23793479
44.28532004	-27.79481836	11.82051719	-15.93064487
44.8221163	-28.28121416	11.58372013	-15.62056255
45.33907762	-28.7575598	11.34610079	-15.30800933
45.834916	-29.22300864	11.10785956	-14.99331969
46.30831128	-29.67669171	10.86920404	-14.67684122
46.75791078	-30.11771739	10.63034917	-14.35893481
47.18233127	-30.54517262	10.39151701	-14.03997438
47.58020738	-30.95815273	10.15293146	-13.72033762
47.95026802	-31.35580861	9.914809709	-13.40039102
48.29134701	-31.73735338	9.677360932	-13.08048769
48.60238088	-32.1020611	9.440786405	-12.7609675
48.88240673	-32.44926557	9.205279615	-12.44215725
49.13056005	-32.77835905	8.971026369	-12.12437092
49.34607255	-33.08879106	8.738204908	-11.80790981
49.52826998	-33.3800671	8.506986014	-11.49306273
49.67657	-33.65174744	8.27753312	-11.18010622
49.79047995	-33.90344586	8.050002427	-10.86930473
49.86959473	-34.13482838	7.824543006	-10.56091077
49.9135946	-34.34561208	7.601296915	-10.25516515
49.92224303	-34.53556382	7.380399306	-9.952297172
49.8953845	-34.70449898	7.161978539	-9.652524761
49.83294238	-34.85228027	6.946156288	-9.356054709
49.7349167	-34.97881642	6.733047655	-9.063082845
49.60138204	-35.084061	6.522761281	-8.773794225
49.43248531	-35.16801115	6.315399454	-8.48836332
49.22844361	-35.23070634	6.111058221	-8.20695421
48.98954204	-35.27222711	5.909827499	-7.92972077
48.71613154	-35.29269387	5.711791185	-7.656806859
48.40862674	-35.29226561	5.517027267	-7.388346512
48.06750374	-35.27113869	5.325607933	-7.124464124
47.69329799	-35.22954559	5.137599684	-6.865274649
47.28660211	-35.16775366	4.953063445	-6.610883777
46.84806367	-35.08606388	4.772054671	-6.361388134
46.3783831	-34.98480963	4.594623464	-6.116875465
45.87831146	-34.86435543	4.420814677	-5.877424825
45.34864828	-34.7250957	4.25066803	-5.643106771
44.79023944	-34.56745354	4.084218218	-5.413983545
44.20397491	-34.39187944	3.921495024	-5.190109272
43.59078665	-34.19885011	3.762523424	-4.97153014
42.95164643	-33.98886717	3.607323704	-4.758284597
42.28756364	-33.76245592	3.455911567	-4.550403536
41.59958312	-33.52016415	3.308298246	-4.347910486
40.88878301	-33.26256081	3.164490611	-4.1508218
40.15627257	-32.99023486	3.024491282	-3.959146846
39.40319	-32.70379395	2.888298742	-3.772888196
38.63070029	-32.40386324	2.755907442	-3.592041814
37.83999302	-32.0910841	2.627307915	-3.416597247
37.03228024	-31.76611292	2.502486887	-3.246537811
36.20879424	-31.42961983	2.381427387	-3.081840787
35.37078541	-31.08228746	2.264108856	-2.922477603
34.51952009	-30.72480975	2.15050726	-2.768414028
33.65627836	-30.35789062	2.040595199	-2.619610359
32.78235189	-29.9822428	1.934342018	-2.476021612
31.89904178	-29.59858656	1.831713919	-2.337597709
31.00765637	-29.20764845	1.73267407	-2.20428367
30.10950907	-28.81016011	1.637182713	-2.076019801
29.20591621	-28.40685696	1.545197282	-1.952741884
28.29819486	-27.99847701	1.456672507	-1.834381364
27.38766065	-27.5857596	1.371560526	-1.720865543
26.4756256	-27.16944415	1.289810997	-1.612117762
25.56339598	-26.75026893	1.211371208	-1.5080576
24.65227011	-26.32896981	1.136186189	-1.408601055
23.74353618	-25.90627901	1.064198818	-1.313660735
22.83847012	-25.4829239	0.995349938	-1.223146054
21.9383334	-25.05962567	0.929578463	-1.136963409
21.04437086	-24.6370982	0.866821488	-1.055016383
20.15780855	-24.21604673	0.807014405	-0.977205924
19.27985158	-23.79716664	0.750091007	-0.903430539
18.41168189	-23.38114223	0.695983605	-0.833586482
17.55445615	-22.96864547	0.644623133	-0.767567945
16.70930353	-22.56033473	0.59593926	-0.705267243
15.87732358	-22.15685357	0.549860506	-0.64657501
15.05958403	-21.75882947	0.506314342	-0.591380383
14.25711861	-21.36687264	0.465227313	-0.539571192
13.47092492	-20.9815747	0.426525137	-0.491034153
12.70196223	-20.6035075	0.390132824	-0.445655052
11.95114932	-20.23322185	0.355974783	-0.403318938
11.21936229	-19.87124628	0.323974933	-0.363910311
10.50743242	-19.51808581	0.294056814	-0.327313314
9.816143991	-19.17422068	0.266143696	-0.293411916
9.146232102	-18.84010515	0.240158693	-0.262090107
8.498380511	-18.51616623	0.21602487	-0.233232087
7.873219462	-18.20280241	0.193665356	-0.206722453
7.271323518	-17.9003825	0.173003453	-0.182446389
6.693209385	-17.60924428	0.153962748	-0.160289855
6.139333746	-17.32969336	0.136467223	-0.140139777
5.610091092	-17.06200187	0.120441366	-0.121884239
5.105811547	-16.80640725	0.105810278	-0.105412665
4.626758704	-16.56311097	0.092499792	-0.090616018
4.173127451	-16.33227735	0.080436574	-0.077386979
3.745041802	-16.11403226	0.069548239	-0.065620146
3.342552725	-15.9084619	0.059763463	-0.055212216
2.965635977	-15.71561157	0.051012087	-0.046062178
2.614189929	-15.5354844	0.043225235	-0.038071503
2.288033397	-15.36804013	0.036335421	-0.031144329
1.986903473	-15.21319386	0.030276658	-0.025187657
1.710453357	-15.0708148	0.024984572	-0.020111532
1.45825018	-14.94072503	0.020396512	-0.01582924
1.229772842	-14.82269829	0.016451657	-0.012257494
1.024409837	-14.71645868	0.013091133	-0.009316623
0.841457085	-14.62167947	0.010258117	-0.00693076
0.680115759	-14.53798181	0.007897951	-0.005028036
0.539490121	-14.46493353	0.005958253	-0.003540765
0.418585344	-14.40204788	0.004389027	-0.002405635
0.316305349	-14.34878228	0.003142773	-0.001563897
0.23145063	-14.3045371	0.002174597	-0.000961556
0.162716088	-14.26865438	0.001442324	-0.000549555
0.108688857	-14.24041663	0.000906606	-0.000283973
0.067846136	-14.21904556	0.000531035	-0.000126205
0.038553019	-14.20370085	0.00028225	-4.31593E-05
0.019060325	-14.1934789	0.000130054	-7.44074E-06
0.007502427	-14.18741158	4.75155E-05	2.45625E-06
0.001895084	-14.18446502	1.10885E-05	1.95968E-06
0.000133266	-14.18353833	7.16526E-07	2.30542E-07
-7.79932E-13	-14.18346817	3.0802E-12	-2.66598E-12