0	0	0	0
2.33739E-05	8.60947E-06	0	0
0.00018666	6.72893E-05	0	0
0.000628845	0.000221784	0	0
0.001487879	0.000513194	0	0
0.002900649	0.000978057	0	0
0.005002939	0.001648431	0	0
0.007929412	0.002551973	0	0
0.011813567	0.003712026	0	0
0.01678772	0.005147698	0	0
0.022982966	0.006873945	0	0
0.030529152	0.008901651	0	0
0.039554846	0.011237712	0	0
0.050187305	0.013885118	0	0
0.062552448	0.016843035	0	0
0.076774824	0.020106885	0	0
0.092977579	0.02366843	0	0
0.11128243	0.027515854	0	0
0.131809634	0.031633845	0	0
0.154677953	0.036003675	0	0
0.180004629	0.040603284	0	0
0.207905353	0.045407361	0	0
0.238494231	0.050387429	0	0
0.271883756	0.05551192	0	0
0.30818478	0.060746266	0	0
0.347506478	0.066052973	0	0
0.389956325	0.071391708	0	0
0.435640057	0.076719379	0	0
0.484661649	0.081990219	0	0
0.537123279	0.087155863	0	0
0.593125299	0.092165437	0	0
0.652766207	0.096965635	0	0
0.716142614	0.101500801	0	0
0.783349214	0.105713015	0	0
0.854478754	0.109542169	0	0
0.929622004	0.112926057	0	0
1.008867728	0.115800449	0	0
1.092302649	0.118099176	0	0
1.180011424	0.119754215	0	0
1.272076611	0.120695766	0	0
1.368578637	0.120852339	0	0
1.469595774	0.120150829	0	0
1.575204099	0.118516608	0	0
1.685477473	0.115873596	0	0
1.800487505	0.112144352	0	0
1.920303522	0.107250151	0	0
2.044992543	0.101111067	0	0
2.174619242	0.093646056	0	0
2.309245924	0.084773037	0	0
2.448932491	0.074408975	0	0
2.593736411	0.062469961	0	0
2.743712691	0.048871296	0	0
2.898913844	0.033527573	0	0
3.059389859	0.016352758	0	0
3.225188172	-0.002739729	0	0
3.396353633	-0.02383693	0	0
3.572928481	-0.047026266	0	0
3.754952305	-0.072395459	0	0
3.942462023	-0.100032448	0	0
4.135491845	-0.130025303	0	0
4.334073244	-0.162462152	0	0
4.53823493	-0.197431089	0	0
4.748002814	-0.2350201	0	0
4.963399979	-0.275316975	0	0
5.184446653	-0.318409233	0	0
5.411160173	-0.364384031	0	0
5.643554962	-0.413328089	0	0
5.88164249	-0.465327606	0	0
6.125431252	-0.520468177	0	0
6.374926731	-0.578834712	0	0
6.630131372	-0.640511354	0	0
6.891044549	-0.705581397	0	0
7.157662537	-0.774127203	0	0
7.429978478	-0.846230122	0	0
7.707982357	-0.921970406	0	0
7.991660963	-1.001427134	0	0
8.280997867	-1.084678123	0	0
8.575973386	-1.171799849	0	0
8.876564555	-1.262867365	0	0
9.182745097	-1.357954219	0	0
9.49448539	-1.457132373	0	0
9.811752441	-1.560472118	0	0
10.13450985	-1.668041994	0	0
10.46271779	-1.77990871	0	0
10.79633296	-1.896137056	0	0
11.13530856	-2.016789828	0	0
11.47959429	-2.141927742	0	0
11.82913627	-2.271609354	0	0
12.18387704	-2.405890973	0	0
12.54375553	-2.544826587	0	0
12.90870701	-2.688467775	0	0
13.27866309	-2.836863628	0	0
13.65355166	-2.990060664	0	0
14.03329688	-3.14810275	0	-9.99201E-16
14.41781914	-3.311031016	0	-9.99201E-16
14.80703502	-3.478883776	0	-9.99201E-16
15.2008573	-3.651696445	0	-9.99201E-16
15.59919486	-3.829501455	0	-9.99201E-16
16.00195274	-4.012328179	0	-9.99201E-16
16.409032	-4.200202841	0	-9.99201E-16
16.82032981	-4.393148439	0	-9.99201E-16
17.23573933	-4.591184663	0	-9.99201E-16
17.65514969	-4.79432781	0	-9.99201E-16
18.07844603	-5.002590706	0	-9.99201E-16
18.50550936	-5.215982621	0	-9.99201E-16
18.93621664	-5.434509188	0	-9.99201E-16
19.37044067	-5.65817232	0	-9.99201E-16
19.80805008	-5.88697013	0	-9.99201E-16
20.24890933	-6.120896849	0	-9.99201E-16
20.69287865	-6.359942741	0	-9.99201E-16
21.139814	-6.604094023	0	-9.99201E-16
21.58956707	-6.853332785	0	-9.99201E-16
22.04198524	-7.107636903	0	-9.99201E-16
22.49691153	-7.366979964	0	-9.99201E-16
22.95418461	-7.631331175	0	-9.99201E-16
23.41363871	-7.90065529	0	-9.99201E-16
23.87510365	-8.174912522	0	-9.99201E-16
24.33840478	-8.454058465	0	-9.99201E-16
24.80336295	-8.738044007	0	-9.99201E-16
25.26979448	-9.026815252	0	-9.99201E-16
25.73751113	-9.32031344	0	-9.99201E-16
26.20632009	-9.618474858	0	-9.99201E-16
26.67602391	-9.921230764	0	-9.99201E-16
27.14642051	-10.2285073	0	-9.99201E-16
27.61730312	-10.54022542	0	-9.99201E-16
28.08846026	-10.8563008	0	-9.99201E-16
28.55967573	-11.17664374	0	-9.99201E-16
29.03072853	-11.50115913	0	-9.99201E-16
29.50139288	-11.8297463	0	-9.99201E-16
29.97143817	-12.16229902	0	-9.99201E-16
30.44062892	-12.49870532	0	-9.99201E-16
30.90872476	-12.83884751	0	-9.99201E-16
31.37548041	-13.18260203	0	-9.99201E-16
31.84064562	-13.52983936	0	-9.99201E-16
32.30396518	-13.88042402	0	-9.99201E-16
32.76517885	-14.23421438	0	-9.99201E-16
33.22402135	-14.59106267	0	-9.99201E-16
33.68022233	-14.95081484	0	0
34.13350634	-15.31331049	0	0
34.58359279	-15.67838282	0	0
35.03019592	-16.0458585	0	0
35.4730248	-16.41555763	0	0
35.91178324	-16.78729361	0	0
36.34616983	-17.16087313	0	0
36.77587784	-17.536096	0	0
37.20059526	-17.91275514	0	0
37.62000469	-18.29063648	0	0
38.0337834	-18.66951884	0	0
38.44160323	-19.04917389	0	0
38.84313057	-19.42936607	0	0
39.23802636	-19.80985247	0	0
39.62594604	-20.19038278	0	0
40.00653952	-20.5706992	0	0
40.37945116	-20.95053637	0	0
40.7443197	-21.32962125	0	0
41.10077829	-21.70767308	0	0
41.44845443	-22.08440328	0	0
41.78696992	-22.45951536	0	0
42.11594087	-22.83270486	0	0
42.43497764	-23.20365925	0	0
42.74368481	-23.57205784	0	0
43.04166117	-23.93757173	0	0
43.32849968	-24.29986371	0	0
43.60378743	-24.65858815	0	0
43.86710561	-25.01339099	0	0
44.11802952	-25.36390957	0	0
44.35612845	-25.70977261	0	0
44.58096577	-26.05060011	0	0
44.79209879	-26.38600327	0	0
44.9890788	-26.71558441	0	0
45.171451	-27.03893685	0	0
45.33875449	-27.3556449	0	0
45.49052223	-27.66528373	0	0
45.62628104	-27.96741928	0	0
45.7455515	-28.26160821	0	0
45.847848	-28.5473978	0	0
45.93267865	-28.82432588	0	0
45.99954529	-29.09192072	0	0
46.04794344	-29.34970098	0	0
46.07736226	-29.59717562	0	0
46.08728453	-29.8338438	0	0
46.07718941	-30.05919697	0	0
46.0465826	-30.27274228	0	0
45.99502588	-30.47402557	0	0
45.92213859	-30.66263274	0	0
45.82759631	-30.83818886	0	0
45.71112956	-31.00035736	0	0
45.57252252	-31.14883918	0	0
45.41161168	-31.28337192	0	0
45.22828456	-31.40372902	0	0
45.02247843	-31.50971893	0	0
44.79417895	-31.60118423	0	0
44.54341891	-31.67800082	0	0
44.2702769	-31.74007708	0	0
43.97487604	-31.78735302	0	0
43.65738261	-31.81979946	0	0
43.31800481	-31.83741715	0	0
42.95699144	-31.84023598	0	0
42.57463056	-31.8283141	0	0
42.17124823	-31.80173713	0	9.99201E-16
41.74720717	-31.76061724	0	9.99201E-16
41.30290549	-31.70509241	0	9.99201E-16
40.83877536	-31.63532551	0	9.99201E-16
40.3552817	-31.55150349	0	9.99201E-16
39.85292089	-31.45383656	0	9.99201E-16
39.33221947	-31.34255731	0	9.99201E-16
38.79373283	-31.21791991	0	9.99201E-16
38.23804389	-31.08019924	0	9.99201E-16
37.66576181	-30.92969008	0	9.99201E-16
37.07752068	-30.76670624	0	9.99201E-16
36.47397824	-30.59157973	9.76996E-15	9.99201E-16
35.85581452	-30.40465995	9.76996E-15	9.99201E-16
35.22373058	-30.2063128	9.76996E-15	9.99201E-16
34.57844721	-29.99691987	9.76996E-15	9.99201E-16
33.92070359	-29.77687762	9.76996E-15	9.99201E-16
33.251256	-29.5465965	9.76996E-15	9.99201E-16
32.57087653	-29.30650013	9.76996E-15	9.99201E-16
31.88035176	-29.05702444	9.76996E-15	9.99201E-16
31.18048146	-28.7986169	9.76996E-15	9.99201E-16
30.47207729	-28.53173558	9.76996E-15	9.99201E-16
29.75596146	-28.25684838	9.76996E-15	9.99201E-16
29.0329655	-27.97443218	9.76996E-15	9.99201E-16
28.30392887	-27.68497198	9.76996E-15	9.99201E-16
27.56969772	-27.38896007	9.76996E-15	9.99201E-16
26.83112354	-27.0868952	9.76996E-15	9.99201E-16
26.0890619	-26.77928175	9.76996E-15	9.99201E-16
25.34437109	-26.46662883	9.76996E-15	9.99201E-16
24.59791087	-26.14944954	9.76996E-15	1.9984E-15
23.85054113	-25.82826002	9.76996E-15	1.9984E-15
23.1031206	-25.50357872	9.76996E-15	1.9984E-15
22.35650553	-25.17592546	9.76996E-15	1.9984E-15
21.61154841	-24.84582066	9.76996E-15	1.9984E-15
20.86909665	-24.51378449	9.76996E-15	1.9984E-15
20.12999126	-24.18033599	9.76996E-15	1.9984E-15
19.39506557	-23.84599228	9.76996E-15	1.9984E-15
18.66514394	-23.51126769	9.76996E-15	1.9984E-15
17.9410404	-23.17667293	9.76996E-15	1.9984E-15
17.22355738	-22.84271426	9.76996E-15	1.9984E-15
16.51348443	-22.50989263	9.76996E-15	1.9984E-15
15.81159685	-22.17870286	9.76996E-15	1.9984E-15
15.11865444	-21.84963279	9.76996E-15	1.9984E-15
14.4354002	-21.52316245	9.76996E-15	1.9984E-15
13.76255896	-21.19976319	9.76996E-15	1.9984E-15
13.10083614	-20.8798969	9.76996E-15	1.9984E-15
12.45091644	-20.5640151	9.76996E-15	1.9984E-15
11.81346248	-20.25255816	9.76996E-15	1.9984E-15
11.18911356	-19.94595444	9.76996E-15	1.9984E-15
10.57848433	-19.64461941	9.76996E-15	1.9984E-15
9.982163475	-19.34895489	9.76996E-15	1.9984E-15
9.400712413	-19.05934814	9.76996E-15	1.9984E-15
8.834664007	-18.77617107	9.76996E-15	1.9984E-15
8.284521246	-18.49977936	9.76996E-15	2.9976E-15
7.750755945	-18.23051165	9.76996E-15	2.9976E-15
7.233807435	-17.96868868	9.76996E-15	2.9976E-15
6.734081264	-17.71461249	9.76996E-15	2.9976E-15
6.251947891	-17.46856551	9.76996E-15	2.9976E-15
5.787741378	-17.23080979	9.76996E-15	2.9976E-15
5.341758089	-17.00158613	9.76996E-15	2.9976E-15
4.914255381	-16.78111323	9.76996E-15	2.9976E-15
4.505450305	-16.56958687	9.76996E-15	2.9976E-15
4.115518295	-16.36717908	9.76996E-15	2.9976E-15
3.744591868	-16.17403727	9.76996E-15	2.9976E-15
3.392759316	-15.9902834	2.04281E-14	2.9976E-15
3.060063402	-15.81601315	2.04281E-14	2.9976E-15
2.746500056	-15.6512951	2.04281E-14	2.9976E-15
2.452017069	-15.49616982	2.04281E-14	2.9976E-15
2.176512791	-15.35064914	2.04281E-14	2.9976E-15
1.91983482	-15.21471519	2.04281E-14	2.9976E-15
1.681778706	-15.08831965	2.04281E-14	2.9976E-15
1.462086636	-14.97138287	2.04281E-14	2.9976E-15
1.260446139	-14.86379306	2.04281E-14	2.9976E-15
1.076488774	-14.7654054	2.04281E-14	2.9976E-15
0.909788828	-14.67604126	2.04281E-14	3.9968E-15
0.759862013	-14.5954873	2.04281E-14	3.9968E-15
0.626164155	-14.52349471	2.04281E-14	3.9968E-15
0.508089898	-14.45977827	2.04281E-14	3.9968E-15
0.404971392	-14.40401559	2.04281E-14	3.9968E-15
0.316076989	-14.35584626	2.04281E-14	3.9968E-15
0.240609943	-14.31487098	2.04281E-14	3.9968E-15
0.177707101	-14.28065072	2.04281E-14	3.9968E-15
0.126437597	-14.25270591	2.04281E-14	3.9968E-15
0.085801552	-14.2305156	2.04281E-14	3.9968E-15
0.054728764	-14.2135166	2.04281E-14	3.9968E-15
0.032077408	-14.20110263	2.04281E-14	3.9968E-15
0.016632728	-14.19262351	2.04281E-14	3.9968E-15
0.007105731	-14.18738433	2.04281E-14	3.9968E-15
0.002131887	-14.18464455	2.04281E-14	3.9968E-15
0.000269818	-14.18361724	2.04281E-14	3.9968E-15
-1.98952E-13	-14.18346817	2.04281E-14	4.996E-15
-1.98952E-13	-14.18346817	2.04281E-14	4.996E-15