3.695204	-11.627938	-7.709615	-4.684705
3.4768155	-11.44309525	-7.631571	-4.959888
3.258427	-11.2582525	-7.553527	-5.235071
3.0400385	-11.07340975	-7.475483	-5.510254
2.82165	-10.888567	-7.397439	-5.785437
2.6322975	-10.71137575	-7.29791375	-6.086118
2.442945	-10.5341845	-7.1983885	-6.386799
2.2535925	-10.35699325	-7.09886325	-6.68748
2.06424	-10.179802	-6.999338	-6.988161
1.90305225	-10.01090575	-6.87975175	-7.3111745
1.7418645	-9.8420095	-6.7601655	-7.634188
1.58067675	-9.67311325	-6.64057925	-7.9572015
1.419489	-9.504217	-6.520993	-8.280215
1.2849175	-9.34404225	-6.38318525	-8.62190075
1.150346	-9.1838675	-6.2453775	-8.9635865
1.0157745	-9.02369275	-6.10756975	-9.30527225
0.881203	-8.863518	-5.969762	-9.646958
0.77122975	-8.71229775	-5.81582275	-10.0034355
0.6612565	-8.5610775	-5.6618835	-10.359913
0.55128325	-8.40985725	-5.50794425	-10.7163905
0.44131	-8.258637	-5.354005	-11.072868
0.35361875	-8.1164385	-5.1861465	-11.44023425
0.2659275	-7.97424	-5.018288	-11.8076005
0.17823625	-7.8320415	-4.8504295	-12.17496675
0.090545	-7.689843	-4.682571	-12.542333
0.0226655	-7.55659275	-4.503028	-12.9168075
-0.045214	-7.4233425	-4.323485	-13.291282
-0.1130935	-7.29009225	-4.143942	-13.6657565
-0.180973	-7.156842	-3.964399	-14.040231
-0.2315535	-7.0323515	-3.77535325	-14.41826275
-0.282134	-6.907861	-3.5863075	-14.7962945
-0.3327145	-6.7833705	-3.39726175	-15.17432625
-0.383295	-6.65888	-3.208216	-15.552358
-0.419042	-6.542868	-3.011738	-15.9306985
-0.454789	-6.426856	-2.81526	-16.309039
-0.490536	-6.310844	-2.618782	-16.6873795
-0.526283	-6.194832	-2.422304	-17.06572
-0.54954925	-6.0869475	-2.2203145	-17.44146775
-0.5728155	-5.979063	-2.018325	-17.8172155
-0.59608175	-5.8711785	-1.8163355	-18.19296325
-0.619348	-5.763294	-1.614346	-18.568711
-0.632326	-5.663134	-1.40859	-18.939335
-0.645304	-5.562974	-1.202834	-19.309959
-0.658282	-5.462814	-0.997078	-19.680583
-0.67126	-5.362654	-0.791322	-20.051207
-0.67595125	-5.26978125	-0.5833545	-20.4145515
-0.6806425	-5.1769085	-0.375387	-20.777896
-0.68533375	-5.08403575	-0.1674195	-21.1412405
-0.690025	-4.991163	0.040548	-21.504585
-0.688222	-4.90512025	0.249367	-21.8588615
-0.686419	-4.8190775	0.458186	-22.213138
-0.684616	-4.73303475	0.667005	-22.5674145
-0.682813	-4.646992	0.875824	-22.921691
-0.6760915	-4.567314	1.084326	-23.26545875
-0.66937	-4.487636	1.292828	-23.6092265
-0.6626485	-4.407958	1.50133	-23.95299425
-0.655927	-4.32828	1.709832	-24.296762
-0.64564825	-4.2545035	1.9170335	-24.62890275
-0.6353695	-4.180727	2.124235	-24.9610435
-0.62509075	-4.1069505	2.3314365	-25.29318425
-0.614812	-4.033174	2.538638	-25.625325
-0.60213025	-3.96484575	2.7437275	-25.945012
-0.5894485	-3.8965175	2.948817	-26.264699
-0.57676675	-3.82818925	3.1539065	-26.584386
-0.564085	-3.759861	3.358996	-26.904073
-0.5499595	-3.69654375	3.56132	-27.21073925
-0.535834	-3.6332265	3.763644	-27.5174055
-0.5217085	-3.56990925	3.965968	-27.82407175
-0.507583	-3.506592	4.168292	-28.130738
-0.49279325	-3.4478695	4.367339	-28.42404075
-0.4780035	-3.389147	4.566386	-28.7173435
-0.46321375	-3.3304245	4.765433	-29.01064625
-0.448424	-3.271702	4.96448	-29.303949
-0.43358875	-3.21718175	5.1598635	-29.5837375
-0.4187535	-3.1626615	5.355247	-29.863526
-0.40391825	-3.10814125	5.5506305	-30.1433145
-0.389083	-3.053621	5.746014	-30.423103
-0.37467725	-3.00293625	5.9374555	-30.68938675
-0.3602715	-2.9522515	6.128897	-30.9556705
-0.34586575	-2.90156675	6.3203385	-31.22195425
-0.33146	-2.850882	6.51178	-31.488238
-0.31783425	-2.80369275	6.69909325	-31.74115525
-0.3042085	-2.7565035	6.8864065	-31.9940725
-0.29058275	-2.70931425	7.07371975	-32.24698975
-0.276957	-2.662125	7.261033	-32.499907
-0.26435575	-2.61811825	7.4441085	-32.73969875
-0.2517545	-2.5741115	7.627184	-32.9794905
-0.23915325	-2.53010475	7.8102595	-33.21928225
-0.226552	-2.486098	7.993335	-33.459074
-0.21513025	-2.44498725	8.172125	-33.68605825
-0.2037085	-2.4038765	8.350915	-33.9130425
-0.19228675	-2.36276575	8.529705	-34.14002675
-0.180865	-2.321655	8.708495	-34.367011
-0.17070475	-2.28317925	8.883002	-34.58156275
-0.1605445	-2.2447035	9.057509	-34.7961145
-0.15038425	-2.20622775	9.232016	-35.01066625
-0.140224	-2.167752	9.406523	-35.225218
-0.13134875	-2.13167375	9.57678725	-35.42774825
-0.1224735	-2.0955955	9.7470515	-35.6302785
-0.11359825	-2.05951725	9.91731575	-35.83280875
-0.104723	-2.023439	10.08758	-36.035339
-0.09711075	-1.98954425	10.25367	-36.226281
-0.0894985	-1.9556495	10.41976	-36.417223
-0.08188625	-1.92175475	10.58585	-36.608165
-0.074274	-1.88786	10.75194	-36.799107
-0.0678685	-1.855955	10.9139435	-36.97890175
-0.061463	-1.82405	11.075947	-37.1586965
-0.0550575	-1.792145	11.2379505	-37.33849125
-0.048652	-1.76024	11.399954	-37.518286
-0.043372	-1.73014975	11.557971	-37.6873725
-0.038092	-1.7000595	11.715988	-37.856459
-0.032812	-1.66996925	11.874005	-38.0255455
-0.027532	-1.639879	12.032022	-38.194632
-0.02328075	-1.611446	12.1861595	-38.353438
-0.0190295	-1.583013	12.340297	-38.512244
-0.01477825	-1.55458	12.4944345	-38.67105
-0.010527	-1.526147	12.648572	-38.829856
-0.00719775	-1.499229	12.79893775	-38.97879175
-0.0038685	-1.472311	12.9493035	-39.1277275
-0.00053925	-1.445393	13.09966925	-39.27666325
0.00279	-1.418475	13.250035	-39.425599
0.0053075	-1.39294325	13.39673425	-39.5650535
0.007825	-1.3674115	13.5434335	-39.704508
0.0103425	-1.34187975	13.69013275	-39.8439625
0.01286	-1.316348	13.836832	-39.983417
0.01467625	-1.2920855	13.9799655	-40.113753
0.0164925	-1.267823	14.123099	-40.244089
0.01830875	-1.2435605	14.2662325	-40.374425
0.020125	-1.219298	14.409366	-40.504761
0.021346	-1.196199	14.54902675	-40.62631475
0.022567	-1.1731	14.6886875	-40.7478685
0.023788	-1.150001	14.82834825	-40.86942225
0.025009	-1.126902	14.968009	-40.990976
0.02573575	-1.10486925	15.10428125	-41.10405575
0.0264625	-1.0828365	15.2405535	-41.2171355
0.02718925	-1.06080375	15.37682575	-41.33021525
0.027916	-1.038771	15.513098	-41.443295
0.028241	-1.017715	15.646056	-41.54818
0.028566	-0.996659	15.779014	-41.653065
0.028891	-0.975603	15.911972	-41.75795
0.029216	-0.954547	16.04493	-41.862835
0.029223	-0.93438575	16.174638	-41.9597775
0.02923	-0.9142245	16.304346	-42.05672
0.029237	-0.89406325	16.434054	-42.1536625
0.029244	-0.873902	16.563762	-42.250605
0.0290085	-0.85455825	16.69027425	-42.33983025
0.028773	-0.8352145	16.8167865	-42.4290555
0.0285375	-0.81587075	16.94329875	-42.51828075
0.028302	-0.796527	17.069811	-42.607506
0.0278895	-0.77792975	17.193171	-42.6892135
0.027477	-0.7593325	17.316531	-42.770921
0.0270645	-0.74073525	17.439891	-42.8526285
0.026652	-0.722138	17.563251	-42.934336
0.0261195	-0.7042195	17.6834925	-43.008702
0.025587	-0.686301	17.803734	-43.083068
0.0250545	-0.6683825	17.9239755	-43.157434
0.024522	-0.650464	18.044217	-43.2318
0.023918	-0.6331605	18.16136475	-43.298978
0.023314	-0.615857	18.2785125	-43.366156
0.02271	-0.5985535	18.39566025	-43.433334
0.022106	-0.58125	18.512808	-43.500512
0.02147075	-0.5645005	18.6268775	-43.5606355
0.0208355	-0.547751	18.740947	-43.620759
0.02020025	-0.5310015	18.8550165	-43.6808825
0.019565	-0.514252	18.969086	-43.741006
0.0189325	-0.49799875	19.0800845	-43.79418925
0.0183	-0.4817455	19.191083	-43.8473725
0.0176675	-0.46549225	19.3020815	-43.90055575
0.017035	-0.449239	19.41308	-43.953739
0.0164325	-0.43342575	19.5210075	-44.0000795
0.01583	-0.4176125	19.628935	-44.04642
0.0152275	-0.40179925	19.7368625	-44.0927605
0.014625	-0.385986	19.84479	-44.139101
0.01407425	-0.37055825	19.94963925	-44.17868025
0.0135235	-0.3551305	20.0544885	-44.2182595
0.01297275	-0.33970275	20.15933775	-44.25783875
0.012422	-0.324275	20.264187	-44.297418
0.01194025	-0.30918025	20.365944	-44.3303035
0.0114585	-0.2940855	20.467701	-44.363189
0.01097675	-0.27899075	20.569458	-44.3960745
0.010495	-0.263896	20.671215	-44.42896
0.0100955	-0.2490825	20.76986025	-44.455206
0.009696	-0.234269	20.8685055	-44.481452
0.0092965	-0.2194555	20.96715075	-44.507698
0.008897	-0.204642	21.065796	-44.533944
0.0085895	-0.19005875	21.1613035	-44.5535925
0.008282	-0.1754755	21.256811	-44.573241
0.0079745	-0.16089225	21.3523185	-44.5928895
0.007667	-0.146309	21.447826	-44.612538
0.0074585	-0.1319055	21.5401655	-44.6256205
0.00725	-0.117502	21.632505	-44.638703
0.0070415	-0.1030985	21.7248445	-44.6517855
0.006833	-0.088695	21.817184	-44.664868
0.00672775	-0.07442075	21.9063195	-44.671404
0.0066225	-0.0601465	21.995455	-44.67794
0.00651725	-0.04587225	22.0845905	-44.684476
0.006412	-0.031598	22.173726	-44.691012
0.006412	-0.017402	22.259616	-44.691012
0.006412	-0.003206	22.345506	-44.691012
0.006412	0.01099	22.431396	-44.691012
0.006412	0.025186	22.517286	-44.691012
0.00651725	0.039355	22.59988525	-44.684476
0.0066225	0.053524	22.6824845	-44.67794
0.00672775	0.067693	22.76508375	-44.671404
0.006833	0.081862	22.847683	-44.664868
0.0070415	0.096057	22.92694025	-44.6517855
0.00725	0.110252	23.0061975	-44.638703
0.0074585	0.124447	23.08545475	-44.6256205
0.007667	0.138642	23.164712	-44.612538
0.0079745	0.15291775	23.240571	-44.5928895
0.008282	0.1671935	23.31643	-44.573241
0.0085895	0.18146925	23.392289	-44.5535925
0.008897	0.195745	23.468148	-44.533944
0.0092965	0.210159	23.54054725	-44.507698
0.009696	0.224573	23.6129465	-44.481452
0.0100955	0.238987	23.68534575	-44.455206
0.010495	0.253401	23.757745	-44.42896
0.01097675	0.268014	23.8266165	-44.3960745
0.0114585	0.282627	23.895488	-44.363189
0.01194025	0.29724	23.9643595	-44.3303035
0.012422	0.311853	24.033231	-44.297418
0.01297275	0.32673	24.098501	-44.25783875
0.0135235	0.341607	24.163771	-44.2182595
0.01407425	0.356484	24.229041	-44.17868025
0.014625	0.371361	24.294311	-44.139101
0.0152275	0.38657175	24.355898	-44.0927605
0.01583	0.4017825	24.417485	-44.04642
0.0164325	0.41699325	24.479072	-44.0000795
0.017035	0.432204	24.540659	-43.953739
0.0176675	0.44782475	24.59847425	-43.90055575
0.0183	0.4634455	24.6562895	-43.8473725
0.0189325	0.47906625	24.71410475	-43.79418925
0.019565	0.494687	24.77192	-43.741006
0.02020025	0.51080125	24.825866	-43.6808825
0.0208355	0.5269155	24.879812	-43.620759
0.02147075	0.54302975	24.933758	-43.5606355
0.022106	0.559144	24.987704	-43.500512
0.02271	0.57584325	25.03767375	-43.433334
0.023314	0.5925425	25.0876435	-43.366156
0.023918	0.60924175	25.13761325	-43.298978
0.024522	0.625941	25.187583	-43.2318
0.0250545	0.64332725	25.2334585	-43.15743425
0.025587	0.6607135	25.279334	-43.0830685
0.0261195	0.67809975	25.3252095	-43.00870275
0.026652	0.695486	25.371085	-42.934337
0.0270645	0.71367075	25.4127375	-42.85262925
0.027477	0.7318555	25.45439	-42.7709215
0.0278895	0.75004025	25.4960425	-42.68921375
0.028302	0.768225	25.537695	-42.607506
0.0285375	0.787333	25.574982	-42.518281
0.028773	0.806441	25.612269	-42.429056
0.0290085	0.825549	25.649556	-42.339831
0.029244	0.844657	25.686843	-42.250606
0.029237	0.86482575	25.71960875	-42.1536635
0.02923	0.8849945	25.7523745	-42.056721
0.029223	0.90516325	25.78514025	-41.9597785
0.029216	0.925332	25.817906	-41.862836
0.028891	0.94671275	25.84597875	-41.75795075
0.028566	0.9680935	25.8740515	-41.6530655
0.028241	0.98947425	25.90212425	-41.54818025
0.027916	1.010855	25.930197	-41.443295
0.02718925	1.0336145	25.9533895	-41.3302155
0.0264625	1.056374	25.976582	-41.217136
0.02573575	1.0791335	25.9997745	-41.1040565
0.025009	1.101893	26.022967	-40.990977
0.023788	1.12621325	26.041074	-40.869423
0.022567	1.1505335	26.059181	-40.747869
0.021346	1.17485375	26.077288	-40.626315
0.020125	1.199174	26.095395	-40.504761
0.01830875	1.2252525	26.1081925	-40.374425
0.0164925	1.251331	26.12099	-40.244089
0.01467625	1.2774095	26.1337875	-40.113753
0.01286	1.303488	26.146585	-39.983417
0.0103425	1.33153725	26.15383	-39.84396275
0.007825	1.3595865	26.161075	-39.7045085
0.0053075	1.38763575	26.16832	-39.56505425
0.00279	1.415685	26.175565	-39.4256
-0.00053925	1.44593225	26.17699475	-39.276664
-0.0038685	1.4761795	26.1784245	-39.127728
-0.00719775	1.50642675	26.17985425	-38.978792
-0.010527	1.536674	26.181284	-38.829856
-0.01477825	1.56935825	26.1766155	-38.67105
-0.0190295	1.6020425	26.171947	-38.512244
-0.02328075	1.63472675	26.1672785	-38.353438
-0.027532	1.667411	26.16261	-38.194632
-0.032812	1.70278125	26.15154075	-38.0255455
-0.038092	1.7381515	26.1404715	-37.856459
-0.043372	1.77352175	26.12940225	-37.6873725
-0.048652	1.808892	26.118333	-37.518286
-0.0550575	1.84720275	26.1005415	-37.33849125
-0.061463	1.8855135	26.08275	-37.1586965
-0.0678685	1.92382425	26.0649585	-36.97890175
-0.074274	1.962135	26.047167	-36.799107
-0.08188625	2.00364175	26.022315	-36.608165
-0.0894985	2.0451485	25.997463	-36.417223
-0.09711075	2.08665525	25.972611	-36.226281
-0.104723	2.128162	25.947759	-36.035339
-0.11359825	2.17311525	25.915493	-35.8328085
-0.1224735	2.2180685	25.883227	-35.630278
-0.13134875	2.26302175	25.850961	-35.4277475
-0.140224	2.307975	25.818695	-35.225217
-0.15038425	2.35661125	25.77865025	-35.0106655
-0.1605445	2.4052475	25.7386055	-34.796114
-0.17070475	2.45388375	25.69856075	-34.5815625
-0.180865	2.50252	25.658516	-34.367011
-0.19228675	2.5550525	25.61032175	-34.1400265
-0.2037085	2.607585	25.5621275	-33.913042
-0.21513025	2.6601175	25.51393325	-33.6860575
-0.226552	2.71265	25.465739	-33.459073
-0.23915325	2.769258	25.40902275	-33.2192815
-0.2517545	2.825866	25.3523065	-32.97949
-0.26435575	2.882474	25.29559025	-32.7396985
-0.276957	2.939082	25.238874	-32.499907
-0.29058275	2.999897	25.17327	-32.24698975
-0.3042085	3.060712	25.107666	-31.9940725
-0.31783425	3.121527	25.042062	-31.74115525
-0.33146	3.182342	24.976458	-31.488238
-0.34586575	3.2474325	24.90161575	-31.22195425
-0.3602715	3.312523	24.8267735	-30.9556705
-0.37467725	3.3776135	24.75193125	-30.68938675
-0.389083	3.442704	24.677089	-30.423103
-0.40391825	3.5120595	24.59268375	-30.14331425
-0.4187535	3.581415	24.5082785	-29.8635255
-0.43358875	3.6507705	24.42387325	-29.58373675
-0.448424	3.720126	24.339468	-29.303948
-0.46321375	3.79363825	24.24521225	-29.01064525
-0.4780035	3.8671505	24.1509565	-28.7173425
-0.49279325	3.94066275	24.05670075	-28.42403975
-0.507583	4.014175	23.962445	-28.130737
-0.5217085	4.09161775	23.858103	-27.82407075
-0.535834	4.1690605	23.753761	-27.5174045
-0.5499595	4.24650325	23.649419	-27.21073825
-0.564085	4.323946	23.545077	-26.904072
-0.57676675	4.40495625	23.4304795	-26.584385
-0.5894485	4.4859665	23.315882	-26.264698
-0.60213025	4.56697675	23.2012845	-25.945011
-0.614812	4.647987	23.086687	-25.625324
-0.62509075	4.732042	22.96174775	-25.29318325
-0.6353695	4.816097	22.8368085	-24.9610425
-0.64564825	4.900152	22.71186925	-24.62890175
-0.655927	4.984207	22.58693	-24.296761
-0.6626485	5.0706065	22.45166425	-23.95299325
-0.66937	5.157006	22.3163985	-23.6092255
-0.6760915	5.2434055	22.18113275	-23.26545775
-0.682813	5.329805	22.045867	-22.92169
-0.684616	5.417651	21.90040925	-22.56741325
-0.686419	5.505497	21.7549515	-22.2131365
-0.688222	5.593343	21.60949375	-21.85885975
-0.690025	5.681189	21.464036	-21.504583
-0.68533375	5.76937025	21.30865875	-21.14123825
-0.6806425	5.8575515	21.1532815	-20.7778935
-0.67595125	5.94573275	20.99790425	-20.41454875
-0.67126	6.033914	20.842527	-20.051204
-0.658282	6.121096	20.677659	-19.68058
-0.645304	6.208278	20.512791	-19.309956
-0.632326	6.29546	20.347923	-18.939332
-0.619348	6.382642	20.183055	-18.568708
-0.59608175	6.46726025	20.00929675	-18.1929605
-0.5728155	6.5518785	19.8355385	-17.817213
-0.54954925	6.63649675	19.66178025	-17.4414655
-0.526283	6.721115	19.488022	-17.065718
-0.490536	6.80138	19.30615975	-16.6873775
-0.454789	6.881645	19.1242975	-16.309037
-0.419042	6.96191	18.94243525	-15.9306965
-0.383295	7.042175	18.760573	-15.552356
-0.3327145	7.11608525	18.571587	-15.17432425
-0.282134	7.1899955	18.382601	-14.7962925
-0.2315535	7.26390575	18.193615	-14.41826075
-0.180973	7.337816	18.004629	-14.040229
-0.1130935	7.4031865	17.8096975	-13.6657545
-0.045214	7.468557	17.614766	-13.29128
0.0226655	7.5339275	17.4198345	-12.9168055
0.090545	7.599298	17.224903	-12.542331
0.178236	7.65380525	17.0253955	-12.17496475
0.265927	7.7083125	16.825888	-11.8075985
0.353618	7.76281975	16.6263805	-11.44023225
0.441309	7.817327	16.426873	-11.072866
0.5512825	7.858574	16.2243345	-10.71638875
0.661256	7.899821	16.021796	-10.3599115
0.7712295	7.941068	15.8192575	-10.00343425
0.881203	7.982315	15.616719	-9.646957
1.01577425	8.0079185	15.41284125	-9.3052715
1.1503455	8.033522	15.2089635	-8.963586
1.28491675	8.0591255	15.00508575	-8.6219005
1.419488	8.084729	14.801208	-8.280215
1.580676	8.09243725	14.597781	-7.9572015
1.741864	8.1001455	14.394354	-7.634188
1.903052	8.10785375	14.190927	-7.3111745
2.06424	8.115562	13.9875	-6.988161
2.2535925	8.10340075	13.78634425	-6.6874805
2.442945	8.0912395	13.5851885	-6.3868
2.6322975	8.07907825	13.38403275	-6.0861195
2.82165	8.066917	13.182877	-5.785439
3.04003825	8.0333715	12.98573825	-5.51025625
3.2584265	7.999826	12.7885995	-5.2350735
3.47681475	7.9662805	12.59146075	-4.95989075
3.695203	7.932735	12.394322	-4.684708
3.9425785	7.876955	12.2027265	-4.437333
4.189954	7.821175	12.011131	-4.189958
4.4373295	7.765395	11.8195355	-3.942583
4.684705	7.709615	11.62794	-3.695208