4.684705	7.709615	11.62794	-3.695208
4.959888	7.631571	11.4430975	-3.47682025
5.235071	7.553527	11.258255	-3.2584325
5.510254	7.475483	11.0734125	-3.04004475
5.785437	7.397439	10.88857	-2.821657
6.086118	7.297914	10.711379	-2.632305
6.386799	7.198389	10.534188	-2.442953
6.68748	7.098864	10.356997	-2.253601
6.988161	6.999339	10.179806	-2.064249
7.3111745	6.8797525	10.01091025	-1.903062
7.634188	6.760166	9.8420145	-1.741875
7.9572015	6.6405795	9.67311875	-1.580688
8.280215	6.520993	9.504223	-1.419501
8.62190075	6.38318525	9.3440485	-1.2849305
8.9635865	6.2453775	9.183874	-1.15036
9.30527225	6.10756975	9.0236995	-1.0157895
9.646958	5.969762	8.863525	-0.881219
10.0034355	5.81582275	8.71230525	-0.7712465
10.359913	5.6618835	8.5610855	-0.661274
10.7163905	5.50794425	8.40986575	-0.5513015
11.072868	5.354005	8.258646	-0.441329
11.44023425	5.1861465	8.116448	-0.353639
11.8076005	5.018288	7.97425	-0.265949
12.17496675	4.8504295	7.832052	-0.178259
12.542333	4.682571	7.689854	-0.090569
12.9168075	4.503028	7.5566045	-0.02269075
13.291282	4.323485	7.423355	0.0451875
13.6657565	4.143942	7.2901055	0.11306575
14.040231	3.964399	7.156856	0.180944
14.41826275	3.77535325	7.032366	0.23152325
14.7962945	3.5863075	6.907876	0.2821025
15.17432625	3.39726175	6.783386	0.33268175
15.552358	3.208216	6.658896	0.383261
15.9306985	3.011738	6.54288475	0.419007
16.309039	2.81526	6.4268735	0.454753
16.6873795	2.618782	6.31086225	0.490499
17.06572	2.422304	6.194851	0.526245
17.44146775	2.2203145	6.086967	0.54951
17.8172155	2.018325	5.979083	0.572775
18.19296325	1.8163355	5.871199	0.59604
18.568711	1.614346	5.763315	0.619305
18.939335	1.40859	5.6631555	0.63228175
19.309959	1.202834	5.562996	0.6452585
19.680583	0.997078	5.4628365	0.65823525
20.051207	0.791322	5.362677	0.671212
20.4145515	0.5833545	5.26980475	0.67590225
20.777896	0.375387	5.1769325	0.6805925
21.1412405	0.1674195	5.08406025	0.68528275
21.504585	-0.040548	4.991188	0.689973
21.8588615	-0.24936675	4.90514575	0.68816925
22.213138	-0.4581855	4.8191035	0.6863655
22.5674145	-0.66700425	4.73306125	0.68456175
22.921691	-0.875823	4.647019	0.682758
23.26545875	-1.084325	4.56734125	0.676036
23.6092265	-1.292827	4.4876635	0.669314
23.95299425	-1.501329	4.40798575	0.662592
24.296762	-1.709831	4.328308	0.65587
24.62890275	-1.9170325	4.2545315	0.64559125
24.9610435	-2.124234	4.180755	0.6353125
25.29318425	-2.3314355	4.1069785	0.62503375
25.625325	-2.538637	4.033202	0.614755
25.945012	-2.7437265	3.9648735	0.60207375
26.264699	-2.948816	3.896545	0.5893925
26.584386	-3.1539055	3.8282165	0.57671125
26.904073	-3.358995	3.759888	0.56403
27.21073925	-3.56131925	3.69657	0.54990575
27.5174055	-3.7636435	3.633252	0.5357815
27.82407175	-3.96596775	3.569934	0.52165725
28.130738	-4.168292	3.506616	0.507533
28.42404075	-4.367339	3.4478925	0.4927455
28.7173435	-4.566386	3.389169	0.477958
29.01064625	-4.765433	3.3304455	0.4631705
29.303949	-4.96448	3.271722	0.448383
29.5837375	-5.1598635	3.21720025	0.433551
29.863526	-5.355247	3.1626785	0.418719
30.1433145	-5.5506305	3.10815675	0.403887
30.423103	-5.746014	3.053635	0.389055
30.68938675	-5.9374555	3.002948	0.37465375
30.9556705	-6.128897	2.952261	0.3602525
31.22195425	-6.3203385	2.901574	0.34585125
31.488238	-6.51178	2.850887	0.33145
31.74115525	-6.69909325	2.803695	0.3178305
31.9940725	-6.8864065	2.756503	0.304211
32.24698975	-7.07371975	2.709311	0.2905915
32.499907	-7.261033	2.662119	0.276972
32.73969875	-7.4441085	2.6181085	0.26437825
32.9794905	-7.627184	2.574098	0.2517845
33.21928225	-7.8102595	2.5300875	0.23919075
33.459074	-7.993335	2.486077	0.226597
33.68605825	-8.172125	2.4449615	0.215185
33.9130425	-8.350915	2.403846	0.203773
34.14002675	-8.529705	2.3627305	0.192361
34.367011	-8.708495	2.321615	0.180949
34.58156275	-8.88300225	2.2831335	0.1708005
34.7961145	-9.0575095	2.244652	0.160652
35.01066625	-9.23201675	2.2061705	0.1505035
35.225218	-9.406524	2.167689	0.140355
35.42774825	-9.57678825	2.13160425	0.13149375
35.6302785	-9.7470525	2.0955195	0.1226325
35.83280875	-9.91731675	2.05943475	0.11377125
36.035339	-10.087581	2.02335	0.10491
36.226281	-10.25367125	1.98944725	0.097314
36.417223	-10.4197615	1.9555445	0.089718
36.608165	-10.58585175	1.92164175	0.082122
36.799107	-10.751942	1.887739	0.074526
36.97890175	-10.9139455	1.85582475	0.06813925
37.1586965	-11.075949	1.8239105	0.0617525
37.33849125	-11.2379525	1.79199625	0.05536575
37.518286	-11.399956	1.760082	0.048979
37.6873725	-11.5579735	1.7299815	0.04372025
37.856459	-11.715991	1.699881	0.0384615
38.0255455	-11.8740085	1.6697805	0.03320275
38.194632	-12.032026	1.63968	0.027944
38.353438	-12.1861635	1.61123575	0.02371625
38.512244	-12.340301	1.5827915	0.0194885
38.67105	-12.4944385	1.55434725	0.01526075
38.829856	-12.648576	1.525903	0.011033
38.97879175	-12.798942	1.49897275	0.00772925
39.1277275	-12.949308	1.4720425	0.0044255
39.27666325	-13.099674	1.44511225	0.00112175
39.425599	-13.25004	1.418182	-0.002182
39.5650535	-13.3967395	1.392637	-0.00467275
39.704508	-13.543439	1.367092	-0.0071635
39.8439625	-13.6901385	1.341547	-0.00965425
39.983417	-13.836838	1.316002	-0.012145
40.113753	-13.97997175	1.291726	-0.01393325
40.244089	-14.1231055	1.26745	-0.0157215
40.374425	-14.26623925	1.243174	-0.01750975
40.504761	-14.409373	1.218898	-0.019298
40.62631475	-14.549034	1.1957855	-0.020491
40.7478685	-14.688695	1.172673	-0.021684
40.86942225	-14.828356	1.1495605	-0.022877
40.990976	-14.968017	1.126448	-0.02407
41.10405575	-15.1042895	1.104402	-0.02476975
41.2171355	-15.240562	1.082356	-0.0254695
41.33021525	-15.3768345	1.06031	-0.02616925
41.443295	-15.513107	1.038264	-0.026869
41.54818	-15.64606525	1.017196	-0.02716925
41.653065	-15.7790235	0.996128	-0.0274695
41.75795	-15.91198175	0.97506	-0.02776975
41.862835	-16.04494	0.953992	-0.02807
41.9597775	-16.17464825	0.9338205	-0.02805675
42.05672	-16.3043565	0.913649	-0.0280435
42.1536625	-16.43406475	0.8934775	-0.02803025
42.250605	-16.563773	0.873306	-0.028017
42.33983025	-16.6902855	0.8539555	-0.0277675
42.4290555	-16.816798	0.834605	-0.027518
42.51828075	-16.9433105	0.8152545	-0.0272685
42.607506	-17.069823	0.795904	-0.027019
42.6892135	-17.193183	0.77730375	-0.02660125
42.770921	-17.316543	0.7587035	-0.0261835
42.8526285	-17.439903	0.74010325	-0.02576575
42.934336	-17.563263	0.721503	-0.025348
43.008702	-17.68350475	0.70358725	-0.024822
43.083068	-17.8037465	0.6856715	-0.024296
43.157434	-17.92398825	0.66775575	-0.02377
43.2318	-18.04423	0.64984	-0.023244
43.298978	-18.1613775	0.6325465	-0.02266125
43.366156	-18.278525	0.615253	-0.0220785
43.433334	-18.3956725	0.5979595	-0.02149575
43.500512	-18.51282	0.580666	-0.020913
43.5606355	-18.626889	0.56393575	-0.020318
43.620759	-18.740958	0.5472055	-0.019723
43.6808825	-18.855027	0.53047525	-0.019128
43.741006	-18.969096	0.513745	-0.018533
43.79418925	-19.08009425	0.49752175	-0.0179635
43.8473725	-19.1910925	0.4812985	-0.017394
43.90055575	-19.30209075	0.46507525	-0.0168245
43.953739	-19.413089	0.448852	-0.016255
44.0000795	-19.52101575	0.433082	-0.01574275
44.04642	-19.6289425	0.417312	-0.0152305
44.0927605	-19.73686925	0.401542	-0.01471825
44.139101	-19.844796	0.385772	-0.014206
44.17868025	-19.94964425	0.370403	-0.01377725
44.2182595	-20.0544925	0.355034	-0.0133485
44.25783875	-20.15934075	0.339665	-0.01291975
44.297418	-20.264189	0.324296	-0.012491
44.3303035	-20.36594475	0.3092775	-0.012168
44.363189	-20.4677005	0.294259	-0.011845
44.3960745	-20.56945625	0.2792405	-0.011522
44.42896	-20.671212	0.264222	-0.011199
44.455206	-20.7698555	0.24950475	-0.0109995
44.481452	-20.868499	0.2347875	-0.0108
44.507698	-20.9671425	0.22007025	-0.0106005
44.533944	-21.065786	0.205353	-0.010401
44.5535925	-21.1612915	0.19088825	-0.010339
44.573241	-21.256797	0.1764235	-0.010277
44.5928895	-21.3523025	0.16195875	-0.010215
44.612538	-21.447808	0.147494	-0.010153
44.6256205	-21.540145	0.133233	-0.01023975
44.638703	-21.632482	0.118972	-0.0103265
44.6517855	-21.724819	0.104711	-0.01041325
44.664868	-21.817156	0.09045	-0.0105
44.671404	-21.90628825	0.07634375	-0.0107425
44.67794	-21.9954205	0.0622375	-0.010985
44.684476	-22.08455275	0.04813125	-0.0112275
44.691012	-22.173685	0.034025	-0.01147
44.691012	-22.25957175	0.020024	-0.01187275
44.691012	-22.3454585	0.006023	-0.0122755
44.691012	-22.43134525	-0.007978	-0.01267825
44.691012	-22.517232	-0.021979	-0.013081
44.684476	-22.599827	-0.0359265	-0.013644
44.67794	-22.682422	-0.049874	-0.014207
44.671404	-22.765017	-0.0638215	-0.01477
44.664868	-22.847612	-0.077769	-0.015333
44.6517855	-22.92686475	-0.0917165	-0.016052
44.638703	-23.0061175	-0.105664	-0.016771
44.6256205	-23.08537025	-0.1196115	-0.01749
44.612538	-23.164623	-0.133559	-0.018209
44.5928895	-23.240477	-0.14756375	-0.0190755
44.573241	-23.316331	-0.1615685	-0.019942
44.5535925	-23.392185	-0.17557325	-0.0208085
44.533944	-23.468039	-0.189578	-0.021675
44.507698	-23.54043275	-0.20370125	-0.02267375
44.481452	-23.6128265	-0.2178245	-0.0236725
44.455206	-23.68522025	-0.23194775	-0.02467125
44.42896	-23.757614	-0.246071	-0.02567
44.3960745	-23.82647975	-0.260379	-0.026779
44.363189	-23.8953455	-0.274687	-0.027888
44.3303035	-23.96421125	-0.288995	-0.028997
44.297418	-24.033077	-0.303303	-0.030106
44.25783875	-24.098341	-0.317869	-0.031295
44.2182595	-24.163605	-0.332435	-0.032484
44.17868025	-24.228869	-0.347001	-0.033673
44.139101	-24.294133	-0.361567	-0.034862
44.0927605	-24.355714	-0.37647175	-0.0360915
44.04642	-24.417295	-0.3913765	-0.037321
44.0000795	-24.478876	-0.40628125	-0.0385505
43.953739	-24.540457	-0.421186	-0.03978
43.90055575	-24.59826675	-0.43652	-0.04099875
43.8473725	-24.6560765	-0.451854	-0.0422175
43.79418925	-24.71388625	-0.467188	-0.04343625
43.741006	-24.771696	-0.482522	-0.044655
43.6808825	-24.82563675	-0.498386	-0.04579925
43.620759	-24.8795775	-0.51425	-0.0469435
43.5606355	-24.93351825	-0.530114	-0.04808775
43.500512	-24.987459	-0.545978	-0.049232
43.433334	-25.0374245	-0.56248525	-0.05022375
43.366156	-25.08739	-0.5789925	-0.0512155
43.298978	-25.1373555	-0.59549975	-0.05220725
43.2318	-25.187321	-0.612007	-0.053199
43.15743425	-25.23319375	-0.62928425	-0.05394475
43.0830685	-25.2790665	-0.6465615	-0.0546905
43.00870275	-25.32493925	-0.66383875	-0.05543625
42.934337	-25.370812	-0.681116	-0.056182
42.85262925	-25.41246325	-0.69930575	-0.0565715
42.7709215	-25.4541145	-0.7174955	-0.056961
42.68921375	-25.49576575	-0.73568525	-0.0573505
42.607506	-25.537417	-0.753875	-0.05774
42.518281	-25.5747055	-0.77313575	-0.05764475
42.429056	-25.611994	-0.7923965	-0.0575495
42.339831	-25.6492825	-0.81165725	-0.05745425
42.250606	-25.686571	-0.830918	-0.057359
42.15366325	-25.7193415	-0.85142625	-0.05663325
42.0567205	-25.752112	-0.8719345	-0.0559075
41.95977775	-25.7848825	-0.89244275	-0.05518175
41.862835	-25.817653	-0.912951	-0.054456
41.75795	-25.84573475	-0.93490175	-0.05293525
41.653065	-25.8738165	-0.9568525	-0.0514145
41.54818	-25.90189825	-0.97880325	-0.04989375
41.443295	-25.92998	-1.000754	-0.048373
41.3302155	-25.95318625	-1.0243605	-0.04587625
41.217136	-25.9763925	-1.047967	-0.0433795
41.1040565	-25.99959875	-1.0715735	-0.04088275
40.990977	-26.022805	-1.09518	-0.038386
40.869423	-26.0409315	-1.1206745	-0.03471775
40.747869	-26.059058	-1.146169	-0.0310495
40.626315	-26.0771845	-1.1716635	-0.02738125
40.504761	-26.095311	-1.197158	-0.023713
40.374425	-26.10813475	-1.22479	-0.01866525
40.244089	-26.1209585	-1.252422	-0.0136175
40.113753	-26.13378225	-1.280054	-0.00856975
39.983417	-26.146606	-1.307686	-0.003522
39.84396275	-26.1538855	-1.3377205	0.00311875
39.7045085	-26.161165	-1.367755	0.0097595
39.56505425	-26.1684445	-1.3977895	0.01640025
39.4256	-26.175724	-1.427824	0.023041
39.276664	-26.17719675	-1.46053925	0.03148925
39.127728	-26.1786695	-1.4932545	0.0399375
38.978792	-26.18014225	-1.52596975	0.04838575
38.829856	-26.181615	-1.558685	0.056834
38.67105	-26.1769995	-1.594366	0.06729525
38.512244	-26.172384	-1.630047	0.0777565
38.353438	-26.1677685	-1.665728	0.08821775
38.194632	-26.163153	-1.701409	0.098679
38.0255455	-26.15214725	-1.7403445	0.1113395
37.856459	-26.1411415	-1.77928	0.124
37.6873725	-26.13013575	-1.8182155	0.1366605
37.518286	-26.11913	-1.857151	0.149321
37.33849125	-26.10141325	-1.8996235	0.164334
37.1586965	-26.0836965	-1.942096	0.179347
36.97890175	-26.06597975	-1.9845685	0.19436
36.799107	-26.048263	-2.027041	0.209373
36.608165	-26.0234975	-2.0733185	0.226843
36.417223	-25.998732	-2.119596	0.244313
36.226281	-25.9739665	-2.1658735	0.261783
36.035339	-25.949201	-2.212151	0.279253
35.83280875	-25.917033	-2.2624745	0.299215
35.6302785	-25.884865	-2.312798	0.319177
35.42774825	-25.852697	-2.3631215	0.339139
35.225218	-25.820529	-2.413445	0.359101
35.01066625	-25.780594	-2.468015	0.3815005
34.7961145	-25.740659	-2.522585	0.4039
34.58156275	-25.700724	-2.577155	0.4262995
34.367011	-25.660789	-2.631725	0.448699
34.1400265	-25.61271425	-2.69068525	0.4733645
33.913042	-25.5646395	-2.7496455	0.49803
33.6860575	-25.51656475	-2.80860575	0.5226955
33.459073	-25.46849	-2.867566	0.547361
33.2192815	-25.41190175	-2.9309835	0.5739765
32.97949	-25.3553135	-2.994401	0.600592
32.7396985	-25.29872525	-3.0578185	0.6272075
32.499907	-25.242137	-3.121236	0.653823
32.24698975	-25.176667	-3.18908075	0.68189625
31.9940725	-25.111197	-3.2569255	0.7099695
31.74115525	-25.045727	-3.32477025	0.73804275
31.488238	-24.980257	-3.392615	0.766116
31.22195425	-24.905551	-3.46473625	0.794945
30.9556705	-24.830845	-3.5368575	0.823774
30.68938675	-24.756139	-3.60897875	0.852603
30.423103	-24.681433	-3.6811	0.881432
30.14331425	-24.59716075	-3.7572	0.91007025
29.8635255	-24.5128885	-3.8333	0.9387085
29.58373675	-24.42861625	-3.9094	0.96734675
29.303948	-24.344344	-3.9855	0.995985
29.01064525	-24.2502125	-4.06510775	1.023204
28.7173425	-24.156081	-4.1447155	1.050423
28.42403975	-24.0619495	-4.22432325	1.077642
28.130737	-23.967818	-4.303931	1.104861
27.82407075	-23.86358325	-4.38637325	1.129115
27.5174045	-23.7593485	-4.4688155	1.153369
27.21073825	-23.65511375	-4.55125775	1.177623
26.904072	-23.550879	-4.6337	1.201877
26.584385	-23.43636225	-4.7180745	1.22127
26.264698	-23.3218455	-4.802449	1.240663
25.945011	-23.20732875	-4.8868235	1.260056
25.625324	-23.092812	-4.971198	1.279449
25.29318325	-22.96791575	-5.0563455	1.29170325
24.9610425	-22.8430195	-5.141493	1.3039575
24.62890175	-22.71812325	-5.2266405	1.31621175
24.296761	-22.593227	-5.311788	1.328466
23.95299325	-22.457953	-5.39626925	1.330901
23.6092255	-22.322679	-5.4807505	1.333336
23.26545775	-22.187405	-5.56523175	1.335771
22.92169	-22.052131	-5.649713	1.338206
22.56741325	-21.90659875	-5.73178875	1.32772225
22.2131365	-21.7610665	-5.8138645	1.3172385
21.85885975	-21.61553425	-5.89594025	1.30675475
21.504583	-21.470002	-5.978016	1.296271
21.1412385	-21.3144665	-6.05563425	1.26935025
20.777894	-21.158931	-6.1332525	1.2424295
20.4145495	-21.0033955	-6.21087075	1.21550875
20.051205	-20.84786	-6.288489	1.188588
19.68058075	-20.68273075	-6.35928225	1.1413085
19.3099565	-20.5176015	-6.4300755	1.094029
18.93933225	-20.35247225	-6.50086875	1.0467495
18.568708	-20.187343	-6.571662	0.99947
18.1929605	-20.0132	-6.63295575	0.9275435
17.817213	-19.839057	-6.6942495	0.855617
17.4414655	-19.664914	-6.75554325	0.7836905
17.065718	-19.490771	-6.816837	0.711764
16.6873775	-19.30837825	-6.86567475	0.610599
16.309037	-19.1259855	-6.9145125	0.509434
15.9306965	-18.94359275	-6.96335025	0.408269
15.552356	-18.7612	-7.012188	0.307104
15.17432425	-18.5715155	-7.04537725	0.1719
14.7962925	-18.381831	-7.0785665	0.036696
14.41826075	-18.1921465	-7.11175575	-0.098508
14.040229	-18.002462	-7.144945	-0.233712
13.6657545	-17.80664025	-7.1591245	-0.40783175
13.29128	-17.6108185	-7.173304	-0.5819515
12.9168055	-17.41499675	-7.1874835	-0.75607125
12.542331	-17.219175	-7.201663	-0.930191
12.17496475	-17.018564	-7.1934015	-1.14800375
11.8075985	-16.817953	-7.18514	-1.3658165
11.44023225	-16.617342	-7.1768785	-1.58362925
11.072866	-16.416731	-7.168617	-1.801442
10.7163885	-16.2128555	-7.13454325	-2.06739975
10.359911	-16.00898	-7.1004695	-2.3333575
10.0034335	-15.8051045	-7.06639575	-2.59931525
9.646956	-15.601229	-7.032322	-2.865273
9.30527075	-15.395764	-6.9692955	-3.183222
8.9635855	-15.190299	-6.906269	-3.501171
8.62190025	-14.984834	-6.8432425	-3.81912
8.280215	-14.779369	-6.780216	-4.137069
7.9572015	-14.5740925	-6.685538	-4.50990725
7.634188	-14.368816	-6.59086	-4.8827455
7.3111745	-14.1635395	-6.496182	-5.25558375
6.988161	-13.958263	-6.401504	-5.628422
6.68748025	-13.75499175	-6.27317925	-6.05769125
6.3867995	-13.5517205	-6.1448545	-6.4869605
6.08611875	-13.34844925	-6.01652975	-6.91622975
5.785438	-13.145178	-5.888205	-7.345499
5.51025525	-12.945662	-5.725254	-7.8309075
5.2350725	-12.746146	-5.562303	-8.316316
4.95988975	-12.54663	-5.399352	-8.8017245
4.684707	-12.347114	-5.236401	-9.287133
4.437332	-12.1528975	-5.03921275	-9.8260075
4.189957	-11.958681	-4.8420245	-10.364882
3.942582	-11.7644645	-4.64483625	-10.9037565
3.695207	-11.570248	-4.447648	-11.442631